1 0 1 0
19 1 1 0
50 2 1 0
62 3 1 0
0 4 1 0
15 5 1 0
48 6 4 0
17 7 1 0
4 8 0 1
4 7 0 1
63 7 1 0
4 8 0 1
13 7 3 0
4 8 0 1
14 8 1 0
16 9 1 0
2 10 1 0
42 11 4 0
46 12 1 0
4 13 0 1
46 12 1 0
4 13 0 1
44 12 2 0
56 13 1 0
4 14 0 1
43 13 4 0
32 14 1 0
4 15 0 1
4 14 0 1
31 14 1 0
30 15 2 0
69 16 1 0
68 17 1 0
65 18 2 0
66 19 1 0
63 20 1 0
4 21 0 1
23 19 2 0
4 20 0 1
4 20 0 1
74 16 1 0
32 17 1 0
4 18 0 1
4 14 0 1
41 12 1 0
10 13 3 0
4 14 0 1
12 14 11 0
11 15 1 0
39 16 2 0
38 17 2 0
40 18 1 0
69 19 1 0
68 20 1 0
66 21 1 0
63 22 1 0
4 23 0 1
75 18 1 0
73 19 3 0
74 20 1 0
32 21 1 0
4 22 0 1
4 20 0 1
76 20 1 0
26 21 1 0
9 22 1 0
21 23 1 0
22 24 1 0
20 25 1 0
35 26 1 0
25 27 1 0
7 28 1 0
24 29 1 0
55 30 1 0
57 31 1 0
5 32 1 0
47 33 1 0
70 34 1 0
71 35 1 0
52 36 1 0
53 37 1 0
54 38 1 0
72 39 5 0
4 40 0 1
18 40 1 0
32 41 1 0
4 42 0 1
4 40 0 1
8 40 1 0
26 41 1 0
9 42 1 0
21 43 1 0
22 44 1 0
20 45 1 0
35 46 1 0
25 47 1 0
7 48 1 0
24 49 1 0
55 50 1 0
57 51 1 0
5 52 1 0
47 53 1 0
70 54 1 0
71 55 1 0
52 56 1 0
27 57 3 0
6 58 1 0
32 59 1 0
4 60 0 1
4 58 0 1
32 58 1 0
4 59 0 1
4 40 0 1
4 17 0 1
11 15 1 0
3 16 1 0
58 17 1 0
61 18 1 0
28 19 2 0
59 20 1 0
45 21 6 0
64 22 1 0
51 23 3 0
32 24 1 0
4 25 0 1
4 24 0 1
51 24 1 0
32 25 1 0
4 26 0 1
4 22 0 1
32 22 1 0
4 23 0 1
4 22 0 1
8 22 1 0
26 23 1 0
9 24 1 0
21 25 1 0
22 26 1 0
20 27 1 0
35 28 1 0
25 29 1 0
7 30 1 0
24 31 1 0
55 32 1 0
57 33 1 0
5 34 1 0
47 35 1 0
70 36 1 0
71 37 1 0
52 38 1 0
53 39 1 0
54 40 1 0
37 41 1 0
4 42 0 1
4 22 0 1
4 20 0 1
11 15 1 0
39 16 2 0
38 17 2 0
40 18 1 0
69 19 1 0
67 20 1 0
49 21 1 0
36 22 1 0
4 23 0 1
75 18 1 0
73 19 3 0
74 20 1 0
32 21 1 0
4 22 0 1
4 20 0 1
76 20 1 0
26 21 1 0
9 22 1 0
21 23 1 0
22 24 1 0
20 25 1 0
35 26 1 0
25 27 1 0
7 28 1 0
24 29 1 0
55 30 1 0
57 31 1 0
5 32 1 0
47 33 1 0
70 34 1 0
71 35 1 0
52 36 1 0
53 37 1 0
54 38 5 0
64 39 1 0
51 40 1 0
32 41 1 0
4 42 0 1
4 39 0 1
32 39 1 0
4 40 0 1
4 39 0 1
4 39 0 1
4 17 0 1
11 15 1 0
3 16 1 0
58 17 1 0
61 18 1 0
28 19 2 0
59 20 1 0
45 21 6 0
64 22 1 0
51 23 3 0
32 24 1 0
4 25 0 1
4 24 0 1
51 24 1 0
32 25 1 0
4 26 0 1
4 22 0 1
32 22 1 0
4 23 0 1
4 22 0 1
8 22 1 0
26 23 1 0
9 24 1 0
21 25 1 0
22 26 1 0
20 27 1 0
35 28 1 0
25 29 1 0
7 30 1 0
24 31 1 0
55 32 1 0
57 33 1 0
5 34 1 0
47 35 1 0
70 36 1 0
71 37 1 0
52 38 1 0
53 39 1 0
54 40 1 0
37 41 1 0
4 42 0 1
4 22 0 1
4 20 0 1
11 15 1 0
39 16 2 0
38 17 2 0
40 18 1 0
69 19 1 0
67 20 1 0
49 21 1 0
36 22 1 0
4 23 0 1
75 18 1 0
73 19 3 0
74 20 1 0
32 21 1 0
4 22 0 1
4 20 0 1
76 20 1 0
26 21 1 0
9 22 1 0
21 23 1 0
22 24 1 0
20 25 1 0
35 26 1 0
25 27 1 0
7 28 1 0
24 29 1 0
55 30 1 0
57 31 1 0
5 32 1 0
47 33 1 0
70 34 1 0
71 35 1 0
52 36 1 0
53 37 1 0
54 38 5 0
64 39 1 0
51 40 1 0
32 41 1 0
4 42 0 1
4 39 0 1
32 39 1 0
4 40 0 1
4 39 0 1
4 39 0 1
4 17 0 1
11 15 1 0
3 16 1 0
58 17 1 0
61 18 1 0
28 19 2 0
59 20 1 0
45 21 6 0
64 22 1 0
51 23 3 0
32 24 1 0
4 25 0 1
4 24 0 1
51 24 1 0
32 25 1 0
4 26 0 1
4 22 0 1
32 22 1 0
4 23 0 1
4 22 0 1
8 22 1 0
26 23 1 0
9 24 1 0
21 25 1 0
22 26 1 0
20 27 1 0
35 28 1 0
25 29 1 0
7 30 1 0
24 31 1 0
55 32 1 0
57 33 1 0
5 34 1 0
47 35 1 0
70 36 1 0
71 37 1 0
52 38 1 0
53 39 1 0
54 40 1 0
37 41 1 0
4 42 0 1
4 22 0 1
4 20 0 1
11 15 1 0
39 16 2 0
38 17 2 0
40 18 1 0
69 19 1 0
67 20 1 0
49 21 1 0
36 22 1 0
4 23 0 1
75 18 1 0
73 19 3 0
74 20 1 0
32 21 1 0
4 22 0 1
4 20 0 1
76 20 1 0
26 21 1 0
9 22 1 0
21 23 1 0
22 24 1 0
20 25 1 0
35 26 1 0
25 27 1 0
7 28 1 0
24 29 1 0
55 30 1 0
57 31 1 0
5 32 1 0
47 33 1 0
70 34 1 0
71 35 1 0
52 36 1 0
53 37 1 0
54 38 5 0
64 39 1 0
51 40 1 0
32 41 1 0
4 42 0 1
4 39 0 1
32 39 1 0
4 40 0 1
4 39 0 1
4 39 0 1
4 17 0 1
11 15 1 0
39 16 2 0
38 17 2 0
40 18 1 0
69 19 1 0
67 20 1 0
49 21 1 0
36 22 1 0
4 23 0 1
75 18 1 0
73 19 3 0
74 20 1 0
32 21 1 0
4 22 0 1
4 20 0 1
76 20 1 0
26 21 1 0
9 22 1 0
21 23 1 0
22 24 1 0
20 25 1 0
35 26 1 0
25 27 1 0
7 28 1 0
24 29 1 0
55 30 1 0
57 31 1 0
5 32 3 0
5 33 1 0
47 34 3 0
47 35 1 0
70 36 1 0
71 37 1 0
52 38 1 0
27 39 1 0
32 40 1 0
4 41 0 1
4 35 0 1
70 35 1 0
71 36 1 0
52 37 1 0
53 38 1 0
54 39 1 0
37 40 1 0
4 41 0 1
4 33 0 1
47 33 1 0
70 34 1 0
71 35 1 0
52 36 1 0
27 37 1 0
32 38 1 0
4 39 0 1
4 17 0 1
11 15 1 0
39 16 2 0
38 17 2 0
40 18 1 0
69 19 1 0
67 20 1 0
49 21 1 0
29 22 1 0
4 23 0 1
75 18 1 0
73 19 3 0
74 20 1 0
32 21 1 0
4 22 0 1
4 20 0 1
76 20 1 0
26 21 1 0
9 22 1 0
21 23 1 0
22 24 1 0
20 25 1 0
35 26 1 0
25 27 1 0
7 28 1 0
24 29 1 0
55 30 1 0
57 31 1 0
5 32 1 0
47 33 3 0
47 34 3 0
47 35 1 0
70 36 1 0
71 37 1 0
52 38 1 0
27 39 1 0
32 40 1 0
4 41 0 1
4 35 0 1
70 35 1 0
71 36 1 0
52 37 1 0
53 38 1 0
54 39 1 0
37 40 1 0
4 41 0 1
4 34 0 1
70 34 1 0
71 35 1 0
52 36 1 0
53 37 1 0
54 38 3 0
4 39 0 1
26 39 1 0
9 40 1 0
21 41 1 0
22 42 1 0
20 43 1 0
35 44 1 0
25 45 1 0
7 46 1 0
24 47 1 0
55 48 1 0
57 49 1 0
5 50 1 0
47 51 3 0
47 52 1 0
70 53 1 0
71 54 1 0
52 55 1 0
53 56 1 0
54 57 3 0
4 58 0 1
26 58 1 0
9 59 1 0
21 60 1 0
22 61 1 0
20 62 1 0
35 63 1 0
25 64 1 0
7 65 1 0
24 66 1 0
55 67 1 0
57 68 1 0
5 69 1 0
47 70 3 0
47 71 1 0
70 72 1 0
71 73 1 0
52 74 1 0
27 75 1 0
32 76 1 0
4 77 0 1
4 71 0 1
70 71 1 0
71 72 1 0
52 73 1 0
53 74 1 0
54 75 1 0
37 76 1 0
4 77 0 1
4 58 0 1
4 52 0 1
70 52 1 0
71 53 1 0
52 54 1 0
53 55 1 0
54 56 3 0
4 57 0 1
26 57 1 0
9 58 1 0
21 59 1 0
22 60 1 0
20 61 1 0
35 62 1 0
25 63 1 0
7 64 1 0
24 65 1 0
55 66 1 0
57 67 1 0
5 68 1 0
47 69 3 0
47 70 1 0
70 71 1 0
71 72 1 0
52 73 1 0
27 74 1 0
32 75 1 0
4 76 0 1
4 70 0 1
70 70 1 0
71 71 1 0
52 72 1 0
53 73 1 0
54 74 1 0
37 75 1 0
4 76 0 1
4 57 0 1
4 39 0 1
4 17 0 1
11 15 1 0
3 16 1 0
58 17 1 0
61 18 1 0
28 19 2 0
59 20 1 0
45 21 6 0
64 22 1 0
51 23 3 0
32 24 1 0
4 25 0 1
4 24 0 1
51 24 1 0
32 25 1 0
4 26 0 1
4 22 0 1
32 22 1 0
4 23 0 1
4 22 0 1
8 22 1 0
26 23 1 0
9 24 1 0
21 25 1 0
22 26 1 0
20 27 1 0
35 28 1 0
25 29 1 0
7 30 1 0
24 31 1 0
55 32 1 0
57 33 1 0
5 34 3 0
5 35 1 0
47 36 1 0
70 37 1 0
71 38 1 0
52 39 1 0
53 40 1 0
54 41 1 0
37 42 1 0
4 43 0 1
4 35 0 1
47 35 1 0
70 36 1 0
71 37 1 0
52 38 1 0
27 39 1 0
32 40 1 0
4 41 0 1
4 22 0 1
4 20 0 1
11 15 1 0
3 16 1 0
58 17 1 0
33 18 7 0
4 19 0 1
4 19 0 1
26 19 1 0
9 20 1 0
21 21 1 0
22 22 1 0
20 23 1 0
35 24 1 0
25 25 1 0
7 26 1 0
24 27 1 0
55 28 3 0
55 29 1 0
57 30 1 0
5 31 1 0
47 32 1 0
70 33 1 0
71 34 1 0
52 35 1 0
27 36 1 0
32 37 1 0
4 38 0 1
4 29 0 1
57 29 1 0
5 30 1 0
47 31 1 0
70 32 1 0
71 33 1 0
52 34 1 0
53 35 1 0
54 36 1 0
37 37 1 0
4 38 0 1
4 19 0 1
60 19 1 0
61 20 1 0
10 21 3 0
4 22 0 1
12 22 1 0
11 23 1 0
3 24 1 0
58 25 1 0
61 26 1 0
28 27 2 0
59 28 1 0
45 29 6 0
64 30 1 0
51 31 3 0
32 32 1 0
4 33 0 1
4 32 0 1
51 32 1 0
32 33 1 0
4 34 0 1
4 30 0 1
32 30 1 0
4 31 0 1
4 30 0 1
8 30 1 0
26 31 1 0
9 32 1 0
21 33 1 0
22 34 1 0
20 35 1 0
35 36 1 0
25 37 1 0
7 38 1 0
24 39 1 0
55 40 1 0
57 41 1 0
5 42 1 0
47 43 1 0
70 44 1 0
71 45 1 0
52 46 1 0
53 47 1 0
54 48 1 0
37 49 1 0
4 50 0 1
4 30 0 1
4 28 0 1
4 22 0 1
4 19 0 1
3 19 1 0
58 20 1 0
33 21 7 0
4 22 0 1
4 22 0 1
26 22 1 0
9 23 1 0
21 24 1 0
22 25 1 0
20 26 3 0
20 27 1 0
35 28 1 0
25 29 1 0
7 30 1 0
24 31 1 0
55 32 3 0
55 33 1 0
57 34 1 0
5 35 1 0
47 36 1 0
70 37 1 0
71 38 1 0
52 39 1 0
27 40 1 0
32 41 1 0
4 42 0 1
4 33 0 1
57 33 1 0
5 34 1 0
47 35 1 0
70 36 1 0
71 37 1 0
52 38 1 0
53 39 1 0
54 40 1 0
37 41 1 0
4 42 0 1
4 27 0 1
35 27 1 0
25 28 1 0
7 29 1 0
24 30 1 0
55 31 3 0
55 32 1 0
57 33 1 0
5 34 1 0
47 35 1 0
70 36 1 0
71 37 1 0
52 38 1 0
27 39 1 0
32 40 1 0
4 41 0 1
4 32 0 1
57 32 1 0
5 33 1 0
47 34 1 0
70 35 1 0
71 36 1 0
52 37 1 0
53 38 1 0
54 39 1 0
37 40 1 0
4 41 0 1
4 22 0 1
60 22 1 0
61 23 1 0
10 24 3 0
4 25 0 1
12 25 1 0
11 26 1 0
3 27 1 0
58 28 1 0
61 29 1 0
28 30 2 0
59 31 1 0
45 32 6 0
64 33 1 0
51 34 3 0
32 35 1 0
4 36 0 1
4 35 0 1
51 35 1 0
32 36 1 0
4 37 0 1
4 33 0 1
32 33 1 0
4 34 0 1
4 33 0 1
8 33 1 0
26 34 1 0
9 35 1 0
21 36 1 0
22 37 1 0
20 38 1 0
35 39 1 0
25 40 1 0
7 41 1 0
24 42 1 0
55 43 1 0
57 44 1 0
5 45 1 0
47 46 1 0
70 47 1 0
71 48 1 0
52 49 1 0
53 50 1 0
54 51 1 0
37 52 1 0
4 53 0 1
4 33 0 1
4 31 0 1
4 25 0 1
4 22 0 1
3 22 1 0
58 23 1 0
33 24 7 0
4 25 0 1
4 25 0 1
26 25 1 0
9 26 1 0
21 27 1 0
22 28 1 0
20 29 3 0
20 30 1 0
35 31 1 0
25 32 1 0
7 33 1 0
24 34 1 0
55 35 3 0
55 36 1 0
57 37 1 0
5 38 1 0
47 39 1 0
70 40 1 0
71 41 1 0
52 42 1 0
27 43 1 0
32 44 1 0
4 45 0 1
4 36 0 1
57 36 1 0
5 37 1 0
47 38 1 0
70 39 1 0
71 40 1 0
52 41 1 0
53 42 1 0
54 43 1 0
37 44 1 0
4 45 0 1
4 30 0 1
35 30 1 0
25 31 1 0
7 32 1 0
24 33 1 0
55 34 3 0
55 35 1 0
57 36 1 0
5 37 1 0
47 38 1 0
70 39 1 0
71 40 1 0
52 41 1 0
27 42 1 0
32 43 1 0
4 44 0 1
4 35 0 1
57 35 1 0
5 36 1 0
47 37 1 0
70 38 1 0
71 39 1 0
52 40 1 0
53 41 1 0
54 42 1 0
37 43 1 0
4 44 0 1
4 25 0 1
60 25 1 0
61 26 1 0
10 27 3 0
4 28 0 1
12 28 1 0
11 29 1 0
3 30 1 0
58 31 1 0
61 32 1 0
28 33 2 0
59 34 1 0
45 35 6 0
64 36 1 0
51 37 3 0
32 38 1 0
4 39 0 1
4 38 0 1
51 38 1 0
32 39 1 0
4 40 0 1
4 36 0 1
32 36 1 0
4 37 0 1
4 36 0 1
8 36 1 0
26 37 1 0
9 38 1 0
21 39 1 0
22 40 1 0
20 41 1 0
35 42 1 0
25 43 1 0
7 44 1 0
24 45 1 0
55 46 1 0
57 47 1 0
5 48 1 0
47 49 1 0
70 50 1 0
71 51 1 0
52 52 1 0
53 53 1 0
54 54 1 0
37 55 1 0
4 56 0 1
4 36 0 1
4 34 0 1
4 28 0 1
4 25 0 1
3 25 1 0
58 26 1 0
34 27 5 0
4 28 0 1
4 28 0 1
26 28 1 0
9 29 1 0
21 30 1 0
22 31 1 0
20 32 1 0
35 33 1 0
25 34 1 0
7 35 1 0
24 36 1 0
55 37 3 0
55 38 1 0
57 39 1 0
5 40 1 0
47 41 1 0
70 42 1 0
71 43 1 0
52 44 1 0
27 45 1 0
32 46 1 0
4 47 0 1
4 38 0 1
57 38 1 0
5 39 1 0
47 40 1 0
70 41 1 0
71 42 1 0
52 43 1 0
53 44 1 0
54 45 1 0
37 46 1 0
4 47 0 1
4 28 0 1
3 28 1 0
58 29 1 0
61 30 1 0
10 31 3 0
4 32 0 1
12 32 1 0
11 33 1 0
3 34 1 0
58 35 1 0
61 36 1 0
28 37 2 0
59 38 1 0
45 39 6 0
64 40 1 0
51 41 3 0
32 42 1 0
4 43 0 1
4 42 0 1
51 42 1 0
32 43 1 0
4 44 0 1
4 40 0 1
32 40 1 0
4 41 0 1
4 40 0 1
8 40 1 0
26 41 1 0
9 42 1 0
21 43 1 0
22 44 1 0
20 45 1 0
35 46 1 0
25 47 1 0
7 48 1 0
24 49 1 0
55 50 1 0
57 51 1 0
5 52 1 0
47 53 1 0
70 54 1 0
71 55 1 0
52 56 1 0
53 57 1 0
54 58 1 0
37 59 1 0
4 60 0 1
4 40 0 1
4 38 0 1
4 32 0 1
4 14 0 1
4 8 0 1
