1 124 0 1 0
21 96 1 1 0
51 96 2 1 0
63 109 3 1 0
0 124 4 1 0
17 109 5 1 0
49 109 6 4 0
19 108 7 1 0
4 38 8 0 1
4 21 7 0 1
64 37 7 1 0
4 29 8 0 1
15 123 7 3 0
4 31 8 0 1
16 110 8 1 0
18 110 9 1 0
2 124 10 1 0
43 110 11 4 0
47 108 12 1 0
4 38 13 0 1
47 114 12 1 0
4 43 13 0 1
45 116 12 2 0
57 115 13 1 0
4 71 14 0 1
44 102 13 4 0
34 101 14 1 0
4 29 15 0 1
4 33 14 0 1
33 51 14 1 0
32 51 15 2 0
70 50 16 1 0
69 50 17 1 0
66 50 18 2 0
67 48 19 1 0
64 48 20 1 0
4 29 21 0 1
25 72 19 2 0
4 32 20 0 1
4 40 20 0 1
75 73 16 1 0
34 73 17 1 0
4 29 18 0 1
4 41 14 0 1
42 122 12 1 0
12 122 13 3 0
4 31 14 0 1
14 47 14 12 0
13 46 15 1 0
40 46 16 2 0
39 45 17 2 0
41 44 18 1 0
70 44 19 1 0
69 44 20 1 0
67 44 21 1 0
64 44 22 1 0
4 29 23 0 1
76 113 18 1 0
74 113 19 3 0
75 111 20 1 0
34 111 21 1 0
4 29 22 0 1
4 20 20 0 1
77 103 20 1 0
28 103 21 1 0
10 103 22 1 0
23 103 23 1 0
24 103 24 1 0
22 103 25 1 0
36 103 26 1 0
27 103 27 1 0
7 103 28 1 0
26 103 29 1 0
56 103 30 1 0
58 103 31 1 0
5 103 32 1 0
48 103 33 1 0
71 103 34 1 0
72 103 35 1 0
53 103 36 1 0
54 103 37 1 0
55 103 38 1 0
73 103 39 5 0
4 36 40 0 1
20 44 40 1 0
34 44 41 1 0
4 29 42 0 1
4 33 40 0 1
8 53 40 1 0
28 53 41 1 0
10 53 42 1 0
23 53 43 1 0
24 53 44 1 0
22 53 45 1 0
36 53 46 1 0
27 53 47 1 0
7 53 48 1 0
26 53 49 1 0
56 53 50 1 0
58 53 51 1 0
5 53 52 1 0
48 53 53 1 0
71 53 54 1 0
72 53 55 1 0
53 53 56 1 0
29 53 57 3 0
6 52 58 1 0
34 52 59 1 0
4 29 60 0 1
4 24 58 0 1
34 97 58 1 0
4 29 59 0 1
4 41 40 0 1
4 42 17 0 1
13 82 15 1 0
40 82 16 2 0
39 81 17 2 0
41 80 18 1 0
70 80 19 1 0
68 80 20 1 0
50 80 21 1 0
31 80 22 1 0
4 25 23 0 1
76 90 18 9 0
74 88 19 1 0
75 88 20 1 0
34 88 21 1 0
4 29 22 0 1
4 22 19 0 1
74 117 19 1 0
75 117 20 1 0
34 117 21 1 0
4 29 22 0 1
4 22 19 0 1
74 83 19 1 0
75 83 20 1 0
34 83 21 1 0
4 29 22 0 1
4 22 19 0 1
74 98 19 1 0
75 98 20 1 0
34 98 21 1 0
4 29 22 0 1
4 22 19 0 1
74 74 19 1 0
75 74 20 1 0
34 74 21 1 0
4 29 22 0 1
4 42 17 0 1
13 60 15 1 0
3 60 16 1 0
59 60 17 1 0
62 60 18 1 0
30 60 19 2 0
60 59 20 1 0
46 59 21 6 0
65 54 22 1 0
52 54 23 3 0
34 52 24 1 0
4 29 25 0 1
4 24 24 0 1
52 105 24 1 0
34 105 25 1 0
4 29 26 0 1
4 24 22 0 1
34 106 22 1 0
4 29 23 0 1
4 33 22 0 1
8 4 22 1 0
28 4 23 1 0
10 4 24 1 0
23 4 25 1 0
24 4 26 1 0
22 4 27 1 0
36 4 28 1 0
27 4 29 1 0
7 4 30 1 0
26 4 31 1 0
56 4 32 1 0
58 4 33 1 0
5 4 34 1 0
48 4 35 1 0
71 4 36 1 0
72 4 37 1 0
53 4 38 1 0
54 4 39 1 0
55 4 40 1 0
38 4 41 1 0
4 49 42 0 1
4 41 22 0 1
4 42 20 0 1
13 121 15 1 0
3 121 16 1 0
59 121 17 1 0
62 121 18 1 0
30 121 19 2 0
60 120 20 1 0
9 120 21 3 0
37 117 22 1 0
29 117 23 1 0
34 117 24 1 0
4 29 25 0 1
11 18 22 1 0
4 20 23 0 1
28 112 22 1 0
10 112 23 1 0
23 112 24 1 0
24 112 25 1 0
22 112 26 1 0
36 112 27 1 0
27 112 28 1 0
7 112 29 1 0
26 112 30 1 0
56 112 31 1 0
58 112 32 1 0
5 112 33 1 0
48 112 34 1 0
71 112 35 1 0
72 112 36 1 0
53 112 37 1 0
54 112 38 1 0
55 112 39 5 0
65 111 40 1 0
52 111 41 1 0
34 111 42 1 0
4 29 43 0 1
4 24 40 0 1
34 104 40 1 0
4 29 41 0 1
4 33 40 0 1
4 41 40 0 1
4 42 20 0 1
13 56 15 1 0
3 56 16 1 0
59 56 17 1 0
62 56 18 1 0
30 56 19 2 0
60 55 20 1 0
46 55 21 6 0
65 54 22 1 0
52 54 23 3 0
34 52 24 1 0
4 29 25 0 1
4 24 24 0 1
52 105 24 1 0
34 105 25 1 0
4 29 26 0 1
4 24 22 0 1
34 106 22 1 0
4 29 23 0 1
4 33 22 0 1
8 2 22 1 0
28 2 23 1 0
10 2 24 1 0
23 2 25 1 0
24 2 26 1 0
22 2 27 1 0
36 2 28 1 0
27 2 29 1 0
7 2 30 1 0
26 2 31 1 0
56 2 32 1 0
58 2 33 1 0
5 2 34 1 0
48 2 35 1 0
71 2 36 1 0
72 2 37 1 0
53 2 38 1 0
54 2 39 1 0
55 2 40 1 0
38 2 41 1 0
4 49 42 0 1
4 41 22 0 1
4 42 20 0 1
13 87 15 1 0
3 87 16 1 0
59 87 17 1 0
62 87 18 1 0
30 87 19 2 0
60 86 20 1 0
9 86 21 3 0
37 83 22 1 0
29 83 23 1 0
34 83 24 1 0
4 29 25 0 1
11 18 22 1 0
4 20 23 0 1
28 112 22 1 0
10 112 23 1 0
23 112 24 1 0
24 112 25 1 0
22 112 26 1 0
36 112 27 1 0
27 112 28 1 0
7 112 29 1 0
26 112 30 1 0
56 112 31 1 0
58 112 32 1 0
5 112 33 1 0
48 112 34 1 0
71 112 35 1 0
72 112 36 1 0
53 112 37 1 0
54 112 38 1 0
55 112 39 5 0
65 111 40 1 0
52 111 41 1 0
34 111 42 1 0
4 29 43 0 1
4 24 40 0 1
34 104 40 1 0
4 29 41 0 1
4 33 40 0 1
4 41 40 0 1
4 42 20 0 1
13 58 15 1 0
3 58 16 1 0
59 58 17 1 0
62 58 18 1 0
30 58 19 2 0
60 57 20 1 0
46 57 21 6 0
65 54 22 1 0
52 54 23 3 0
34 52 24 1 0
4 29 25 0 1
4 24 24 0 1
52 105 24 1 0
34 105 25 1 0
4 29 26 0 1
4 24 22 0 1
34 106 22 1 0
4 29 23 0 1
4 33 22 0 1
8 3 22 1 0
28 3 23 1 0
10 3 24 1 0
23 3 25 1 0
24 3 26 1 0
22 3 27 1 0
36 3 28 1 0
27 3 29 1 0
7 3 30 1 0
26 3 31 1 0
56 3 32 1 0
58 3 33 1 0
5 3 34 1 0
48 3 35 1 0
71 3 36 1 0
72 3 37 1 0
53 3 38 1 0
54 3 39 1 0
55 3 40 1 0
38 3 41 1 0
4 49 42 0 1
4 41 22 0 1
4 42 20 0 1
13 100 15 1 0
3 100 16 1 0
59 100 17 1 0
62 100 18 1 0
30 100 19 2 0
60 99 20 1 0
9 99 21 3 0
37 98 22 1 0
29 98 23 1 0
34 98 24 1 0
4 29 25 0 1
11 18 22 1 0
4 20 23 0 1
28 112 22 1 0
10 112 23 1 0
23 112 24 1 0
24 112 25 1 0
22 112 26 1 0
36 112 27 1 0
27 112 28 1 0
7 112 29 1 0
26 112 30 1 0
56 112 31 1 0
58 112 32 1 0
5 112 33 1 0
48 112 34 1 0
71 112 35 1 0
72 112 36 1 0
53 112 37 1 0
54 112 38 1 0
55 112 39 5 0
65 111 40 1 0
52 111 41 1 0
34 111 42 1 0
4 29 43 0 1
4 24 40 0 1
34 104 40 1 0
4 29 41 0 1
4 33 40 0 1
4 41 40 0 1
4 42 20 0 1
13 92 15 1 0
3 92 16 1 0
59 92 17 1 0
62 92 18 1 0
30 92 19 2 0
60 91 20 1 0
9 91 21 3 0
37 88 22 1 0
29 88 23 1 0
34 88 24 1 0
4 29 25 0 1
11 18 22 1 0
4 20 23 0 1
28 85 22 1 0
10 85 23 1 0
23 85 24 1 0
24 85 25 1 0
22 85 26 1 0
36 85 27 1 0
27 85 28 1 0
7 85 29 1 0
26 85 30 1 0
56 85 31 1 0
58 85 32 1 0
5 85 33 3 0
5 84 34 1 0
48 84 35 3 0
48 83 36 1 0
71 83 37 1 0
72 83 38 1 0
53 83 39 1 0
29 83 40 1 0
34 83 41 1 0
4 29 42 0 1
4 35 36 0 1
71 14 36 1 0
72 14 37 1 0
53 14 38 1 0
54 14 39 1 0
55 14 40 1 0
38 14 41 1 0
4 30 42 0 1
4 19 34 0 1
48 98 34 1 0
71 98 35 1 0
72 98 36 1 0
53 98 37 1 0
29 98 38 1 0
34 98 39 1 0
4 29 40 0 1
4 42 20 0 1
13 79 15 1 0
3 79 16 1 0
59 79 17 1 0
62 79 18 1 0
30 79 19 2 0
60 78 20 1 0
9 78 21 3 0
37 74 22 1 0
29 74 23 1 0
34 74 24 1 0
4 29 25 0 1
11 18 22 1 0
4 20 23 0 1
28 119 22 1 0
10 119 23 1 0
23 119 24 1 0
24 119 25 1 0
22 119 26 1 0
36 119 27 1 0
27 119 28 1 0
7 119 29 1 0
26 119 30 1 0
56 119 31 1 0
58 119 32 1 0
5 119 33 1 0
48 119 34 3 0
48 118 35 3 0
48 117 36 1 0
71 117 37 1 0
72 117 38 1 0
53 117 39 1 0
29 117 40 1 0
34 117 41 1 0
4 29 42 0 1
4 35 36 0 1
71 13 36 1 0
72 13 37 1 0
53 13 38 1 0
54 13 39 1 0
55 13 40 1 0
38 13 41 1 0
4 27 42 0 1
4 23 35 0 1
71 9 35 1 0
72 9 36 1 0
53 9 37 1 0
54 9 38 1 0
55 9 39 3 0
4 33 40 0 1
28 11 40 1 0
10 11 41 1 0
23 11 42 1 0
24 11 43 1 0
22 11 44 1 0
36 11 45 1 0
27 11 46 1 0
7 11 47 1 0
26 11 48 1 0
56 11 49 1 0
58 11 50 1 0
5 11 51 1 0
48 11 52 3 0
48 10 53 1 0
71 10 54 1 0
72 10 55 1 0
53 10 56 1 0
54 10 57 1 0
55 10 58 3 0
4 33 59 0 1
28 89 59 1 0
10 89 60 1 0
23 89 61 1 0
24 89 62 1 0
22 89 63 1 0
36 89 64 1 0
27 89 65 1 0
7 89 66 1 0
26 89 67 1 0
56 89 68 1 0
58 89 69 1 0
5 89 70 1 0
48 89 71 3 0
48 88 72 1 0
71 88 73 1 0
72 88 74 1 0
53 88 75 1 0
29 88 76 1 0
34 88 77 1 0
4 29 78 0 1
4 35 72 0 1
71 12 72 1 0
72 12 73 1 0
53 12 74 1 0
54 12 75 1 0
55 12 76 1 0
38 12 77 1 0
4 27 78 0 1
4 41 59 0 1
4 35 53 0 1
71 10 53 1 0
72 10 54 1 0
53 10 55 1 0
54 10 56 1 0
55 10 57 3 0
4 33 58 0 1
28 89 58 1 0
10 89 59 1 0
23 89 60 1 0
24 89 61 1 0
22 89 62 1 0
36 89 63 1 0
27 89 64 1 0
7 89 65 1 0
26 89 66 1 0
56 89 67 1 0
58 89 68 1 0
5 89 69 1 0
48 89 70 3 0
48 88 71 1 0
71 88 72 1 0
72 88 73 1 0
53 88 74 1 0
29 88 75 1 0
34 88 76 1 0
4 29 77 0 1
4 35 71 0 1
71 12 71 1 0
72 12 72 1 0
53 12 73 1 0
54 12 74 1 0
55 12 75 1 0
38 12 76 1 0
4 27 77 0 1
4 41 58 0 1
4 41 40 0 1
4 42 20 0 1
13 62 15 1 0
3 62 16 1 0
59 62 17 1 0
62 62 18 1 0
30 62 19 2 0
60 61 20 1 0
46 61 21 6 0
65 54 22 1 0
52 54 23 3 0
34 52 24 1 0
4 29 25 0 1
4 24 24 0 1
52 105 24 1 0
34 105 25 1 0
4 29 26 0 1
4 24 22 0 1
34 107 22 1 0
4 29 23 0 1
4 33 22 0 1
8 1 22 1 0
28 1 23 1 0
10 1 24 1 0
23 1 25 1 0
24 1 26 1 0
22 1 27 1 0
36 1 28 1 0
27 1 29 1 0
7 1 30 1 0
26 1 31 1 0
56 1 32 1 0
58 1 33 1 0
5 1 34 3 0
5 0 35 1 0
48 0 36 1 0
71 0 37 1 0
72 0 38 1 0
53 0 39 1 0
54 0 40 1 0
55 0 41 1 0
38 0 42 1 0
4 49 43 0 1
4 19 35 0 1
48 74 35 1 0
71 74 36 1 0
72 74 37 1 0
53 74 38 1 0
29 74 39 1 0
34 74 40 1 0
4 29 41 0 1
4 41 22 0 1
4 42 20 0 1
13 93 15 1 0
3 93 16 1 0
59 93 17 1 0
35 93 18 7 0
4 28 19 0 1
4 33 19 0 1
28 75 19 1 0
10 75 20 1 0
23 75 21 1 0
24 75 22 1 0
22 75 23 1 0
36 75 24 1 0
27 75 25 1 0
7 75 26 1 0
26 75 27 1 0
56 75 28 3 0
56 74 29 1 0
58 74 30 1 0
5 74 31 1 0
48 74 32 1 0
71 74 33 1 0
72 74 34 1 0
53 74 35 1 0
29 74 36 1 0
34 74 37 1 0
4 29 38 0 1
4 34 29 0 1
58 15 29 1 0
5 15 30 1 0
48 15 31 1 0
71 15 32 1 0
72 15 33 1 0
53 15 34 1 0
54 15 35 1 0
55 15 36 1 0
38 15 37 1 0
4 27 38 0 1
4 41 19 0 1
61 70 19 1 0
62 70 20 1 0
30 70 21 2 0
60 69 22 1 0
46 69 23 6 0
65 54 24 1 0
52 54 25 3 0
34 52 26 1 0
4 29 27 0 1
4 24 26 0 1
52 105 26 1 0
34 105 27 1 0
4 29 28 0 1
4 24 24 0 1
34 107 24 1 0
4 29 25 0 1
4 33 24 0 1
8 8 24 1 0
28 8 25 1 0
10 8 26 1 0
23 8 27 1 0
24 8 28 1 0
22 8 29 1 0
36 8 30 1 0
27 8 31 1 0
7 8 32 1 0
26 8 33 1 0
56 8 34 1 0
58 8 35 1 0
5 8 36 1 0
48 8 37 1 0
71 8 38 1 0
72 8 39 1 0
53 8 40 1 0
54 8 41 1 0
55 8 42 1 0
38 8 43 1 0
4 49 44 0 1
4 41 24 0 1
4 42 22 0 1
4 26 19 0 1
3 94 19 1 0
59 94 20 1 0
35 94 21 7 0
4 28 22 0 1
4 33 22 0 1
28 76 22 1 0
10 76 23 1 0
23 76 24 1 0
24 76 25 1 0
22 76 26 1 0
36 76 27 1 0
27 76 28 1 0
7 76 29 1 0
26 76 30 1 0
56 76 31 3 0
56 74 32 1 0
58 74 33 1 0
5 74 34 1 0
48 74 35 1 0
71 74 36 1 0
72 74 37 1 0
53 74 38 1 0
29 74 39 1 0
34 74 40 1 0
4 29 41 0 1
4 34 32 0 1
58 16 32 1 0
5 16 33 1 0
48 16 34 1 0
71 16 35 1 0
72 16 36 1 0
53 16 37 1 0
54 16 38 1 0
55 16 39 1 0
38 16 40 1 0
4 30 41 0 1
4 41 22 0 1
61 64 22 1 0
62 64 23 1 0
30 64 24 2 0
60 63 25 1 0
46 63 26 6 0
65 54 27 1 0
52 54 28 3 0
34 52 29 1 0
4 29 30 0 1
4 24 29 0 1
52 105 29 1 0
34 105 30 1 0
4 29 31 0 1
4 24 27 0 1
34 107 27 1 0
4 29 28 0 1
4 33 27 0 1
8 5 27 1 0
28 5 28 1 0
10 5 29 1 0
23 5 30 1 0
24 5 31 1 0
22 5 32 1 0
36 5 33 1 0
27 5 34 1 0
7 5 35 1 0
26 5 36 1 0
56 5 37 1 0
58 5 38 1 0
5 5 39 1 0
48 5 40 1 0
71 5 41 1 0
72 5 42 1 0
53 5 43 1 0
54 5 44 1 0
55 5 45 1 0
38 5 46 1 0
4 49 47 0 1
4 41 27 0 1
4 42 25 0 1
4 26 22 0 1
3 95 22 1 0
59 95 23 1 0
35 95 24 7 0
4 28 25 0 1
4 33 25 0 1
28 77 25 1 0
10 77 26 1 0
23 77 27 1 0
24 77 28 1 0
22 77 29 1 0
36 77 30 1 0
27 77 31 1 0
7 77 32 1 0
26 77 33 1 0
56 77 34 3 0
56 74 35 1 0
58 74 36 1 0
5 74 37 1 0
48 74 38 1 0
71 74 39 1 0
72 74 40 1 0
53 74 41 1 0
29 74 42 1 0
34 74 43 1 0
4 29 44 0 1
4 34 35 0 1
58 17 35 1 0
5 17 36 1 0
48 17 37 1 0
71 17 38 1 0
72 17 39 1 0
53 17 40 1 0
54 17 41 1 0
55 17 42 1 0
38 17 43 1 0
4 30 44 0 1
4 41 25 0 1
61 68 25 1 0
62 68 26 1 0
30 68 27 2 0
60 67 28 1 0
46 67 29 6 0
65 54 30 1 0
52 54 31 3 0
34 52 32 1 0
4 29 33 0 1
4 24 32 0 1
52 105 32 1 0
34 105 33 1 0
4 29 34 0 1
4 24 30 0 1
34 107 30 1 0
4 29 31 0 1
4 33 30 0 1
8 7 30 1 0
28 7 31 1 0
10 7 32 1 0
23 7 33 1 0
24 7 34 1 0
22 7 35 1 0
36 7 36 1 0
27 7 37 1 0
7 7 38 1 0
26 7 39 1 0
56 7 40 1 0
58 7 41 1 0
5 7 42 1 0
48 7 43 1 0
71 7 44 1 0
72 7 45 1 0
53 7 46 1 0
54 7 47 1 0
55 7 48 1 0
38 7 49 1 0
4 49 50 0 1
4 41 30 0 1
4 42 28 0 1
4 26 25 0 1
3 66 25 1 0
59 66 26 1 0
62 66 27 1 0
30 66 28 2 0
60 65 29 1 0
46 65 30 6 0
65 54 31 1 0
52 54 32 3 0
34 52 33 1 0
4 29 34 0 1
4 24 33 0 1
52 105 33 1 0
34 105 34 1 0
4 29 35 0 1
4 24 31 0 1
34 107 31 1 0
4 29 32 0 1
4 33 31 0 1
8 6 31 1 0
28 6 32 1 0
10 6 33 1 0
23 6 34 1 0
24 6 35 1 0
22 6 36 1 0
36 6 37 1 0
27 6 38 1 0
7 6 39 1 0
26 6 40 1 0
56 6 41 1 0
58 6 42 1 0
5 6 43 1 0
48 6 44 1 0
71 6 45 1 0
72 6 46 1 0
53 6 47 1 0
54 6 48 1 0
55 6 49 1 0
38 6 50 1 0
4 49 51 0 1
4 41 31 0 1
4 42 29 0 1
4 39 14 0 1
4 39 8 0 1
