1 134 0 1 0
19 104 1 1 0
48 104 2 1 0
60 116 3 1 0
0 134 4 1 0
15 116 5 1 0
46 116 6 4 0
17 115 7 1 0
4 37 8 0 1
4 21 7 0 1
61 70 7 1 0
4 29 8 0 1
13 133 7 3 0
4 31 8 0 1
14 117 8 1 0
16 117 9 1 0
2 134 10 1 0
40 117 11 4 0
44 115 12 1 0
4 37 13 0 1
44 121 12 1 0
4 42 13 0 1
42 123 12 2 0
54 122 13 1 0
4 71 14 0 1
41 109 13 4 0
32 108 14 1 0
4 29 15 0 1
4 33 14 0 1
31 50 14 1 0
30 50 15 2 0
67 49 16 1 0
66 49 17 1 0
63 49 18 2 0
64 47 19 1 0
61 47 20 1 0
4 29 21 0 1
23 72 19 2 0
4 32 20 0 1
4 39 20 0 1
72 73 16 1 0
32 73 17 1 0
4 29 18 0 1
4 40 14 0 1
39 128 12 1 0
10 128 13 3 0
4 31 14 0 1
12 46 14 11 0
11 45 15 1 0
37 45 16 2 0
36 44 17 2 0
38 43 18 1 0
67 43 19 1 0
66 43 20 1 0
64 43 21 1 0
61 43 22 1 0
4 29 23 0 1
73 120 18 1 0
71 120 19 3 0
72 118 20 1 0
32 118 21 1 0
4 29 22 0 1
4 20 20 0 1
74 110 20 1 0
26 110 21 1 0
9 110 22 1 0
21 110 23 1 0
22 110 24 1 0
20 110 25 1 0
34 110 26 1 0
25 110 27 1 0
7 110 28 1 0
24 110 29 1 0
53 110 30 1 0
55 110 31 1 0
5 110 32 1 0
45 110 33 1 0
68 110 34 1 0
69 110 35 1 0
50 110 36 1 0
51 110 37 1 0
52 110 38 1 0
70 110 39 5 0
4 36 40 0 1
18 43 40 1 0
32 43 41 1 0
4 29 42 0 1
4 33 40 0 1
8 52 40 1 0
26 52 41 1 0
9 52 42 1 0
21 52 43 1 0
22 52 44 1 0
20 52 45 1 0
34 52 46 1 0
25 52 47 1 0
7 52 48 1 0
24 52 49 1 0
53 52 50 1 0
55 52 51 1 0
5 52 52 1 0
45 52 53 1 0
68 52 54 1 0
69 52 55 1 0
50 52 56 1 0
27 52 57 3 0
6 51 58 1 0
32 51 59 1 0
4 29 60 0 1
4 23 58 0 1
32 105 58 1 0
4 29 59 0 1
4 40 40 0 1
4 41 17 0 1
11 59 15 1 0
3 59 16 1 0
56 59 17 1 0
59 59 18 1 0
28 59 19 2 0
57 58 20 1 0
43 58 21 6 0
62 53 22 1 0
49 53 23 3 0
32 51 24 1 0
4 29 25 0 1
4 23 24 0 1
49 112 24 1 0
32 112 25 1 0
4 29 26 0 1
4 23 22 0 1
32 113 22 1 0
4 29 23 0 1
4 33 22 0 1
8 4 22 1 0
26 4 23 1 0
9 4 24 1 0
21 4 25 1 0
22 4 26 1 0
20 4 27 1 0
34 4 28 1 0
25 4 29 1 0
7 4 30 1 0
24 4 31 1 0
53 4 32 1 0
55 4 33 1 0
5 4 34 1 0
45 4 35 1 0
68 4 36 1 0
69 4 37 1 0
50 4 38 1 0
51 4 39 1 0
52 4 40 1 0
35 4 41 1 0
4 48 42 0 1
4 40 22 0 1
4 41 20 0 1
11 93 15 1 0
37 93 16 2 0
36 92 17 2 0
38 83 18 1 0
67 83 19 1 0
65 83 20 1 0
47 83 21 1 0
29 83 22 1 0
4 24 23 0 1
73 127 18 1 0
71 127 19 3 0
72 124 20 1 0
32 124 21 1 0
4 29 22 0 1
4 20 20 0 1
74 119 20 1 0
26 119 21 1 0
9 119 22 1 0
21 119 23 1 0
22 119 24 1 0
20 119 25 1 0
34 119 26 1 0
25 119 27 1 0
7 119 28 1 0
24 119 29 1 0
53 119 30 1 0
55 119 31 1 0
5 119 32 1 0
45 119 33 1 0
68 119 34 1 0
69 119 35 1 0
50 119 36 1 0
51 119 37 1 0
52 119 38 5 0
62 118 39 1 0
49 118 40 1 0
32 118 41 1 0
4 29 42 0 1
4 23 39 0 1
32 111 39 1 0
4 29 40 0 1
4 33 39 0 1
4 40 39 0 1
4 41 17 0 1
11 55 15 1 0
3 55 16 1 0
56 55 17 1 0
59 55 18 1 0
28 55 19 2 0
57 54 20 1 0
43 54 21 6 0
62 53 22 1 0
49 53 23 3 0
32 51 24 1 0
4 29 25 0 1
4 23 24 0 1
49 112 24 1 0
32 112 25 1 0
4 29 26 0 1
4 23 22 0 1
32 113 22 1 0
4 29 23 0 1
4 33 22 0 1
8 2 22 1 0
26 2 23 1 0
9 2 24 1 0
21 2 25 1 0
22 2 26 1 0
20 2 27 1 0
34 2 28 1 0
25 2 29 1 0
7 2 30 1 0
24 2 31 1 0
53 2 32 1 0
55 2 33 1 0
5 2 34 1 0
45 2 35 1 0
68 2 36 1 0
69 2 37 1 0
50 2 38 1 0
51 2 39 1 0
52 2 40 1 0
35 2 41 1 0
4 48 42 0 1
4 40 22 0 1
4 41 20 0 1
11 87 15 1 0
37 87 16 2 0
36 86 17 2 0
38 83 18 1 0
67 83 19 1 0
65 83 20 1 0
47 83 21 1 0
29 83 22 1 0
4 24 23 0 1
73 97 18 1 0
71 97 19 3 0
72 94 20 1 0
32 94 21 1 0
4 29 22 0 1
4 20 20 0 1
74 119 20 1 0
26 119 21 1 0
9 119 22 1 0
21 119 23 1 0
22 119 24 1 0
20 119 25 1 0
34 119 26 1 0
25 119 27 1 0
7 119 28 1 0
24 119 29 1 0
53 119 30 1 0
55 119 31 1 0
5 119 32 1 0
45 119 33 1 0
68 119 34 1 0
69 119 35 1 0
50 119 36 1 0
51 119 37 1 0
52 119 38 5 0
62 118 39 1 0
49 118 40 1 0
32 118 41 1 0
4 29 42 0 1
4 23 39 0 1
32 111 39 1 0
4 29 40 0 1
4 33 39 0 1
4 40 39 0 1
4 41 17 0 1
11 57 15 1 0
3 57 16 1 0
56 57 17 1 0
59 57 18 1 0
28 57 19 2 0
57 56 20 1 0
43 56 21 6 0
62 53 22 1 0
49 53 23 3 0
32 51 24 1 0
4 29 25 0 1
4 23 24 0 1
49 112 24 1 0
32 112 25 1 0
4 29 26 0 1
4 23 22 0 1
32 113 22 1 0
4 29 23 0 1
4 33 22 0 1
8 3 22 1 0
26 3 23 1 0
9 3 24 1 0
21 3 25 1 0
22 3 26 1 0
20 3 27 1 0
34 3 28 1 0
25 3 29 1 0
7 3 30 1 0
24 3 31 1 0
53 3 32 1 0
55 3 33 1 0
5 3 34 1 0
45 3 35 1 0
68 3 36 1 0
69 3 37 1 0
50 3 38 1 0
51 3 39 1 0
52 3 40 1 0
35 3 41 1 0
4 48 42 0 1
4 40 22 0 1
4 41 20 0 1
11 91 15 1 0
37 91 16 2 0
36 90 17 2 0
38 83 18 1 0
67 83 19 1 0
65 83 20 1 0
47 83 21 1 0
29 83 22 1 0
4 24 23 0 1
73 107 18 1 0
71 107 19 3 0
72 106 20 1 0
32 106 21 1 0
4 29 22 0 1
4 20 20 0 1
74 119 20 1 0
26 119 21 1 0
9 119 22 1 0
21 119 23 1 0
22 119 24 1 0
20 119 25 1 0
34 119 26 1 0
25 119 27 1 0
7 119 28 1 0
24 119 29 1 0
53 119 30 1 0
55 119 31 1 0
5 119 32 1 0
45 119 33 1 0
68 119 34 1 0
69 119 35 1 0
50 119 36 1 0
51 119 37 1 0
52 119 38 5 0
62 118 39 1 0
49 118 40 1 0
32 118 41 1 0
4 29 42 0 1
4 23 39 0 1
32 111 39 1 0
4 29 40 0 1
4 33 39 0 1
4 40 39 0 1
4 41 17 0 1
11 89 15 1 0
37 89 16 2 0
36 88 17 2 0
38 83 18 1 0
67 83 19 1 0
65 83 20 1 0
47 83 21 1 0
29 83 22 1 0
4 24 23 0 1
73 100 18 1 0
71 100 19 3 0
72 98 20 1 0
32 98 21 1 0
4 29 22 0 1
4 20 20 0 1
74 96 20 1 0
26 96 21 1 0
9 96 22 1 0
21 96 23 1 0
22 96 24 1 0
20 96 25 1 0
34 96 26 1 0
25 96 27 1 0
7 96 28 1 0
24 96 29 1 0
53 96 30 1 0
55 96 31 1 0
5 96 32 3 0
5 95 33 1 0
45 95 34 3 0
45 94 35 1 0
68 94 36 1 0
69 94 37 1 0
50 94 38 1 0
27 94 39 1 0
32 94 40 1 0
4 29 41 0 1
4 35 35 0 1
68 14 35 1 0
69 14 36 1 0
50 14 37 1 0
51 14 38 1 0
52 14 39 1 0
35 14 40 1 0
4 30 41 0 1
4 18 33 0 1
45 106 33 1 0
68 106 34 1 0
69 106 35 1 0
50 106 36 1 0
27 106 37 1 0
32 106 38 1 0
4 29 39 0 1
4 41 17 0 1
11 85 15 1 0
37 85 16 2 0
36 84 17 2 0
38 83 18 1 0
67 83 19 1 0
65 83 20 1 0
47 83 21 1 0
29 83 22 1 0
4 24 23 0 1
73 78 18 1 0
71 78 19 3 0
72 74 20 1 0
32 74 21 1 0
4 29 22 0 1
4 20 20 0 1
74 126 20 1 0
26 126 21 1 0
9 126 22 1 0
21 126 23 1 0
22 126 24 1 0
20 126 25 1 0
34 126 26 1 0
25 126 27 1 0
7 126 28 1 0
24 126 29 1 0
53 126 30 1 0
55 126 31 1 0
5 126 32 1 0
45 126 33 3 0
45 125 34 3 0
45 124 35 1 0
68 124 36 1 0
69 124 37 1 0
50 124 38 1 0
27 124 39 1 0
32 124 40 1 0
4 29 41 0 1
4 35 35 0 1
68 13 35 1 0
69 13 36 1 0
50 13 37 1 0
51 13 38 1 0
52 13 39 1 0
35 13 40 1 0
4 26 41 0 1
4 22 34 0 1
68 9 34 1 0
69 9 35 1 0
50 9 36 1 0
51 9 37 1 0
52 9 38 3 0
4 33 39 0 1
26 11 39 1 0
9 11 40 1 0
21 11 41 1 0
22 11 42 1 0
20 11 43 1 0
34 11 44 1 0
25 11 45 1 0
7 11 46 1 0
24 11 47 1 0
53 11 48 1 0
55 11 49 1 0
5 11 50 1 0
45 11 51 3 0
45 10 52 1 0
68 10 53 1 0
69 10 54 1 0
50 10 55 1 0
51 10 56 1 0
52 10 57 3 0
4 33 58 0 1
26 99 58 1 0
9 99 59 1 0
21 99 60 1 0
22 99 61 1 0
20 99 62 1 0
34 99 63 1 0
25 99 64 1 0
7 99 65 1 0
24 99 66 1 0
53 99 67 1 0
55 99 68 1 0
5 99 69 1 0
45 99 70 3 0
45 98 71 1 0
68 98 72 1 0
69 98 73 1 0
50 98 74 1 0
27 98 75 1 0
32 98 76 1 0
4 29 77 0 1
4 35 71 0 1
68 12 71 1 0
69 12 72 1 0
50 12 73 1 0
51 12 74 1 0
52 12 75 1 0
35 12 76 1 0
4 26 77 0 1
4 40 58 0 1
4 35 52 0 1
68 10 52 1 0
69 10 53 1 0
50 10 54 1 0
51 10 55 1 0
52 10 56 3 0
4 33 57 0 1
26 99 57 1 0
9 99 58 1 0
21 99 59 1 0
22 99 60 1 0
20 99 61 1 0
34 99 62 1 0
25 99 63 1 0
7 99 64 1 0
24 99 65 1 0
53 99 66 1 0
55 99 67 1 0
5 99 68 1 0
45 99 69 3 0
45 98 70 1 0
68 98 71 1 0
69 98 72 1 0
50 98 73 1 0
27 98 74 1 0
32 98 75 1 0
4 29 76 0 1
4 35 70 0 1
68 12 70 1 0
69 12 71 1 0
50 12 72 1 0
51 12 73 1 0
52 12 74 1 0
35 12 75 1 0
4 26 76 0 1
4 40 57 0 1
4 40 39 0 1
4 41 17 0 1
11 61 15 1 0
3 61 16 1 0
56 61 17 1 0
59 61 18 1 0
28 61 19 2 0
57 60 20 1 0
43 60 21 6 0
62 53 22 1 0
49 53 23 3 0
32 51 24 1 0
4 29 25 0 1
4 23 24 0 1
49 112 24 1 0
32 112 25 1 0
4 29 26 0 1
4 23 22 0 1
32 114 22 1 0
4 29 23 0 1
4 33 22 0 1
8 1 22 1 0
26 1 23 1 0
9 1 24 1 0
21 1 25 1 0
22 1 26 1 0
20 1 27 1 0
34 1 28 1 0
25 1 29 1 0
7 1 30 1 0
24 1 31 1 0
53 1 32 1 0
55 1 33 1 0
5 1 34 3 0
5 0 35 1 0
45 0 36 1 0
68 0 37 1 0
69 0 38 1 0
50 0 39 1 0
51 0 40 1 0
52 0 41 1 0
35 0 42 1 0
4 48 43 0 1
4 18 35 0 1
45 74 35 1 0
68 74 36 1 0
69 74 37 1 0
50 74 38 1 0
27 74 39 1 0
32 74 40 1 0
4 29 41 0 1
4 40 22 0 1
4 41 20 0 1
11 101 15 1 0
3 101 16 1 0
56 101 17 1 0
33 101 18 7 0
4 28 19 0 1
4 33 19 0 1
26 75 19 1 0
9 75 20 1 0
21 75 21 1 0
22 75 22 1 0
20 75 23 1 0
34 75 24 1 0
25 75 25 1 0
7 75 26 1 0
24 75 27 1 0
53 75 28 3 0
53 74 29 1 0
55 74 30 1 0
5 74 31 1 0
45 74 32 1 0
68 74 33 1 0
69 74 34 1 0
50 74 35 1 0
27 74 36 1 0
32 74 37 1 0
4 29 38 0 1
4 34 29 0 1
55 15 29 1 0
5 15 30 1 0
45 15 31 1 0
68 15 32 1 0
69 15 33 1 0
50 15 34 1 0
51 15 35 1 0
52 15 36 1 0
35 15 37 1 0
4 26 38 0 1
4 40 19 0 1
58 131 19 1 0
59 131 20 1 0
10 131 21 3 0
4 31 22 0 1
12 67 22 1 0
11 67 23 1 0
3 67 24 1 0
56 67 25 1 0
59 67 26 1 0
28 67 27 2 0
57 66 28 1 0
43 66 29 6 0
62 53 30 1 0
49 53 31 3 0
32 51 32 1 0
4 29 33 0 1
4 23 32 0 1
49 112 32 1 0
32 112 33 1 0
4 29 34 0 1
4 23 30 0 1
32 114 30 1 0
4 29 31 0 1
4 33 30 0 1
8 7 30 1 0
26 7 31 1 0
9 7 32 1 0
21 7 33 1 0
22 7 34 1 0
20 7 35 1 0
34 7 36 1 0
25 7 37 1 0
7 7 38 1 0
24 7 39 1 0
53 7 40 1 0
55 7 41 1 0
5 7 42 1 0
45 7 43 1 0
68 7 44 1 0
69 7 45 1 0
50 7 46 1 0
51 7 47 1 0
52 7 48 1 0
35 7 49 1 0
4 48 50 0 1
4 40 30 0 1
4 41 28 0 1
4 38 22 0 1
4 25 19 0 1
3 102 19 1 0
56 102 20 1 0
33 102 21 7 0
4 28 22 0 1
4 33 22 0 1
26 80 22 1 0
9 80 23 1 0
21 80 24 1 0
22 80 25 1 0
20 80 26 3 0
20 79 27 1 0
34 79 28 1 0
25 79 29 1 0
7 79 30 1 0
24 79 31 1 0
53 79 32 3 0
53 74 33 1 0
55 74 34 1 0
5 74 35 1 0
45 74 36 1 0
68 74 37 1 0
69 74 38 1 0
50 74 39 1 0
27 74 40 1 0
32 74 41 1 0
4 29 42 0 1
4 27 33 0 1
55 15 33 1 0
5 15 34 1 0
45 15 35 1 0
68 15 36 1 0
69 15 37 1 0
50 15 38 1 0
51 15 39 1 0
52 15 40 1 0
35 15 41 1 0
4 26 42 0 1
4 19 27 0 1
34 76 27 1 0
25 76 28 1 0
7 76 29 1 0
24 76 30 1 0
53 76 31 3 0
53 74 32 1 0
55 74 33 1 0
5 74 34 1 0
45 74 35 1 0
68 74 36 1 0
69 74 37 1 0
50 74 38 1 0
27 74 39 1 0
32 74 40 1 0
4 29 41 0 1
4 34 32 0 1
55 16 32 1 0
5 16 33 1 0
45 16 34 1 0
68 16 35 1 0
69 16 36 1 0
50 16 37 1 0
51 16 38 1 0
52 16 39 1 0
35 16 40 1 0
4 30 41 0 1
4 40 22 0 1
58 129 22 1 0
59 129 23 1 0
10 129 24 3 0
4 31 25 0 1
12 63 25 1 0
11 63 26 1 0
3 63 27 1 0
56 63 28 1 0
59 63 29 1 0
28 63 30 2 0
57 62 31 1 0
43 62 32 6 0
62 53 33 1 0
49 53 34 3 0
32 51 35 1 0
4 29 36 0 1
4 23 35 0 1
49 112 35 1 0
32 112 36 1 0
4 29 37 0 1
4 23 33 0 1
32 114 33 1 0
4 29 34 0 1
4 33 33 0 1
8 5 33 1 0
26 5 34 1 0
9 5 35 1 0
21 5 36 1 0
22 5 37 1 0
20 5 38 1 0
34 5 39 1 0
25 5 40 1 0
7 5 41 1 0
24 5 42 1 0
53 5 43 1 0
55 5 44 1 0
5 5 45 1 0
45 5 46 1 0
68 5 47 1 0
69 5 48 1 0
50 5 49 1 0
51 5 50 1 0
52 5 51 1 0
35 5 52 1 0
4 48 53 0 1
4 40 33 0 1
4 41 31 0 1
4 38 25 0 1
4 25 22 0 1
3 103 22 1 0
56 103 23 1 0
33 103 24 7 0
4 28 25 0 1
4 33 25 0 1
26 82 25 1 0
9 82 26 1 0
21 82 27 1 0
22 82 28 1 0
20 82 29 3 0
20 81 30 1 0
34 81 31 1 0
25 81 32 1 0
7 81 33 1 0
24 81 34 1 0
53 81 35 3 0
53 74 36 1 0
55 74 37 1 0
5 74 38 1 0
45 74 39 1 0
68 74 40 1 0
69 74 41 1 0
50 74 42 1 0
27 74 43 1 0
32 74 44 1 0
4 29 45 0 1
4 27 36 0 1
55 16 36 1 0
5 16 37 1 0
45 16 38 1 0
68 16 39 1 0
69 16 40 1 0
50 16 41 1 0
51 16 42 1 0
52 16 43 1 0
35 16 44 1 0
4 30 45 0 1
4 19 30 0 1
34 77 30 1 0
25 77 31 1 0
7 77 32 1 0
24 77 33 1 0
53 77 34 3 0
53 74 35 1 0
55 74 36 1 0
5 74 37 1 0
45 74 38 1 0
68 74 39 1 0
69 74 40 1 0
50 74 41 1 0
27 74 42 1 0
32 74 43 1 0
4 29 44 0 1
4 34 35 0 1
55 17 35 1 0
5 17 36 1 0
45 17 37 1 0
68 17 38 1 0
69 17 39 1 0
50 17 40 1 0
51 17 41 1 0
52 17 42 1 0
35 17 43 1 0
4 30 44 0 1
4 40 25 0 1
58 130 25 1 0
59 130 26 1 0
10 130 27 3 0
4 31 28 0 1
12 65 28 1 0
11 65 29 1 0
3 65 30 1 0
56 65 31 1 0
59 65 32 1 0
28 65 33 2 0
57 64 34 1 0
43 64 35 6 0
62 53 36 1 0
49 53 37 3 0
32 51 38 1 0
4 29 39 0 1
4 23 38 0 1
49 112 38 1 0
32 112 39 1 0
4 29 40 0 1
4 23 36 0 1
32 114 36 1 0
4 29 37 0 1
4 33 36 0 1
8 6 36 1 0
26 6 37 1 0
9 6 38 1 0
21 6 39 1 0
22 6 40 1 0
20 6 41 1 0
34 6 42 1 0
25 6 43 1 0
7 6 44 1 0
24 6 45 1 0
53 6 46 1 0
55 6 47 1 0
5 6 48 1 0
45 6 49 1 0
68 6 50 1 0
69 6 51 1 0
50 6 52 1 0
51 6 53 1 0
52 6 54 1 0
35 6 55 1 0
4 48 56 0 1
4 40 36 0 1
4 41 34 0 1
4 38 28 0 1
4 25 25 0 1
3 132 25 1 0
56 132 26 1 0
59 132 27 1 0
10 132 28 3 0
4 31 29 0 1
12 69 29 1 0
11 69 30 1 0
3 69 31 1 0
56 69 32 1 0
59 69 33 1 0
28 69 34 2 0
57 68 35 1 0
43 68 36 6 0
62 53 37 1 0
49 53 38 3 0
32 51 39 1 0
4 29 40 0 1
4 23 39 0 1
49 112 39 1 0
32 112 40 1 0
4 29 41 0 1
4 23 37 0 1
32 114 37 1 0
4 29 38 0 1
4 33 37 0 1
8 8 37 1 0
26 8 38 1 0
9 8 39 1 0
21 8 40 1 0
22 8 41 1 0
20 8 42 1 0
34 8 43 1 0
25 8 44 1 0
7 8 45 1 0
24 8 46 1 0
53 8 47 1 0
55 8 48 1 0
5 8 49 1 0
45 8 50 1 0
68 8 51 1 0
69 8 52 1 0
50 8 53 1 0
51 8 54 1 0
52 8 55 1 0
35 8 56 1 0
4 48 57 0 1
4 40 37 0 1
4 41 35 0 1
4 38 29 0 1
4 38 14 0 1
4 38 8 0 1
