1 143 0 1 0
19 107 1 1 0
49 107 2 1 0
62 129 3 1 0
0 143 4 1 0
15 129 5 1 0
47 129 6 4 0
17 128 7 1 0
4 46 8 0 1
4 28 7 0 1
63 38 7 1 0
4 36 8 0 1
13 141 7 5 0
4 39 8 0 1
14 130 8 1 0
16 130 9 1 0
2 143 10 1 0
40 130 11 4 0
44 128 12 1 0
4 46 13 0 1
44 132 12 1 0
4 52 13 0 1
42 135 12 2 0
55 133 13 1 0
4 81 14 0 1
41 119 13 4 0
32 118 14 1 0
4 36 15 0 1
4 41 14 0 1
31 59 14 1 0
30 59 15 2 0
69 58 16 1 0
68 58 17 1 0
65 58 18 2 0
66 56 19 1 0
63 56 20 1 0
4 36 21 0 1
23 82 19 2 0
4 40 20 0 1
4 48 20 0 1
75 83 16 1 0
32 83 17 1 0
4 36 18 0 1
4 50 14 0 1
39 139 12 1 0
10 139 13 3 0
4 39 14 0 1
12 69 14 8 0
11 68 15 1 0
3 68 16 1 0
58 68 17 1 0
61 68 18 1 0
28 68 19 2 0
59 67 20 1 0
43 67 21 6 0
64 62 22 1 0
50 62 23 3 0
32 60 24 1 0
4 36 25 0 1
4 31 24 0 1
50 122 24 1 0
32 122 25 1 0
4 36 26 0 1
4 31 22 0 1
32 123 22 1 0
4 36 23 0 1
4 41 22 0 1
8 4 22 1 0
26 4 23 1 0
9 4 24 1 0
21 4 25 1 0
22 4 26 1 0
20 4 27 1 0
34 4 28 1 0
25 4 29 1 0
7 4 30 1 0
24 4 31 1 0
54 4 32 1 0
57 4 33 1 0
5 4 34 1 0
46 4 35 1 0
70 4 36 1 0
71 4 37 1 0
51 4 38 1 0
52 4 39 1 0
53 4 40 1 0
35 4 41 1 0
4 57 42 0 1
4 50 22 0 1
4 51 20 0 1
11 55 15 1 0
37 55 16 2 0
36 54 17 2 0
38 53 18 1 0
69 53 19 1 0
68 53 20 1 0
66 53 21 1 0
63 53 22 1 0
4 36 23 0 1
76 113 18 1 0
74 113 19 3 0
75 111 20 1 0
32 111 21 1 0
4 36 22 0 1
4 19 20 0 1
77 120 20 1 0
26 120 21 1 0
9 120 22 1 0
21 120 23 1 0
22 120 24 1 0
20 120 25 1 0
34 120 26 1 0
25 120 27 1 0
7 120 28 1 0
24 120 29 1 0
54 120 30 1 0
57 120 31 1 0
5 120 32 1 0
46 120 33 1 0
70 120 34 1 0
71 120 35 1 0
51 120 36 1 0
52 120 37 1 0
53 120 38 1 0
72 120 39 5 0
4 44 40 0 1
18 53 40 1 0
32 53 41 1 0
4 36 42 0 1
4 41 40 0 1
8 61 40 1 0
26 61 41 1 0
9 61 42 1 0
21 61 43 1 0
22 61 44 1 0
20 61 45 1 0
34 61 46 1 0
25 61 47 1 0
7 61 48 1 0
24 61 49 1 0
54 61 50 1 0
57 61 51 1 0
5 61 52 1 0
46 61 53 1 0
70 61 54 1 0
71 61 55 1 0
51 61 56 1 0
27 61 57 3 0
6 60 58 1 0
32 60 59 1 0
4 36 60 0 1
4 31 58 0 1
32 108 58 1 0
4 36 59 0 1
4 50 40 0 1
4 51 17 0 1
11 90 15 1 0
37 90 16 2 0
36 89 17 2 0
38 87 18 1 0
69 87 19 1 0
67 87 20 1 0
48 87 21 1 0
29 87 22 1 0
4 32 23 0 1
76 86 18 1 0
74 86 19 3 0
75 84 20 1 0
32 84 21 1 0
4 36 22 0 1
4 19 20 0 1
77 112 20 1 0
26 112 21 1 0
9 112 22 1 0
21 112 23 1 0
22 112 24 1 0
20 112 25 1 0
34 112 26 1 0
25 112 27 1 0
7 112 28 1 0
24 112 29 1 0
54 112 30 1 0
57 112 31 1 0
5 112 32 1 0
46 112 33 1 0
70 112 34 1 0
71 112 35 1 0
51 112 36 1 0
52 112 37 1 0
53 112 38 5 0
64 111 39 1 0
50 111 40 1 0
32 111 41 1 0
4 36 42 0 1
4 31 39 0 1
32 121 39 1 0
4 36 40 0 1
4 41 39 0 1
4 50 39 0 1
4 51 17 0 1
11 64 15 1 0
3 64 16 1 0
58 64 17 1 0
61 64 18 1 0
28 64 19 2 0
59 63 20 1 0
43 63 21 6 0
64 62 22 1 0
50 62 23 3 0
32 60 24 1 0
4 36 25 0 1
4 31 24 0 1
50 122 24 1 0
32 122 25 1 0
4 36 26 0 1
4 31 22 0 1
32 123 22 1 0
4 36 23 0 1
4 41 22 0 1
8 2 22 1 0
26 2 23 1 0
9 2 24 1 0
21 2 25 1 0
22 2 26 1 0
20 2 27 1 0
34 2 28 1 0
25 2 29 1 0
7 2 30 1 0
24 2 31 1 0
54 2 32 1 0
57 2 33 1 0
5 2 34 1 0
46 2 35 1 0
70 2 36 1 0
71 2 37 1 0
51 2 38 1 0
52 2 39 1 0
53 2 40 1 0
35 2 41 1 0
4 57 42 0 1
4 50 22 0 1
4 51 20 0 1
11 96 15 1 0
37 96 16 2 0
36 95 17 2 0
38 87 18 1 0
69 87 19 1 0
67 87 20 1 0
48 87 21 1 0
29 87 22 1 0
4 32 23 0 1
76 117 18 1 0
74 117 19 3 0
75 114 20 1 0
32 114 21 1 0
4 36 22 0 1
4 19 20 0 1
77 112 20 1 0
26 112 21 1 0
9 112 22 1 0
21 112 23 1 0
22 112 24 1 0
20 112 25 1 0
34 112 26 1 0
25 112 27 1 0
7 112 28 1 0
24 112 29 1 0
54 112 30 1 0
57 112 31 1 0
5 112 32 1 0
46 112 33 1 0
70 112 34 1 0
71 112 35 1 0
51 112 36 1 0
52 112 37 1 0
53 112 38 5 0
64 111 39 1 0
50 111 40 1 0
32 111 41 1 0
4 36 42 0 1
4 31 39 0 1
32 121 39 1 0
4 36 40 0 1
4 41 39 0 1
4 50 39 0 1
4 51 17 0 1
11 66 15 1 0
3 66 16 1 0
58 66 17 1 0
61 66 18 1 0
28 66 19 2 0
59 65 20 1 0
43 65 21 6 0
64 62 22 1 0
50 62 23 3 0
32 60 24 1 0
4 36 25 0 1
4 31 24 0 1
50 122 24 1 0
32 122 25 1 0
4 36 26 0 1
4 31 22 0 1
32 123 22 1 0
4 36 23 0 1
4 41 22 0 1
8 3 22 1 0
26 3 23 1 0
9 3 24 1 0
21 3 25 1 0
22 3 26 1 0
20 3 27 1 0
34 3 28 1 0
25 3 29 1 0
7 3 30 1 0
24 3 31 1 0
54 3 32 1 0
57 3 33 1 0
5 3 34 1 0
46 3 35 1 0
70 3 36 1 0
71 3 37 1 0
51 3 38 1 0
52 3 39 1 0
53 3 40 1 0
35 3 41 1 0
4 57 42 0 1
4 50 22 0 1
4 51 20 0 1
11 94 15 1 0
37 94 16 2 0
36 93 17 2 0
38 87 18 1 0
69 87 19 1 0
67 87 20 1 0
48 87 21 1 0
29 87 22 1 0
4 32 23 0 1
76 110 18 1 0
74 110 19 3 0
75 109 20 1 0
32 109 21 1 0
4 36 22 0 1
4 19 20 0 1
77 112 20 1 0
26 112 21 1 0
9 112 22 1 0
21 112 23 1 0
22 112 24 1 0
20 112 25 1 0
34 112 26 1 0
25 112 27 1 0
7 112 28 1 0
24 112 29 1 0
54 112 30 1 0
57 112 31 1 0
5 112 32 1 0
46 112 33 1 0
70 112 34 1 0
71 112 35 1 0
51 112 36 1 0
52 112 37 1 0
53 112 38 5 0
64 111 39 1 0
50 111 40 1 0
32 111 41 1 0
4 36 42 0 1
4 31 39 0 1
32 121 39 1 0
4 36 40 0 1
4 41 39 0 1
4 50 39 0 1
4 51 17 0 1
11 27 15 1 0
3 27 16 1 0
58 27 17 1 0
61 27 18 1 0
28 27 19 2 0
59 26 20 1 0
43 26 21 4 0
45 24 22 1 0
73 24 23 1 0
4 36 24 0 1
4 41 22 0 1
8 102 22 1 0
26 102 23 1 0
9 102 24 1 0
21 102 25 1 0
22 102 26 1 0
20 102 27 1 0
34 102 28 1 0
25 102 29 1 0
7 102 30 1 0
24 102 31 1 0
54 102 32 1 0
57 102 33 1 0
5 102 34 1 0
46 102 35 1 0
70 102 36 1 0
71 102 37 1 0
51 102 38 1 0
52 102 39 1 0
53 102 40 4 0
45 101 41 1 0
73 101 42 1 0
4 36 43 0 1
4 41 41 0 1
8 85 41 3 0
26 84 42 1 0
9 84 43 1 0
21 84 44 1 0
22 84 45 1 0
20 84 46 1 0
34 84 47 1 0
25 84 48 1 0
7 84 49 1 0
24 84 50 1 0
54 84 51 1 0
57 84 52 1 0
5 84 53 1 0
46 84 54 1 0
70 84 55 1 0
71 84 56 1 0
51 84 57 1 0
27 84 58 1 0
32 84 59 1 0
4 36 60 0 1
4 29 42 0 1
26 116 42 1 0
9 116 43 1 0
21 116 44 1 0
22 116 45 1 0
20 116 46 1 0
34 116 47 1 0
25 116 48 1 0
7 116 49 1 0
24 116 50 1 0
54 116 51 1 0
57 116 52 1 0
5 116 53 3 0
5 115 54 1 0
46 115 55 3 0
46 114 56 1 0
70 114 57 1 0
71 114 58 1 0
51 114 59 1 0
27 114 60 1 0
32 114 61 1 0
4 36 62 0 1
4 43 56 0 1
70 14 56 1 0
71 14 57 1 0
51 14 58 1 0
52 14 59 1 0
53 14 60 1 0
35 14 61 1 0
4 37 62 0 1
4 18 54 0 1
46 109 54 1 0
70 109 55 1 0
71 109 56 1 0
51 109 57 1 0
27 109 58 1 0
32 109 59 1 0
4 36 60 0 1
4 50 41 0 1
4 50 22 0 1
4 51 20 0 1
4 47 14 0 1
14 126 8 1 0
16 126 9 1 0
2 143 10 1 0
40 126 11 4 0
44 125 12 1 0
4 45 13 0 1
44 132 12 1 0
4 52 13 0 1
42 92 12 2 0
55 87 13 1 0
69 87 14 1 0
67 87 15 1 0
48 87 16 1 0
29 87 17 1 0
4 32 18 0 1
41 103 13 4 0
32 101 14 1 0
4 36 15 0 1
4 41 14 0 1
31 98 14 3 0
30 97 15 2 0
69 87 16 1 0
67 87 17 1 0
48 87 18 1 0
29 87 19 1 0
4 32 20 0 1
75 136 16 1 0
32 136 17 1 0
4 36 18 0 1
4 29 15 0 1
30 91 15 2 0
69 87 16 1 0
67 87 17 1 0
48 87 18 1 0
29 87 19 1 0
4 32 20 0 1
75 99 16 1 0
32 99 17 1 0
4 36 18 0 1
4 50 14 0 1
39 142 12 1 0
10 142 13 3 0
4 39 14 0 1
12 131 14 1 0
11 131 15 1 0
3 131 16 1 0
58 131 17 1 0
61 131 18 1 0
56 131 19 3 0
4 49 20 0 1
26 138 20 1 0
9 138 21 1 0
21 138 22 1 0
22 138 23 1 0
20 138 24 1 0
34 138 25 1 0
25 138 26 1 0
7 138 27 1 0
24 138 28 1 0
54 138 29 1 0
57 138 30 1 0
5 138 31 1 0
46 138 32 3 0
46 137 33 3 0
46 136 34 1 0
70 136 35 1 0
71 136 36 1 0
51 136 37 1 0
27 136 38 1 0
32 136 39 1 0
4 36 40 0 1
4 43 34 0 1
70 13 34 1 0
71 13 35 1 0
51 13 36 1 0
52 13 37 1 0
53 13 38 1 0
35 13 39 1 0
4 34 40 0 1
4 30 33 0 1
70 9 33 1 0
71 9 34 1 0
51 9 35 1 0
52 9 36 1 0
53 9 37 3 0
4 41 38 0 1
26 11 38 1 0
9 11 39 1 0
21 11 40 1 0
22 11 41 1 0
20 11 42 1 0
34 11 43 1 0
25 11 44 1 0
7 11 45 1 0
24 11 46 1 0
54 11 47 1 0
57 11 48 1 0
5 11 49 1 0
46 11 50 3 0
46 10 51 1 0
70 10 52 1 0
71 10 53 1 0
51 10 54 1 0
52 10 55 1 0
53 10 56 3 0
4 41 57 0 1
26 100 57 1 0
9 100 58 1 0
21 100 59 1 0
22 100 60 1 0
20 100 61 1 0
34 100 62 1 0
25 100 63 1 0
7 100 64 1 0
24 100 65 1 0
54 100 66 1 0
57 100 67 1 0
5 100 68 1 0
46 100 69 3 0
46 99 70 1 0
70 99 71 1 0
71 99 72 1 0
51 99 73 1 0
27 99 74 1 0
32 99 75 1 0
4 36 76 0 1
4 43 70 0 1
70 12 70 1 0
71 12 71 1 0
51 12 72 1 0
52 12 73 1 0
53 12 74 1 0
35 12 75 1 0
4 34 76 0 1
4 50 57 0 1
4 43 51 0 1
70 10 51 1 0
71 10 52 1 0
51 10 53 1 0
52 10 54 1 0
53 10 55 3 0
4 41 56 0 1
26 100 56 1 0
9 100 57 1 0
21 100 58 1 0
22 100 59 1 0
20 100 60 1 0
34 100 61 1 0
25 100 62 1 0
7 100 63 1 0
24 100 64 1 0
54 100 65 1 0
57 100 66 1 0
5 100 67 1 0
46 100 68 3 0
46 99 69 1 0
70 99 70 1 0
71 99 71 1 0
51 99 72 1 0
27 99 73 1 0
32 99 74 1 0
4 36 75 0 1
4 43 69 0 1
70 12 69 1 0
71 12 70 1 0
51 12 71 1 0
52 12 72 1 0
53 12 73 1 0
35 12 74 1 0
4 34 75 0 1
4 50 56 0 1
4 50 38 0 1
4 51 20 0 1
4 47 14 0 1
14 127 8 1 0
16 127 9 1 0
2 143 10 1 0
40 127 11 4 0
44 125 12 1 0
4 45 13 0 1
44 132 12 1 0
4 52 13 0 1
42 134 12 2 0
55 133 13 1 0
4 81 14 0 1
41 25 13 4 0
32 24 14 1 0
4 36 15 0 1
4 41 14 0 1
31 88 14 1 0
30 88 15 2 0
69 87 16 1 0
67 87 17 1 0
48 87 18 1 0
29 87 19 1 0
4 32 20 0 1
75 20 16 1 0
32 20 17 1 0
4 36 18 0 1
4 50 14 0 1
39 140 12 1 0
10 140 13 3 0
4 39 14 0 1
12 72 14 2 0
11 71 15 1 0
3 71 16 1 0
58 71 17 1 0
61 71 18 1 0
28 71 19 2 0
59 70 20 1 0
43 70 21 6 0
64 62 22 1 0
50 62 23 3 0
32 60 24 1 0
4 36 25 0 1
4 31 24 0 1
50 122 24 1 0
32 122 25 1 0
4 36 26 0 1
4 31 22 0 1
32 124 22 1 0
4 36 23 0 1
4 41 22 0 1
8 1 22 1 0
26 1 23 1 0
9 1 24 1 0
21 1 25 1 0
22 1 26 1 0
20 1 27 1 0
34 1 28 1 0
25 1 29 1 0
7 1 30 1 0
24 1 31 1 0
54 1 32 1 0
57 1 33 1 0
5 1 34 3 0
5 0 35 1 0
46 0 36 1 0
70 0 37 1 0
71 0 38 1 0
51 0 39 1 0
52 0 40 1 0
53 0 41 1 0
35 0 42 1 0
4 57 43 0 1
4 18 35 0 1
46 20 35 1 0
70 20 36 1 0
71 20 37 1 0
51 20 38 1 0
27 20 39 1 0
32 20 40 1 0
4 36 41 0 1
4 50 22 0 1
4 51 20 0 1
11 104 15 1 0
3 104 16 1 0
58 104 17 1 0
33 104 18 7 0
4 35 19 0 1
4 41 19 0 1
26 21 19 1 0
9 21 20 1 0
21 21 21 1 0
22 21 22 1 0
20 21 23 1 0
34 21 24 1 0
25 21 25 1 0
7 21 26 1 0
24 21 27 1 0
54 21 28 3 0
54 20 29 1 0
57 20 30 1 0
5 20 31 1 0
46 20 32 1 0
70 20 33 1 0
71 20 34 1 0
51 20 35 1 0
27 20 36 1 0
32 20 37 1 0
4 36 38 0 1
4 42 29 0 1
57 15 29 1 0
5 15 30 1 0
46 15 31 1 0
70 15 32 1 0
71 15 33 1 0
51 15 34 1 0
52 15 35 1 0
53 15 36 1 0
35 15 37 1 0
4 34 38 0 1
4 50 19 0 1
60 80 19 1 0
61 80 20 1 0
28 80 21 2 0
59 79 22 1 0
43 79 23 6 0
64 62 24 1 0
50 62 25 3 0
32 60 26 1 0
4 36 27 0 1
4 31 26 0 1
50 122 26 1 0
32 122 27 1 0
4 36 28 0 1
4 31 24 0 1
32 124 24 1 0
4 36 25 0 1
4 41 24 0 1
8 8 24 1 0
26 8 25 1 0
9 8 26 1 0
21 8 27 1 0
22 8 28 1 0
20 8 29 1 0
34 8 30 1 0
25 8 31 1 0
7 8 32 1 0
24 8 33 1 0
54 8 34 1 0
57 8 35 1 0
5 8 36 1 0
46 8 37 1 0
70 8 38 1 0
71 8 39 1 0
51 8 40 1 0
52 8 41 1 0
53 8 42 1 0
35 8 43 1 0
4 57 44 0 1
4 50 24 0 1
4 51 22 0 1
4 33 19 0 1
3 105 19 1 0
58 105 20 1 0
33 105 21 7 0
4 35 22 0 1
4 41 22 0 1
26 22 22 1 0
9 22 23 1 0
21 22 24 1 0
22 22 25 1 0
20 22 26 1 0
34 22 27 1 0
25 22 28 1 0
7 22 29 1 0
24 22 30 1 0
54 22 31 3 0
54 20 32 1 0
57 20 33 1 0
5 20 34 1 0
46 20 35 1 0
70 20 36 1 0
71 20 37 1 0
51 20 38 1 0
27 20 39 1 0
32 20 40 1 0
4 36 41 0 1
4 42 32 0 1
57 16 32 1 0
5 16 33 1 0
46 16 34 1 0
70 16 35 1 0
71 16 36 1 0
51 16 37 1 0
52 16 38 1 0
53 16 39 1 0
35 16 40 1 0
4 37 41 0 1
4 50 22 0 1
60 74 22 1 0
61 74 23 1 0
28 74 24 2 0
59 73 25 1 0
43 73 26 6 0
64 62 27 1 0
50 62 28 3 0
32 60 29 1 0
4 36 30 0 1
4 31 29 0 1
50 122 29 1 0
32 122 30 1 0
4 36 31 0 1
4 31 27 0 1
32 124 27 1 0
4 36 28 0 1
4 41 27 0 1
8 5 27 1 0
26 5 28 1 0
9 5 29 1 0
21 5 30 1 0
22 5 31 1 0
20 5 32 1 0
34 5 33 1 0
25 5 34 1 0
7 5 35 1 0
24 5 36 1 0
54 5 37 1 0
57 5 38 1 0
5 5 39 1 0
46 5 40 1 0
70 5 41 1 0
71 5 42 1 0
51 5 43 1 0
52 5 44 1 0
53 5 45 1 0
35 5 46 1 0
4 57 47 0 1
4 50 27 0 1
4 51 25 0 1
4 33 22 0 1
3 106 22 1 0
58 106 23 1 0
33 106 24 7 0
4 35 25 0 1
4 41 25 0 1
26 23 25 1 0
9 23 26 1 0
21 23 27 1 0
22 23 28 1 0
20 23 29 1 0
34 23 30 1 0
25 23 31 1 0
7 23 32 1 0
24 23 33 1 0
54 23 34 3 0
54 20 35 1 0
57 20 36 1 0
5 20 37 1 0
46 20 38 1 0
70 20 39 1 0
71 20 40 1 0
51 20 41 1 0
27 20 42 1 0
32 20 43 1 0
4 36 44 0 1
4 42 35 0 1
57 17 35 1 0
5 17 36 1 0
46 17 37 1 0
70 17 38 1 0
71 17 39 1 0
51 17 40 1 0
52 17 41 1 0
53 17 42 1 0
35 17 43 1 0
4 37 44 0 1
4 50 25 0 1
60 78 25 1 0
61 78 26 1 0
28 78 27 2 0
59 77 28 1 0
43 77 29 6 0
64 62 30 1 0
50 62 31 3 0
32 60 32 1 0
4 36 33 0 1
4 31 32 0 1
50 122 32 1 0
32 122 33 1 0
4 36 34 0 1
4 31 30 0 1
32 124 30 1 0
4 36 31 0 1
4 41 30 0 1
8 7 30 1 0
26 7 31 1 0
9 7 32 1 0
21 7 33 1 0
22 7 34 1 0
20 7 35 1 0
34 7 36 1 0
25 7 37 1 0
7 7 38 1 0
24 7 39 1 0
54 7 40 1 0
57 7 41 1 0
5 7 42 1 0
46 7 43 1 0
70 7 44 1 0
71 7 45 1 0
51 7 46 1 0
52 7 47 1 0
53 7 48 1 0
35 7 49 1 0
4 57 50 0 1
4 50 30 0 1
4 51 28 0 1
4 33 25 0 1
3 76 25 1 0
58 76 26 1 0
61 76 27 1 0
28 76 28 2 0
59 75 29 1 0
43 75 30 6 0
64 62 31 1 0
50 62 32 3 0
32 60 33 1 0
4 36 34 0 1
4 31 33 0 1
50 122 33 1 0
32 122 34 1 0
4 36 35 0 1
4 31 31 0 1
32 124 31 1 0
4 36 32 0 1
4 41 31 0 1
8 6 31 1 0
26 6 32 1 0
9 6 33 1 0
21 6 34 1 0
22 6 35 1 0
20 6 36 1 0
34 6 37 1 0
25 6 38 1 0
7 6 39 1 0
24 6 40 1 0
54 6 41 1 0
57 6 42 1 0
5 6 43 1 0
46 6 44 1 0
70 6 45 1 0
71 6 46 1 0
51 6 47 1 0
52 6 48 1 0
53 6 49 1 0
35 6 50 1 0
4 57 51 0 1
4 50 31 0 1
4 51 29 0 1
4 47 14 0 1
4 47 8 0 1
