1 151 0 1 0
19 108 1 1 0
49 108 2 1 0
62 130 3 1 0
0 151 4 1 0
15 130 5 1 0
47 130 6 4 0
17 129 7 1 0
4 44 8 0 1
4 26 7 0 1
63 37 7 1 0
4 35 8 0 1
13 150 7 5 0
4 38 8 0 1
14 131 8 1 0
16 131 9 1 0
2 151 10 1 0
40 131 11 4 0
44 129 12 1 0
4 44 13 0 1
44 133 12 1 0
4 50 13 0 1
42 139 12 2 0
55 137 13 1 0
4 79 14 0 1
41 120 13 4 0
32 119 14 1 0
4 35 15 0 1
4 40 14 0 1
31 57 14 1 0
30 57 15 2 0
69 56 16 1 0
68 56 17 1 0
65 56 18 2 0
66 54 19 1 0
63 54 20 1 0
4 35 21 0 1
23 80 19 2 0
4 39 20 0 1
4 46 20 0 1
75 81 16 1 0
32 81 17 1 0
4 35 18 0 1
4 48 14 0 1
39 143 12 1 0
10 143 13 3 0
4 38 14 0 1
12 67 14 8 0
11 66 15 1 0
3 66 16 1 0
58 66 17 1 0
61 66 18 1 0
28 66 19 2 0
59 65 20 1 0
43 65 21 6 0
64 60 22 1 0
50 60 23 3 0
32 58 24 1 0
4 35 25 0 1
4 29 24 0 1
50 123 24 1 0
32 123 25 1 0
4 35 26 0 1
4 29 22 0 1
32 124 22 1 0
4 35 23 0 1
4 40 22 0 1
8 4 22 1 0
26 4 23 1 0
9 4 24 1 0
21 4 25 1 0
22 4 26 1 0
20 4 27 1 0
34 4 28 1 0
25 4 29 1 0
7 4 30 1 0
24 4 31 1 0
54 4 32 1 0
57 4 33 1 0
5 4 34 1 0
46 4 35 1 0
70 4 36 1 0
71 4 37 1 0
51 4 38 1 0
52 4 39 1 0
53 4 40 1 0
35 4 41 1 0
4 55 42 0 1
4 48 22 0 1
4 49 20 0 1
11 53 15 1 0
37 53 16 2 0
36 52 17 2 0
38 51 18 1 0
69 51 19 1 0
68 51 20 1 0
66 51 21 1 0
63 51 22 1 0
4 35 23 0 1
76 114 18 1 0
74 114 19 3 0
75 112 20 1 0
32 112 21 1 0
4 35 22 0 1
4 17 20 0 1
77 121 20 1 0
26 121 21 1 0
9 121 22 1 0
21 121 23 1 0
22 121 24 1 0
20 121 25 1 0
34 121 26 1 0
25 121 27 1 0
7 121 28 1 0
24 121 29 1 0
54 121 30 1 0
57 121 31 1 0
5 121 32 1 0
46 121 33 1 0
70 121 34 1 0
71 121 35 1 0
51 121 36 1 0
52 121 37 1 0
53 121 38 1 0
72 121 39 5 0
4 42 40 0 1
18 51 40 1 0
32 51 41 1 0
4 35 42 0 1
4 40 40 0 1
8 59 40 1 0
26 59 41 1 0
9 59 42 1 0
21 59 43 1 0
22 59 44 1 0
20 59 45 1 0
34 59 46 1 0
25 59 47 1 0
7 59 48 1 0
24 59 49 1 0
54 59 50 1 0
57 59 51 1 0
5 59 52 1 0
46 59 53 1 0
70 59 54 1 0
71 59 55 1 0
51 59 56 1 0
27 59 57 3 0
6 58 58 1 0
32 58 59 1 0
4 35 60 0 1
4 29 58 0 1
32 109 58 1 0
4 35 59 0 1
4 48 40 0 1
4 49 17 0 1
11 88 15 1 0
37 88 16 2 0
36 87 17 2 0
38 85 18 1 0
69 85 19 1 0
67 85 20 1 0
48 85 21 1 0
29 85 22 1 0
4 30 23 0 1
76 84 18 1 0
74 84 19 3 0
75 82 20 1 0
32 82 21 1 0
4 35 22 0 1
4 17 20 0 1
77 113 20 1 0
26 113 21 1 0
9 113 22 1 0
21 113 23 1 0
22 113 24 1 0
20 113 25 1 0
34 113 26 1 0
25 113 27 1 0
7 113 28 1 0
24 113 29 1 0
54 113 30 1 0
57 113 31 1 0
5 113 32 1 0
46 113 33 1 0
70 113 34 1 0
71 113 35 1 0
51 113 36 1 0
52 113 37 1 0
53 113 38 5 0
64 112 39 1 0
50 112 40 1 0
32 112 41 1 0
4 35 42 0 1
4 29 39 0 1
32 122 39 1 0
4 35 40 0 1
4 40 39 0 1
4 48 39 0 1
4 49 17 0 1
11 62 15 1 0
3 62 16 1 0
58 62 17 1 0
61 62 18 1 0
28 62 19 2 0
59 61 20 1 0
43 61 21 6 0
64 60 22 1 0
50 60 23 3 0
32 58 24 1 0
4 35 25 0 1
4 29 24 0 1
50 123 24 1 0
32 123 25 1 0
4 35 26 0 1
4 29 22 0 1
32 124 22 1 0
4 35 23 0 1
4 40 22 0 1
8 2 22 1 0
26 2 23 1 0
9 2 24 1 0
21 2 25 1 0
22 2 26 1 0
20 2 27 1 0
34 2 28 1 0
25 2 29 1 0
7 2 30 1 0
24 2 31 1 0
54 2 32 1 0
57 2 33 1 0
5 2 34 1 0
46 2 35 1 0
70 2 36 1 0
71 2 37 1 0
51 2 38 1 0
52 2 39 1 0
53 2 40 1 0
35 2 41 1 0
4 55 42 0 1
4 48 22 0 1
4 49 20 0 1
11 94 15 1 0
37 94 16 2 0
36 93 17 2 0
38 85 18 1 0
69 85 19 1 0
67 85 20 1 0
48 85 21 1 0
29 85 22 1 0
4 30 23 0 1
76 118 18 1 0
74 118 19 3 0
75 115 20 1 0
32 115 21 1 0
4 35 22 0 1
4 17 20 0 1
77 113 20 1 0
26 113 21 1 0
9 113 22 1 0
21 113 23 1 0
22 113 24 1 0
20 113 25 1 0
34 113 26 1 0
25 113 27 1 0
7 113 28 1 0
24 113 29 1 0
54 113 30 1 0
57 113 31 1 0
5 113 32 1 0
46 113 33 1 0
70 113 34 1 0
71 113 35 1 0
51 113 36 1 0
52 113 37 1 0
53 113 38 5 0
64 112 39 1 0
50 112 40 1 0
32 112 41 1 0
4 35 42 0 1
4 29 39 0 1
32 122 39 1 0
4 35 40 0 1
4 40 39 0 1
4 48 39 0 1
4 49 17 0 1
11 64 15 1 0
3 64 16 1 0
58 64 17 1 0
61 64 18 1 0
28 64 19 2 0
59 63 20 1 0
43 63 21 6 0
64 60 22 1 0
50 60 23 3 0
32 58 24 1 0
4 35 25 0 1
4 29 24 0 1
50 123 24 1 0
32 123 25 1 0
4 35 26 0 1
4 29 22 0 1
32 124 22 1 0
4 35 23 0 1
4 40 22 0 1
8 3 22 1 0
26 3 23 1 0
9 3 24 1 0
21 3 25 1 0
22 3 26 1 0
20 3 27 1 0
34 3 28 1 0
25 3 29 1 0
7 3 30 1 0
24 3 31 1 0
54 3 32 1 0
57 3 33 1 0
5 3 34 1 0
46 3 35 1 0
70 3 36 1 0
71 3 37 1 0
51 3 38 1 0
52 3 39 1 0
53 3 40 1 0
35 3 41 1 0
4 55 42 0 1
4 48 22 0 1
4 49 20 0 1
11 92 15 1 0
37 92 16 2 0
36 91 17 2 0
38 85 18 1 0
69 85 19 1 0
67 85 20 1 0
48 85 21 1 0
29 85 22 1 0
4 30 23 0 1
76 111 18 1 0
74 111 19 3 0
75 110 20 1 0
32 110 21 1 0
4 35 22 0 1
4 17 20 0 1
77 113 20 1 0
26 113 21 1 0
9 113 22 1 0
21 113 23 1 0
22 113 24 1 0
20 113 25 1 0
34 113 26 1 0
25 113 27 1 0
7 113 28 1 0
24 113 29 1 0
54 113 30 1 0
57 113 31 1 0
5 113 32 1 0
46 113 33 1 0
70 113 34 1 0
71 113 35 1 0
51 113 36 1 0
52 113 37 1 0
53 113 38 5 0
64 112 39 1 0
50 112 40 1 0
32 112 41 1 0
4 35 42 0 1
4 29 39 0 1
32 122 39 1 0
4 35 40 0 1
4 40 39 0 1
4 48 39 0 1
4 49 17 0 1
11 25 15 1 0
3 25 16 1 0
58 25 17 1 0
61 25 18 1 0
28 25 19 2 0
59 24 20 1 0
43 24 21 4 0
45 22 22 1 0
73 22 23 1 0
4 35 24 0 1
4 40 22 0 1
8 103 22 1 0
26 103 23 1 0
9 103 24 1 0
21 103 25 1 0
22 103 26 1 0
20 103 27 1 0
34 103 28 1 0
25 103 29 1 0
7 103 30 1 0
24 103 31 1 0
54 103 32 1 0
57 103 33 1 0
5 103 34 1 0
46 103 35 1 0
70 103 36 1 0
71 103 37 1 0
51 103 38 1 0
52 103 39 1 0
53 103 40 4 0
45 102 41 1 0
73 102 42 1 0
4 35 43 0 1
4 40 41 0 1
8 83 41 3 0
26 82 42 1 0
9 82 43 1 0
21 82 44 1 0
22 82 45 1 0
20 82 46 1 0
34 82 47 1 0
25 82 48 1 0
7 82 49 1 0
24 82 50 1 0
54 82 51 1 0
57 82 52 1 0
5 82 53 1 0
46 82 54 1 0
70 82 55 1 0
71 82 56 1 0
51 82 57 1 0
27 82 58 1 0
32 82 59 1 0
4 35 60 0 1
4 27 42 0 1
26 117 42 1 0
9 117 43 1 0
21 117 44 1 0
22 117 45 1 0
20 117 46 1 0
34 117 47 1 0
25 117 48 1 0
7 117 49 1 0
24 117 50 1 0
54 117 51 1 0
57 117 52 1 0
5 117 53 3 0
5 116 54 1 0
46 116 55 3 0
46 115 56 1 0
70 115 57 1 0
71 115 58 1 0
51 115 59 1 0
27 115 60 1 0
32 115 61 1 0
4 35 62 0 1
4 41 56 0 1
70 12 56 1 0
71 12 57 1 0
51 12 58 1 0
52 12 59 1 0
53 12 60 1 0
35 12 61 1 0
4 36 62 0 1
4 16 54 0 1
46 110 54 1 0
70 110 55 1 0
71 110 56 1 0
51 110 57 1 0
27 110 58 1 0
32 110 59 1 0
4 35 60 0 1
4 48 41 0 1
4 48 22 0 1
4 49 20 0 1
4 45 14 0 1
14 127 8 1 0
16 127 9 1 0
2 151 10 1 0
40 127 11 4 0
44 126 12 1 0
4 43 13 0 1
44 133 12 1 0
4 50 13 0 1
42 90 12 2 0
55 85 13 1 0
69 85 14 1 0
67 85 15 1 0
48 85 16 1 0
29 85 17 1 0
4 30 18 0 1
41 104 13 4 0
32 102 14 1 0
4 35 15 0 1
4 40 14 0 1
31 99 14 3 0
30 98 15 2 0
69 85 16 1 0
67 85 17 1 0
48 85 18 1 0
29 85 19 1 0
4 30 20 0 1
75 140 16 1 0
32 140 17 1 0
4 35 18 0 1
4 27 15 0 1
30 89 15 2 0
69 85 16 1 0
67 85 17 1 0
48 85 18 1 0
29 85 19 1 0
4 30 20 0 1
75 100 16 1 0
32 100 17 1 0
4 35 18 0 1
4 48 14 0 1
39 149 12 1 0
10 149 13 3 0
4 38 14 0 1
12 97 14 2 0
11 96 15 1 0
37 96 16 2 0
36 95 17 2 0
38 85 18 1 0
69 85 19 1 0
67 85 20 1 0
48 85 21 1 0
29 85 22 1 0
4 30 23 0 1
76 136 18 1 0
74 136 19 3 0
75 134 20 1 0
32 134 21 1 0
4 35 22 0 1
4 17 20 0 1
77 101 20 1 0
26 101 21 1 0
9 101 22 1 0
21 101 23 1 0
22 101 24 1 0
20 101 25 1 0
34 101 26 1 0
25 101 27 1 0
7 101 28 1 0
24 101 29 1 0
54 101 30 1 0
57 101 31 1 0
5 101 32 1 0
46 101 33 3 0
46 100 34 1 0
70 100 35 1 0
71 100 36 1 0
51 100 37 1 0
27 100 38 1 0
32 100 39 1 0
4 35 40 0 1
4 41 34 0 1
70 10 34 1 0
71 10 35 1 0
51 10 36 1 0
52 10 37 1 0
53 10 38 1 0
35 10 39 1 0
4 32 40 0 1
4 49 17 0 1
11 132 15 1 0
3 132 16 1 0
58 132 17 1 0
61 132 18 1 0
56 132 19 3 0
4 47 20 0 1
26 142 20 1 0
9 142 21 1 0
21 142 22 1 0
22 142 23 1 0
20 142 24 1 0
34 142 25 1 0
25 142 26 1 0
7 142 27 1 0
24 142 28 1 0
54 142 29 1 0
57 142 30 1 0
5 142 31 1 0
46 142 32 3 0
46 141 33 3 0
46 140 34 1 0
70 140 35 1 0
71 140 36 1 0
51 140 37 1 0
27 140 38 1 0
32 140 39 1 0
4 35 40 0 1
4 41 34 0 1
70 11 34 1 0
71 11 35 1 0
51 11 36 1 0
52 11 37 1 0
53 11 38 1 0
35 11 39 1 0
4 32 40 0 1
4 28 33 0 1
70 9 33 1 0
71 9 34 1 0
51 9 35 1 0
52 9 36 1 0
53 9 37 3 0
4 40 38 0 1
26 135 38 1 0
9 135 39 1 0
21 135 40 1 0
22 135 41 1 0
20 135 42 1 0
34 135 43 1 0
25 135 44 1 0
7 135 45 1 0
24 135 46 1 0
54 135 47 1 0
57 135 48 1 0
5 135 49 1 0
46 135 50 3 0
46 134 51 1 0
70 134 52 1 0
71 134 53 1 0
51 134 54 1 0
27 134 55 1 0
32 134 56 1 0
4 35 57 0 1
4 41 51 0 1
70 134 51 1 0
71 134 52 1 0
51 134 53 1 0
27 134 54 1 0
32 134 55 1 0
4 35 56 0 1
4 48 38 0 1
4 49 20 0 1
4 45 14 0 1
14 128 8 1 0
16 128 9 1 0
2 151 10 1 0
40 128 11 4 0
44 126 12 1 0
4 43 13 0 1
44 133 12 1 0
4 50 13 0 1
42 138 12 2 0
55 137 13 1 0
4 79 14 0 1
41 23 13 4 0
32 22 14 1 0
4 35 15 0 1
4 40 14 0 1
31 86 14 1 0
30 86 15 2 0
69 85 16 1 0
67 85 17 1 0
48 85 18 1 0
29 85 19 1 0
4 30 20 0 1
75 18 16 1 0
32 18 17 1 0
4 35 18 0 1
4 48 14 0 1
39 144 12 1 0
10 144 13 3 0
4 38 14 0 1
12 70 14 2 0
11 69 15 1 0
3 69 16 1 0
58 69 17 1 0
61 69 18 1 0
28 69 19 2 0
59 68 20 1 0
43 68 21 6 0
64 60 22 1 0
50 60 23 3 0
32 58 24 1 0
4 35 25 0 1
4 29 24 0 1
50 123 24 1 0
32 123 25 1 0
4 35 26 0 1
4 29 22 0 1
32 125 22 1 0
4 35 23 0 1
4 40 22 0 1
8 1 22 1 0
26 1 23 1 0
9 1 24 1 0
21 1 25 1 0
22 1 26 1 0
20 1 27 1 0
34 1 28 1 0
25 1 29 1 0
7 1 30 1 0
24 1 31 1 0
54 1 32 1 0
57 1 33 1 0
5 1 34 3 0
5 0 35 1 0
46 0 36 1 0
70 0 37 1 0
71 0 38 1 0
51 0 39 1 0
52 0 40 1 0
53 0 41 1 0
35 0 42 1 0
4 55 43 0 1
4 16 35 0 1
46 18 35 1 0
70 18 36 1 0
71 18 37 1 0
51 18 38 1 0
27 18 39 1 0
32 18 40 1 0
4 35 41 0 1
4 48 22 0 1
4 49 20 0 1
11 107 15 1 0
3 107 16 1 0
58 107 17 1 0
33 107 18 7 0
4 34 19 0 1
4 40 19 0 1
26 21 19 1 0
9 21 20 1 0
21 21 21 1 0
22 21 22 1 0
20 21 23 1 0
34 21 24 1 0
25 21 25 1 0
7 21 26 1 0
24 21 27 1 0
54 21 28 3 0
54 18 29 1 0
57 18 30 1 0
5 18 31 1 0
46 18 32 1 0
70 18 33 1 0
71 18 34 1 0
51 18 35 1 0
27 18 36 1 0
32 18 37 1 0
4 35 38 0 1
4 33 29 0 1
57 15 29 1 0
5 15 30 1 0
46 15 31 1 0
70 15 32 1 0
71 15 33 1 0
51 15 34 1 0
52 15 35 1 0
53 15 36 1 0
35 15 37 1 0
4 36 38 0 1
4 48 19 0 1
60 146 19 1 0
61 146 20 1 0
10 146 21 3 0
4 38 22 0 1
12 74 22 1 0
11 74 23 1 0
3 74 24 1 0
58 74 25 1 0
61 74 26 1 0
28 74 27 2 0
59 73 28 1 0
43 73 29 6 0
64 60 30 1 0
50 60 31 3 0
32 58 32 1 0
4 35 33 0 1
4 29 32 0 1
50 123 32 1 0
32 123 33 1 0
4 35 34 0 1
4 29 30 0 1
32 125 30 1 0
4 35 31 0 1
4 40 30 0 1
8 6 30 1 0
26 6 31 1 0
9 6 32 1 0
21 6 33 1 0
22 6 34 1 0
20 6 35 1 0
34 6 36 1 0
25 6 37 1 0
7 6 38 1 0
24 6 39 1 0
54 6 40 1 0
57 6 41 1 0
5 6 42 1 0
46 6 43 1 0
70 6 44 1 0
71 6 45 1 0
51 6 46 1 0
52 6 47 1 0
53 6 48 1 0
35 6 49 1 0
4 55 50 0 1
4 48 30 0 1
4 49 28 0 1
4 45 22 0 1
4 31 19 0 1
3 106 19 1 0
58 106 20 1 0
33 106 21 7 0
4 34 22 0 1
4 40 22 0 1
26 20 22 1 0
9 20 23 1 0
21 20 24 1 0
22 20 25 1 0
20 20 26 1 0
34 20 27 1 0
25 20 28 1 0
7 20 29 1 0
24 20 30 1 0
54 20 31 3 0
54 18 32 1 0
57 18 33 1 0
5 18 34 1 0
46 18 35 1 0
70 18 36 1 0
71 18 37 1 0
51 18 38 1 0
27 18 39 1 0
32 18 40 1 0
4 35 41 0 1
4 33 32 0 1
57 14 32 1 0
5 14 33 1 0
46 14 34 1 0
70 14 35 1 0
71 14 36 1 0
51 14 37 1 0
52 14 38 1 0
53 14 39 1 0
35 14 40 1 0
4 36 41 0 1
4 48 22 0 1
60 147 22 1 0
61 147 23 1 0
10 147 24 3 0
4 38 25 0 1
12 76 25 1 0
11 76 26 1 0
3 76 27 1 0
58 76 28 1 0
61 76 29 1 0
28 76 30 2 0
59 75 31 1 0
43 75 32 6 0
64 60 33 1 0
50 60 34 3 0
32 58 35 1 0
4 35 36 0 1
4 29 35 0 1
50 123 35 1 0
32 123 36 1 0
4 35 37 0 1
4 29 33 0 1
32 125 33 1 0
4 35 34 0 1
4 40 33 0 1
8 7 33 1 0
26 7 34 1 0
9 7 35 1 0
21 7 36 1 0
22 7 37 1 0
20 7 38 1 0
34 7 39 1 0
25 7 40 1 0
7 7 41 1 0
24 7 42 1 0
54 7 43 1 0
57 7 44 1 0
5 7 45 1 0
46 7 46 1 0
70 7 47 1 0
71 7 48 1 0
51 7 49 1 0
52 7 50 1 0
53 7 51 1 0
35 7 52 1 0
4 55 53 0 1
4 48 33 0 1
4 49 31 0 1
4 45 25 0 1
4 31 22 0 1
3 105 22 1 0
58 105 23 1 0
33 105 24 7 0
4 34 25 0 1
4 40 25 0 1
26 19 25 1 0
9 19 26 1 0
21 19 27 1 0
22 19 28 1 0
20 19 29 1 0
34 19 30 1 0
25 19 31 1 0
7 19 32 1 0
24 19 33 1 0
54 19 34 3 0
54 18 35 1 0
57 18 36 1 0
5 18 37 1 0
46 18 38 1 0
70 18 39 1 0
71 18 40 1 0
51 18 41 1 0
27 18 42 1 0
32 18 43 1 0
4 35 44 0 1
4 33 35 0 1
57 13 35 1 0
5 13 36 1 0
46 13 37 1 0
70 13 38 1 0
71 13 39 1 0
51 13 40 1 0
52 13 41 1 0
53 13 42 1 0
35 13 43 1 0
4 32 44 0 1
4 48 25 0 1
60 145 25 1 0
61 145 26 1 0
10 145 27 3 0
4 38 28 0 1
12 72 28 1 0
11 72 29 1 0
3 72 30 1 0
58 72 31 1 0
61 72 32 1 0
28 72 33 2 0
59 71 34 1 0
43 71 35 6 0
64 60 36 1 0
50 60 37 3 0
32 58 38 1 0
4 35 39 0 1
4 29 38 0 1
50 123 38 1 0
32 123 39 1 0
4 35 40 0 1
4 29 36 0 1
32 125 36 1 0
4 35 37 0 1
4 40 36 0 1
8 5 36 1 0
26 5 37 1 0
9 5 38 1 0
21 5 39 1 0
22 5 40 1 0
20 5 41 1 0
34 5 42 1 0
25 5 43 1 0
7 5 44 1 0
24 5 45 1 0
54 5 46 1 0
57 5 47 1 0
5 5 48 1 0
46 5 49 1 0
70 5 50 1 0
71 5 51 1 0
51 5 52 1 0
52 5 53 1 0
53 5 54 1 0
35 5 55 1 0
4 55 56 0 1
4 48 36 0 1
4 49 34 0 1
4 45 28 0 1
4 31 25 0 1
3 148 25 1 0
58 148 26 1 0
61 148 27 1 0
10 148 28 3 0
4 38 29 0 1
12 78 29 1 0
11 78 30 1 0
3 78 31 1 0
58 78 32 1 0
61 78 33 1 0
28 78 34 2 0
59 77 35 1 0
43 77 36 6 0
64 60 37 1 0
50 60 38 3 0
32 58 39 1 0
4 35 40 0 1
4 29 39 0 1
50 123 39 1 0
32 123 40 1 0
4 35 41 0 1
4 29 37 0 1
32 125 37 1 0
4 35 38 0 1
4 40 37 0 1
8 8 37 1 0
26 8 38 1 0
9 8 39 1 0
21 8 40 1 0
22 8 41 1 0
20 8 42 1 0
34 8 43 1 0
25 8 44 1 0
7 8 45 1 0
24 8 46 1 0
54 8 47 1 0
57 8 48 1 0
5 8 49 1 0
46 8 50 1 0
70 8 51 1 0
71 8 52 1 0
51 8 53 1 0
52 8 54 1 0
53 8 55 1 0
35 8 56 1 0
4 55 57 0 1
4 48 37 0 1
4 49 35 0 1
4 45 29 0 1
4 45 14 0 1
4 45 8 0 1
