1 151 0 1 0
19 111 1 1 0
49 111 2 1 0
62 133 3 1 0
0 151 4 1 0
15 133 5 1 0
47 133 6 4 0
17 132 7 1 0
4 46 8 0 1
4 28 7 0 1
63 38 7 1 0
4 36 8 0 1
13 149 7 5 0
4 39 8 0 1
14 134 8 1 0
16 134 9 1 0
2 151 10 1 0
40 134 11 4 0
44 132 12 1 0
4 46 13 0 1
44 138 12 1 0
4 52 13 0 1
42 143 12 2 0
55 141 13 1 0
4 81 14 0 1
41 123 13 4 0
32 122 14 1 0
4 36 15 0 1
4 41 14 0 1
31 59 14 1 0
30 59 15 2 0
69 58 16 1 0
68 58 17 1 0
65 58 18 2 0
66 56 19 1 0
63 56 20 1 0
4 36 21 0 1
23 82 19 2 0
4 40 20 0 1
4 48 20 0 1
75 83 16 1 0
32 83 17 1 0
4 36 18 0 1
4 50 14 0 1
39 147 12 1 0
10 147 13 3 0
4 39 14 0 1
12 69 14 10 0
11 68 15 1 0
3 68 16 1 0
58 68 17 1 0
61 68 18 1 0
28 68 19 2 0
59 67 20 1 0
43 67 21 6 0
64 62 22 1 0
50 62 23 3 0
32 60 24 1 0
4 36 25 0 1
4 31 24 0 1
50 126 24 1 0
32 126 25 1 0
4 36 26 0 1
4 31 22 0 1
32 127 22 1 0
4 36 23 0 1
4 41 22 0 1
8 4 22 1 0
26 4 23 1 0
9 4 24 1 0
21 4 25 1 0
22 4 26 1 0
20 4 27 1 0
34 4 28 1 0
25 4 29 1 0
7 4 30 1 0
24 4 31 1 0
54 4 32 1 0
57 4 33 1 0
5 4 34 1 0
46 4 35 1 0
70 4 36 1 0
71 4 37 1 0
51 4 38 1 0
52 4 39 1 0
53 4 40 1 0
35 4 41 1 0
4 57 42 0 1
4 50 22 0 1
4 51 20 0 1
11 55 15 1 0
37 55 16 2 0
36 54 17 2 0
38 53 18 1 0
69 53 19 1 0
68 53 20 1 0
66 53 21 1 0
63 53 22 1 0
4 36 23 0 1
76 117 18 1 0
74 117 19 3 0
75 115 20 1 0
32 115 21 1 0
4 36 22 0 1
4 19 20 0 1
77 124 20 1 0
26 124 21 1 0
9 124 22 1 0
21 124 23 1 0
22 124 24 1 0
20 124 25 1 0
34 124 26 1 0
25 124 27 1 0
7 124 28 1 0
24 124 29 1 0
54 124 30 1 0
57 124 31 1 0
5 124 32 1 0
46 124 33 1 0
70 124 34 1 0
71 124 35 1 0
51 124 36 1 0
52 124 37 1 0
53 124 38 1 0
72 124 39 5 0
4 44 40 0 1
18 53 40 1 0
32 53 41 1 0
4 36 42 0 1
4 41 40 0 1
8 61 40 1 0
26 61 41 1 0
9 61 42 1 0
21 61 43 1 0
22 61 44 1 0
20 61 45 1 0
34 61 46 1 0
25 61 47 1 0
7 61 48 1 0
24 61 49 1 0
54 61 50 1 0
57 61 51 1 0
5 61 52 1 0
46 61 53 1 0
70 61 54 1 0
71 61 55 1 0
51 61 56 1 0
27 61 57 3 0
6 60 58 1 0
32 60 59 1 0
4 36 60 0 1
4 31 58 0 1
32 112 58 1 0
4 36 59 0 1
4 50 40 0 1
4 51 17 0 1
11 90 15 1 0
37 90 16 2 0
36 89 17 2 0
38 87 18 1 0
69 87 19 1 0
67 87 20 1 0
48 87 21 1 0
29 87 22 1 0
4 32 23 0 1
76 86 18 1 0
74 86 19 3 0
75 84 20 1 0
32 84 21 1 0
4 36 22 0 1
4 19 20 0 1
77 116 20 1 0
26 116 21 1 0
9 116 22 1 0
21 116 23 1 0
22 116 24 1 0
20 116 25 1 0
34 116 26 1 0
25 116 27 1 0
7 116 28 1 0
24 116 29 1 0
54 116 30 1 0
57 116 31 1 0
5 116 32 1 0
46 116 33 1 0
70 116 34 1 0
71 116 35 1 0
51 116 36 1 0
52 116 37 1 0
53 116 38 5 0
64 115 39 1 0
50 115 40 1 0
32 115 41 1 0
4 36 42 0 1
4 31 39 0 1
32 125 39 1 0
4 36 40 0 1
4 41 39 0 1
4 50 39 0 1
4 51 17 0 1
11 64 15 1 0
3 64 16 1 0
58 64 17 1 0
61 64 18 1 0
28 64 19 2 0
59 63 20 1 0
43 63 21 6 0
64 62 22 1 0
50 62 23 3 0
32 60 24 1 0
4 36 25 0 1
4 31 24 0 1
50 126 24 1 0
32 126 25 1 0
4 36 26 0 1
4 31 22 0 1
32 127 22 1 0
4 36 23 0 1
4 41 22 0 1
8 2 22 1 0
26 2 23 1 0
9 2 24 1 0
21 2 25 1 0
22 2 26 1 0
20 2 27 1 0
34 2 28 1 0
25 2 29 1 0
7 2 30 1 0
24 2 31 1 0
54 2 32 1 0
57 2 33 1 0
5 2 34 1 0
46 2 35 1 0
70 2 36 1 0
71 2 37 1 0
51 2 38 1 0
52 2 39 1 0
53 2 40 1 0
35 2 41 1 0
4 57 42 0 1
4 50 22 0 1
4 51 20 0 1
11 96 15 1 0
37 96 16 2 0
36 95 17 2 0
38 87 18 1 0
69 87 19 1 0
67 87 20 1 0
48 87 21 1 0
29 87 22 1 0
4 32 23 0 1
76 121 18 1 0
74 121 19 3 0
75 118 20 1 0
32 118 21 1 0
4 36 22 0 1
4 19 20 0 1
77 116 20 1 0
26 116 21 1 0
9 116 22 1 0
21 116 23 1 0
22 116 24 1 0
20 116 25 1 0
34 116 26 1 0
25 116 27 1 0
7 116 28 1 0
24 116 29 1 0
54 116 30 1 0
57 116 31 1 0
5 116 32 1 0
46 116 33 1 0
70 116 34 1 0
71 116 35 1 0
51 116 36 1 0
52 116 37 1 0
53 116 38 5 0
64 115 39 1 0
50 115 40 1 0
32 115 41 1 0
4 36 42 0 1
4 31 39 0 1
32 125 39 1 0
4 36 40 0 1
4 41 39 0 1
4 50 39 0 1
4 51 17 0 1
11 66 15 1 0
3 66 16 1 0
58 66 17 1 0
61 66 18 1 0
28 66 19 2 0
59 65 20 1 0
43 65 21 6 0
64 62 22 1 0
50 62 23 3 0
32 60 24 1 0
4 36 25 0 1
4 31 24 0 1
50 126 24 1 0
32 126 25 1 0
4 36 26 0 1
4 31 22 0 1
32 127 22 1 0
4 36 23 0 1
4 41 22 0 1
8 3 22 1 0
26 3 23 1 0
9 3 24 1 0
21 3 25 1 0
22 3 26 1 0
20 3 27 1 0
34 3 28 1 0
25 3 29 1 0
7 3 30 1 0
24 3 31 1 0
54 3 32 1 0
57 3 33 1 0
5 3 34 1 0
46 3 35 1 0
70 3 36 1 0
71 3 37 1 0
51 3 38 1 0
52 3 39 1 0
53 3 40 1 0
35 3 41 1 0
4 57 42 0 1
4 50 22 0 1
4 51 20 0 1
11 94 15 1 0
37 94 16 2 0
36 93 17 2 0
38 87 18 1 0
69 87 19 1 0
67 87 20 1 0
48 87 21 1 0
29 87 22 1 0
4 32 23 0 1
76 114 18 1 0
74 114 19 3 0
75 113 20 1 0
32 113 21 1 0
4 36 22 0 1
4 19 20 0 1
77 116 20 1 0
26 116 21 1 0
9 116 22 1 0
21 116 23 1 0
22 116 24 1 0
20 116 25 1 0
34 116 26 1 0
25 116 27 1 0
7 116 28 1 0
24 116 29 1 0
54 116 30 1 0
57 116 31 1 0
5 116 32 1 0
46 116 33 1 0
70 116 34 1 0
71 116 35 1 0
51 116 36 1 0
52 116 37 1 0
53 116 38 5 0
64 115 39 1 0
50 115 40 1 0
32 115 41 1 0
4 36 42 0 1
4 31 39 0 1
32 125 39 1 0
4 36 40 0 1
4 41 39 0 1
4 50 39 0 1
4 51 17 0 1
11 100 15 1 0
37 100 16 2 0
36 99 17 2 0
38 87 18 1 0
69 87 19 1 0
67 87 20 1 0
48 87 21 1 0
29 87 22 1 0
4 32 23 0 1
76 140 18 1 0
74 140 19 3 0
75 139 20 1 0
32 139 21 1 0
4 36 22 0 1
4 19 20 0 1
77 120 20 1 0
26 120 21 1 0
9 120 22 1 0
21 120 23 1 0
22 120 24 1 0
20 120 25 1 0
34 120 26 1 0
25 120 27 1 0
7 120 28 1 0
24 120 29 1 0
54 120 30 1 0
57 120 31 1 0
5 120 32 3 0
5 119 33 1 0
46 119 34 3 0
46 118 35 1 0
70 118 36 1 0
71 118 37 1 0
51 118 38 1 0
27 118 39 1 0
32 118 40 1 0
4 36 41 0 1
4 43 35 0 1
70 14 35 1 0
71 14 36 1 0
51 14 37 1 0
52 14 38 1 0
53 14 39 1 0
35 14 40 1 0
4 37 41 0 1
4 18 33 0 1
46 113 33 1 0
70 113 34 1 0
71 113 35 1 0
51 113 36 1 0
27 113 37 1 0
32 113 38 1 0
4 36 39 0 1
4 51 17 0 1
11 98 15 1 0
37 98 16 2 0
36 97 17 2 0
38 87 18 1 0
69 87 19 1 0
67 87 20 1 0
48 87 21 1 0
29 87 22 1 0
4 32 23 0 1
76 136 18 1 0
74 136 19 3 0
75 135 20 1 0
32 135 21 1 0
4 36 22 0 1
4 19 20 0 1
77 106 20 1 0
26 106 21 1 0
9 106 22 1 0
21 106 23 1 0
22 106 24 1 0
20 106 25 1 0
34 106 26 1 0
25 106 27 1 0
7 106 28 1 0
24 106 29 1 0
54 106 30 1 0
57 106 31 1 0
5 106 32 1 0
46 106 33 1 0
70 106 34 1 0
71 106 35 1 0
51 106 36 1 0
52 106 37 1 0
53 106 38 4 0
45 105 39 1 0
73 105 40 1 0
4 36 41 0 1
4 41 39 0 1
8 85 39 3 0
26 84 40 1 0
9 84 41 1 0
21 84 42 1 0
22 84 43 1 0
20 84 44 1 0
34 84 45 1 0
25 84 46 1 0
7 84 47 1 0
24 84 48 1 0
54 84 49 1 0
57 84 50 1 0
5 84 51 1 0
46 84 52 1 0
70 84 53 1 0
71 84 54 1 0
51 84 55 1 0
27 84 56 1 0
32 84 57 1 0
4 36 58 0 1
4 29 40 0 1
26 139 40 1 0
9 139 41 1 0
21 139 42 1 0
22 139 43 1 0
20 139 44 1 0
34 139 45 1 0
25 139 46 1 0
7 139 47 1 0
24 139 48 1 0
54 139 49 1 0
57 139 50 1 0
5 139 51 1 0
46 139 52 1 0
70 139 53 1 0
71 139 54 1 0
51 139 55 1 0
27 139 56 1 0
32 139 57 1 0
4 36 58 0 1
4 50 39 0 1
4 51 17 0 1
11 27 15 1 0
3 27 16 1 0
58 27 17 1 0
61 27 18 1 0
28 27 19 2 0
59 26 20 1 0
43 26 21 4 0
45 24 22 1 0
73 24 23 1 0
4 36 24 0 1
4 41 22 0 1
8 135 22 1 0
26 135 23 1 0
9 135 24 1 0
21 135 25 1 0
22 135 26 1 0
20 135 27 1 0
34 135 28 1 0
25 135 29 1 0
7 135 30 1 0
24 135 31 1 0
54 135 32 1 0
57 135 33 1 0
5 135 34 1 0
46 135 35 1 0
70 135 36 1 0
71 135 37 1 0
51 135 38 1 0
27 135 39 1 0
32 135 40 1 0
4 36 41 0 1
4 50 22 0 1
4 51 20 0 1
4 47 14 0 1
14 130 8 1 0
16 130 9 1 0
2 151 10 1 0
40 130 11 4 0
44 129 12 1 0
4 45 13 0 1
44 138 12 1 0
4 52 13 0 1
42 92 12 2 0
55 87 13 1 0
69 87 14 1 0
67 87 15 1 0
48 87 16 1 0
29 87 17 1 0
4 32 18 0 1
41 107 13 4 0
32 105 14 1 0
4 36 15 0 1
4 41 14 0 1
31 102 14 3 0
30 101 15 2 0
69 87 16 1 0
67 87 17 1 0
48 87 18 1 0
29 87 19 1 0
4 32 20 0 1
75 144 16 1 0
32 144 17 1 0
4 36 18 0 1
4 29 15 0 1
30 91 15 2 0
69 87 16 1 0
67 87 17 1 0
48 87 18 1 0
29 87 19 1 0
4 32 20 0 1
75 103 16 1 0
32 103 17 1 0
4 36 18 0 1
4 50 14 0 1
39 150 12 1 0
10 150 13 3 0
4 39 14 0 1
12 137 14 1 0
11 137 15 1 0
3 137 16 1 0
58 137 17 1 0
61 137 18 1 0
56 137 19 3 0
4 49 20 0 1
26 146 20 1 0
9 146 21 1 0
21 146 22 1 0
22 146 23 1 0
20 146 24 1 0
34 146 25 1 0
25 146 26 1 0
7 146 27 1 0
24 146 28 1 0
54 146 29 1 0
57 146 30 1 0
5 146 31 1 0
46 146 32 3 0
46 145 33 3 0
46 144 34 1 0
70 144 35 1 0
71 144 36 1 0
51 144 37 1 0
27 144 38 1 0
32 144 39 1 0
4 36 40 0 1
4 43 34 0 1
70 13 34 1 0
71 13 35 1 0
51 13 36 1 0
52 13 37 1 0
53 13 38 1 0
35 13 39 1 0
4 34 40 0 1
4 30 33 0 1
70 9 33 1 0
71 9 34 1 0
51 9 35 1 0
52 9 36 1 0
53 9 37 3 0
4 41 38 0 1
26 11 38 1 0
9 11 39 1 0
21 11 40 1 0
22 11 41 1 0
20 11 42 1 0
34 11 43 1 0
25 11 44 1 0
7 11 45 1 0
24 11 46 1 0
54 11 47 1 0
57 11 48 1 0
5 11 49 1 0
46 11 50 3 0
46 10 51 1 0
70 10 52 1 0
71 10 53 1 0
51 10 54 1 0
52 10 55 1 0
53 10 56 3 0
4 41 57 0 1
26 104 57 1 0
9 104 58 1 0
21 104 59 1 0
22 104 60 1 0
20 104 61 1 0
34 104 62 1 0
25 104 63 1 0
7 104 64 1 0
24 104 65 1 0
54 104 66 1 0
57 104 67 1 0
5 104 68 1 0
46 104 69 3 0
46 103 70 1 0
70 103 71 1 0
71 103 72 1 0
51 103 73 1 0
27 103 74 1 0
32 103 75 1 0
4 36 76 0 1
4 43 70 0 1
70 12 70 1 0
71 12 71 1 0
51 12 72 1 0
52 12 73 1 0
53 12 74 1 0
35 12 75 1 0
4 34 76 0 1
4 50 57 0 1
4 43 51 0 1
70 10 51 1 0
71 10 52 1 0
51 10 53 1 0
52 10 54 1 0
53 10 55 3 0
4 41 56 0 1
26 104 56 1 0
9 104 57 1 0
21 104 58 1 0
22 104 59 1 0
20 104 60 1 0
34 104 61 1 0
25 104 62 1 0
7 104 63 1 0
24 104 64 1 0
54 104 65 1 0
57 104 66 1 0
5 104 67 1 0
46 104 68 3 0
46 103 69 1 0
70 103 70 1 0
71 103 71 1 0
51 103 72 1 0
27 103 73 1 0
32 103 74 1 0
4 36 75 0 1
4 43 69 0 1
70 12 69 1 0
71 12 70 1 0
51 12 71 1 0
52 12 72 1 0
53 12 73 1 0
35 12 74 1 0
4 34 75 0 1
4 50 56 0 1
4 50 38 0 1
4 51 20 0 1
4 47 14 0 1
14 131 8 1 0
16 131 9 1 0
2 151 10 1 0
40 131 11 4 0
44 129 12 1 0
4 45 13 0 1
44 138 12 1 0
4 52 13 0 1
42 142 12 2 0
55 141 13 1 0
4 81 14 0 1
41 25 13 4 0
32 24 14 1 0
4 36 15 0 1
4 41 14 0 1
31 88 14 1 0
30 88 15 2 0
69 87 16 1 0
67 87 17 1 0
48 87 18 1 0
29 87 19 1 0
4 32 20 0 1
75 20 16 1 0
32 20 17 1 0
4 36 18 0 1
4 50 14 0 1
39 148 12 1 0
10 148 13 3 0
4 39 14 0 1
12 72 14 2 0
11 71 15 1 0
3 71 16 1 0
58 71 17 1 0
61 71 18 1 0
28 71 19 2 0
59 70 20 1 0
43 70 21 6 0
64 62 22 1 0
50 62 23 3 0
32 60 24 1 0
4 36 25 0 1
4 31 24 0 1
50 126 24 1 0
32 126 25 1 0
4 36 26 0 1
4 31 22 0 1
32 128 22 1 0
4 36 23 0 1
4 41 22 0 1
8 1 22 1 0
26 1 23 1 0
9 1 24 1 0
21 1 25 1 0
22 1 26 1 0
20 1 27 1 0
34 1 28 1 0
25 1 29 1 0
7 1 30 1 0
24 1 31 1 0
54 1 32 1 0
57 1 33 1 0
5 1 34 3 0
5 0 35 1 0
46 0 36 1 0
70 0 37 1 0
71 0 38 1 0
51 0 39 1 0
52 0 40 1 0
53 0 41 1 0
35 0 42 1 0
4 57 43 0 1
4 18 35 0 1
46 20 35 1 0
70 20 36 1 0
71 20 37 1 0
51 20 38 1 0
27 20 39 1 0
32 20 40 1 0
4 36 41 0 1
4 50 22 0 1
4 51 20 0 1
11 108 15 1 0
3 108 16 1 0
58 108 17 1 0
33 108 18 7 0
4 35 19 0 1
4 41 19 0 1
26 21 19 1 0
9 21 20 1 0
21 21 21 1 0
22 21 22 1 0
20 21 23 1 0
34 21 24 1 0
25 21 25 1 0
7 21 26 1 0
24 21 27 1 0
54 21 28 3 0
54 20 29 1 0
57 20 30 1 0
5 20 31 1 0
46 20 32 1 0
70 20 33 1 0
71 20 34 1 0
51 20 35 1 0
27 20 36 1 0
32 20 37 1 0
4 36 38 0 1
4 42 29 0 1
57 15 29 1 0
5 15 30 1 0
46 15 31 1 0
70 15 32 1 0
71 15 33 1 0
51 15 34 1 0
52 15 35 1 0
53 15 36 1 0
35 15 37 1 0
4 34 38 0 1
4 50 19 0 1
60 80 19 1 0
61 80 20 1 0
28 80 21 2 0
59 79 22 1 0
43 79 23 6 0
64 62 24 1 0
50 62 25 3 0
32 60 26 1 0
4 36 27 0 1
4 31 26 0 1
50 126 26 1 0
32 126 27 1 0
4 36 28 0 1
4 31 24 0 1
32 128 24 1 0
4 36 25 0 1
4 41 24 0 1
8 8 24 1 0
26 8 25 1 0
9 8 26 1 0
21 8 27 1 0
22 8 28 1 0
20 8 29 1 0
34 8 30 1 0
25 8 31 1 0
7 8 32 1 0
24 8 33 1 0
54 8 34 1 0
57 8 35 1 0
5 8 36 1 0
46 8 37 1 0
70 8 38 1 0
71 8 39 1 0
51 8 40 1 0
52 8 41 1 0
53 8 42 1 0
35 8 43 1 0
4 57 44 0 1
4 50 24 0 1
4 51 22 0 1
4 33 19 0 1
3 109 19 1 0
58 109 20 1 0
33 109 21 7 0
4 35 22 0 1
4 41 22 0 1
26 22 22 1 0
9 22 23 1 0
21 22 24 1 0
22 22 25 1 0
20 22 26 1 0
34 22 27 1 0
25 22 28 1 0
7 22 29 1 0
24 22 30 1 0
54 22 31 3 0
54 20 32 1 0
57 20 33 1 0
5 20 34 1 0
46 20 35 1 0
70 20 36 1 0
71 20 37 1 0
51 20 38 1 0
27 20 39 1 0
32 20 40 1 0
4 36 41 0 1
4 42 32 0 1
57 16 32 1 0
5 16 33 1 0
46 16 34 1 0
70 16 35 1 0
71 16 36 1 0
51 16 37 1 0
52 16 38 1 0
53 16 39 1 0
35 16 40 1 0
4 37 41 0 1
4 50 22 0 1
60 74 22 1 0
61 74 23 1 0
28 74 24 2 0
59 73 25 1 0
43 73 26 6 0
64 62 27 1 0
50 62 28 3 0
32 60 29 1 0
4 36 30 0 1
4 31 29 0 1
50 126 29 1 0
32 126 30 1 0
4 36 31 0 1
4 31 27 0 1
32 128 27 1 0
4 36 28 0 1
4 41 27 0 1
8 5 27 1 0
26 5 28 1 0
9 5 29 1 0
21 5 30 1 0
22 5 31 1 0
20 5 32 1 0
34 5 33 1 0
25 5 34 1 0
7 5 35 1 0
24 5 36 1 0
54 5 37 1 0
57 5 38 1 0
5 5 39 1 0
46 5 40 1 0
70 5 41 1 0
71 5 42 1 0
51 5 43 1 0
52 5 44 1 0
53 5 45 1 0
35 5 46 1 0
4 57 47 0 1
4 50 27 0 1
4 51 25 0 1
4 33 22 0 1
3 110 22 1 0
58 110 23 1 0
33 110 24 7 0
4 35 25 0 1
4 41 25 0 1
26 23 25 1 0
9 23 26 1 0
21 23 27 1 0
22 23 28 1 0
20 23 29 1 0
34 23 30 1 0
25 23 31 1 0
7 23 32 1 0
24 23 33 1 0
54 23 34 3 0
54 20 35 1 0
57 20 36 1 0
5 20 37 1 0
46 20 38 1 0
70 20 39 1 0
71 20 40 1 0
51 20 41 1 0
27 20 42 1 0
32 20 43 1 0
4 36 44 0 1
4 42 35 0 1
57 17 35 1 0
5 17 36 1 0
46 17 37 1 0
70 17 38 1 0
71 17 39 1 0
51 17 40 1 0
52 17 41 1 0
53 17 42 1 0
35 17 43 1 0
4 37 44 0 1
4 50 25 0 1
60 78 25 1 0
61 78 26 1 0
28 78 27 2 0
59 77 28 1 0
43 77 29 6 0
64 62 30 1 0
50 62 31 3 0
32 60 32 1 0
4 36 33 0 1
4 31 32 0 1
50 126 32 1 0
32 126 33 1 0
4 36 34 0 1
4 31 30 0 1
32 128 30 1 0
4 36 31 0 1
4 41 30 0 1
8 7 30 1 0
26 7 31 1 0
9 7 32 1 0
21 7 33 1 0
22 7 34 1 0
20 7 35 1 0
34 7 36 1 0
25 7 37 1 0
7 7 38 1 0
24 7 39 1 0
54 7 40 1 0
57 7 41 1 0
5 7 42 1 0
46 7 43 1 0
70 7 44 1 0
71 7 45 1 0
51 7 46 1 0
52 7 47 1 0
53 7 48 1 0
35 7 49 1 0
4 57 50 0 1
4 50 30 0 1
4 51 28 0 1
4 33 25 0 1
3 76 25 1 0
58 76 26 1 0
61 76 27 1 0
28 76 28 2 0
59 75 29 1 0
43 75 30 6 0
64 62 31 1 0
50 62 32 3 0
32 60 33 1 0
4 36 34 0 1
4 31 33 0 1
50 126 33 1 0
32 126 34 1 0
4 36 35 0 1
4 31 31 0 1
32 128 31 1 0
4 36 32 0 1
4 41 31 0 1
8 6 31 1 0
26 6 32 1 0
9 6 33 1 0
21 6 34 1 0
22 6 35 1 0
20 6 36 1 0
34 6 37 1 0
25 6 38 1 0
7 6 39 1 0
24 6 40 1 0
54 6 41 1 0
57 6 42 1 0
5 6 43 1 0
46 6 44 1 0
70 6 45 1 0
71 6 46 1 0
51 6 47 1 0
52 6 48 1 0
53 6 49 1 0
35 6 50 1 0
4 57 51 0 1
4 50 31 0 1
4 51 29 0 1
4 47 14 0 1
4 47 8 0 1
