1 0 1 0
20 1 1 0
51 2 1 0
64 3 1 0
0 4 1 0
17 5 1 0
49 6 3 0
4 7 0 1
65 7 1 0
4 8 0 1
15 7 5 0
4 8 0 1
16 8 1 0
18 9 1 0
2 10 1 0
42 11 3 0
46 12 1 0
4 13 0 1
44 12 2 0
57 13 1 0
71 14 1 0
69 15 1 0
50 16 1 0
30 17 1 0
4 18 0 1
43 13 4 0
33 14 1 0
4 15 0 1
4 14 0 1
32 14 3 0
31 15 2 0
71 16 1 0
69 17 1 0
50 18 1 0
30 19 1 0
4 20 0 1
77 16 1 0
33 17 1 0
4 18 0 1
4 15 0 1
31 15 2 0
71 16 1 0
69 17 1 0
50 18 1 0
30 19 1 0
4 20 0 1
77 16 1 0
33 17 1 0
4 18 0 1
4 14 0 1
41 12 1 0
12 13 3 0
4 14 0 1
14 14 1 0
13 15 1 0
3 16 1 0
60 17 1 0
63 18 1 0
58 19 3 0
4 20 0 1
27 20 1 0
10 21 1 0
22 22 1 0
23 23 1 0
21 24 1 0
35 25 1 0
26 26 1 0
7 27 1 0
25 28 1 0
56 29 1 0
59 30 1 0
5 31 3 0
5 32 1 0
48 33 3 0
48 34 1 0
72 35 1 0
73 36 1 0
53 37 1 0
28 38 1 0
33 39 1 0
4 40 0 1
4 34 0 1
72 34 1 0
73 35 1 0
53 36 1 0
54 37 1 0
55 38 1 0
37 39 1 0
4 40 0 1
4 32 0 1
48 32 1 0
72 33 1 0
73 34 1 0
53 35 1 0
28 36 1 0
33 37 1 0
4 38 0 1
4 20 0 1
4 14 0 1
16 8 1 0
18 9 1 0
2 10 1 0
42 11 3 0
46 12 1 0
4 13 0 1
44 12 2 0
57 13 1 0
71 14 1 0
69 15 1 0
50 16 1 0
30 17 1 0
4 18 0 1
43 13 4 0
33 14 1 0
4 15 0 1
4 14 0 1
32 14 3 0
31 15 2 0
71 16 1 0
69 17 1 0
50 18 1 0
30 19 1 0
4 20 0 1
77 16 1 0
33 17 1 0
4 18 0 1
4 15 0 1
31 15 2 0
71 16 1 0
69 17 1 0
50 18 1 0
30 19 1 0
4 20 0 1
77 16 1 0
33 17 1 0
4 18 0 1
4 14 0 1
41 12 1 0
12 13 3 0
4 14 0 1
14 14 1 0
13 15 1 0
3 16 1 0
60 17 1 0
63 18 1 0
58 19 3 0
4 20 0 1
27 20 1 0
10 21 1 0
22 22 1 0
23 23 1 0
21 24 1 0
35 25 1 0
26 26 1 0
7 27 1 0
25 28 1 0
56 29 1 0
59 30 1 0
5 31 1 0
48 32 3 0
48 33 3 0
48 34 1 0
72 35 1 0
73 36 1 0
53 37 1 0
28 38 1 0
33 39 1 0
4 40 0 1
4 34 0 1
72 34 1 0
73 35 1 0
53 36 1 0
54 37 1 0
55 38 1 0
37 39 1 0
4 40 0 1
4 33 0 1
72 33 1 0
73 34 1 0
53 35 1 0
54 36 1 0
55 37 3 0
4 38 0 1
27 38 1 0
10 39 1 0
22 40 1 0
23 41 1 0
21 42 1 0
35 43 1 0
26 44 1 0
7 45 1 0
25 46 1 0
56 47 1 0
59 48 1 0
5 49 1 0
48 50 3 0
48 51 1 0
72 52 1 0
73 53 1 0
53 54 1 0
54 55 1 0
55 56 3 0
4 57 0 1
27 57 1 0
10 58 1 0
22 59 1 0
23 60 1 0
21 61 1 0
35 62 1 0
26 63 1 0
7 64 1 0
25 65 1 0
56 66 1 0
59 67 1 0
5 68 1 0
48 69 3 0
48 70 1 0
72 71 1 0
73 72 1 0
53 73 1 0
28 74 1 0
33 75 1 0
4 76 0 1
4 70 0 1
72 70 1 0
73 71 1 0
53 72 1 0
54 73 1 0
55 74 1 0
37 75 1 0
4 76 0 1
4 57 0 1
4 51 0 1
72 51 1 0
73 52 1 0
53 53 1 0
54 54 1 0
55 55 3 0
4 56 0 1
27 56 1 0
10 57 1 0
22 58 1 0
23 59 1 0
21 60 1 0
35 61 1 0
26 62 1 0
7 63 1 0
25 64 1 0
56 65 1 0
59 66 1 0
5 67 1 0
48 68 3 0
48 69 1 0
72 70 1 0
73 71 1 0
53 72 1 0
28 73 1 0
33 74 1 0
4 75 0 1
4 69 0 1
72 69 1 0
73 70 1 0
53 71 1 0
54 72 1 0
55 73 1 0
37 74 1 0
4 75 0 1
4 56 0 1
4 38 0 1
4 20 0 1
4 14 0 1
16 8 1 0
18 9 1 0
2 10 1 0
42 11 4 0
46 12 1 0
4 13 0 1
46 12 1 0
4 13 0 1
44 12 2 0
57 13 1 0
4 14 0 1
43 13 4 0
33 14 1 0
4 15 0 1
4 14 0 1
32 14 1 0
31 15 2 0
71 16 1 0
70 17 1 0
67 18 2 0
68 19 1 0
65 20 1 0
4 21 0 1
24 19 2 0
4 20 0 1
4 20 0 1
77 16 1 0
33 17 1 0
4 18 0 1
4 14 0 1
41 12 1 0
12 13 3 0
4 14 0 1
14 14 16 0
13 15 1 0
39 16 2 0
38 17 2 0
40 18 1 0
71 19 1 0
69 20 1 0
50 21 1 0
30 22 1 0
4 23 0 1
78 18 1 0
76 19 1 0
77 20 1 0
33 21 1 0
4 22 0 1
4 17 0 1
13 15 1 0
39 16 2 0
38 17 2 0
40 18 1 0
71 19 1 0
69 20 1 0
50 21 1 0
30 22 1 0
4 23 0 1
78 18 1 0
76 19 1 0
77 20 1 0
33 21 1 0
4 22 0 1
4 17 0 1
13 15 1 0
39 16 2 0
38 17 2 0
40 18 1 0
71 19 1 0
69 20 1 0
50 21 1 0
30 22 1 0
4 23 0 1
78 18 1 0
76 19 1 0
77 20 1 0
33 21 1 0
4 22 0 1
4 17 0 1
13 15 1 0
39 16 2 0
38 17 2 0
40 18 1 0
71 19 1 0
69 20 1 0
50 21 1 0
30 22 1 0
4 23 0 1
78 18 1 0
76 19 1 0
77 20 1 0
33 21 1 0
4 22 0 1
4 17 0 1
13 15 1 0
39 16 2 0
38 17 2 0
40 18 1 0
71 19 1 0
69 20 1 0
50 21 1 0
30 22 1 0
4 23 0 1
78 18 1 0
76 19 1 0
77 20 1 0
33 21 1 0
4 22 0 1
4 17 0 1
13 15 1 0
39 16 2 0
38 17 2 0
40 18 1 0
71 19 1 0
70 20 1 0
68 21 1 0
65 22 1 0
4 23 0 1
78 18 1 0
76 19 3 0
77 20 1 0
33 21 1 0
4 22 0 1
4 20 0 1
79 20 1 0
27 21 1 0
10 22 1 0
22 23 1 0
23 24 1 0
21 25 1 0
35 26 1 0
26 27 1 0
7 28 1 0
25 29 1 0
56 30 1 0
59 31 1 0
5 32 1 0
48 33 1 0
72 34 1 0
73 35 1 0
53 36 1 0
54 37 1 0
55 38 1 0
74 39 5 0
4 40 0 1
19 40 1 0
33 41 1 0
4 42 0 1
4 40 0 1
8 40 1 0
27 41 1 0
10 42 1 0
22 43 1 0
23 44 1 0
21 45 1 0
35 46 1 0
26 47 1 0
7 48 1 0
25 49 1 0
56 50 1 0
59 51 1 0
5 52 1 0
48 53 1 0
72 54 1 0
73 55 1 0
53 56 1 0
28 57 3 0
6 58 1 0
33 59 1 0
4 60 0 1
4 58 0 1
33 58 1 0
4 59 0 1
4 40 0 1
4 17 0 1
13 15 1 0
3 16 1 0
60 17 1 0
63 18 1 0
29 19 2 0
61 20 1 0
45 21 6 0
66 22 1 0
52 23 3 0
33 24 1 0
4 25 0 1
4 24 0 1
52 24 1 0
33 25 1 0
4 26 0 1
4 22 0 1
33 22 1 0
4 23 0 1
4 22 0 1
8 22 1 0
27 23 1 0
10 24 1 0
22 25 1 0
23 26 1 0
21 27 1 0
35 28 1 0
26 29 1 0
7 30 1 0
25 31 1 0
56 32 1 0
59 33 1 0
5 34 1 0
48 35 1 0
72 36 1 0
73 37 1 0
53 38 1 0
54 39 1 0
55 40 1 0
37 41 1 0
4 42 0 1
4 22 0 1
4 20 0 1
13 15 1 0
3 16 1 0
60 17 1 0
63 18 1 0
29 19 2 0
61 20 1 0
9 21 3 0
36 22 1 0
28 23 1 0
33 24 1 0
4 25 0 1
11 22 1 0
4 23 0 1
27 22 1 0
10 23 1 0
22 24 1 0
23 25 1 0
21 26 1 0
35 27 1 0
26 28 1 0
7 29 1 0
25 30 1 0
56 31 1 0
59 32 1 0
5 33 1 0
48 34 1 0
72 35 1 0
73 36 1 0
53 37 1 0
54 38 1 0
55 39 5 0
66 40 1 0
52 41 1 0
33 42 1 0
4 43 0 1
4 40 0 1
33 40 1 0
4 41 0 1
4 40 0 1
4 40 0 1
4 20 0 1
13 15 1 0
3 16 1 0
60 17 1 0
63 18 1 0
29 19 2 0
61 20 1 0
45 21 6 0
66 22 1 0
52 23 3 0
33 24 1 0
4 25 0 1
4 24 0 1
52 24 1 0
33 25 1 0
4 26 0 1
4 22 0 1
33 22 1 0
4 23 0 1
4 22 0 1
8 22 1 0
27 23 1 0
10 24 1 0
22 25 1 0
23 26 1 0
21 27 1 0
35 28 1 0
26 29 1 0
7 30 1 0
25 31 1 0
56 32 1 0
59 33 1 0
5 34 1 0
48 35 1 0
72 36 1 0
73 37 1 0
53 38 1 0
54 39 1 0
55 40 1 0
37 41 1 0
4 42 0 1
4 22 0 1
4 20 0 1
13 15 1 0
3 16 1 0
60 17 1 0
63 18 1 0
29 19 2 0
61 20 1 0
9 21 3 0
36 22 1 0
28 23 1 0
33 24 1 0
4 25 0 1
11 22 1 0
4 23 0 1
27 22 1 0
10 23 1 0
22 24 1 0
23 25 1 0
21 26 1 0
35 27 1 0
26 28 1 0
7 29 1 0
25 30 1 0
56 31 1 0
59 32 1 0
5 33 1 0
48 34 1 0
72 35 1 0
73 36 1 0
53 37 1 0
54 38 1 0
55 39 5 0
66 40 1 0
52 41 1 0
33 42 1 0
4 43 0 1
4 40 0 1
33 40 1 0
4 41 0 1
4 40 0 1
4 40 0 1
4 20 0 1
13 15 1 0
3 16 1 0
60 17 1 0
63 18 1 0
29 19 2 0
61 20 1 0
45 21 6 0
66 22 1 0
52 23 3 0
33 24 1 0
4 25 0 1
4 24 0 1
52 24 1 0
33 25 1 0
4 26 0 1
4 22 0 1
33 22 1 0
4 23 0 1
4 22 0 1
8 22 1 0
27 23 1 0
10 24 1 0
22 25 1 0
23 26 1 0
21 27 1 0
35 28 1 0
26 29 1 0
7 30 1 0
25 31 1 0
56 32 1 0
59 33 1 0
5 34 1 0
48 35 1 0
72 36 1 0
73 37 1 0
53 38 1 0
54 39 1 0
55 40 1 0
37 41 1 0
4 42 0 1
4 22 0 1
4 20 0 1
13 15 1 0
3 16 1 0
60 17 1 0
63 18 1 0
29 19 2 0
61 20 1 0
9 21 3 0
36 22 1 0
28 23 1 0
33 24 1 0
4 25 0 1
11 22 1 0
4 23 0 1
27 22 1 0
10 23 1 0
22 24 1 0
23 25 1 0
21 26 1 0
35 27 1 0
26 28 1 0
7 29 1 0
25 30 1 0
56 31 1 0
59 32 1 0
5 33 1 0
48 34 1 0
72 35 1 0
73 36 1 0
53 37 1 0
54 38 1 0
55 39 5 0
66 40 1 0
52 41 1 0
33 42 1 0
4 43 0 1
4 40 0 1
33 40 1 0
4 41 0 1
4 40 0 1
4 40 0 1
4 20 0 1
13 15 1 0
3 16 1 0
60 17 1 0
63 18 1 0
29 19 2 0
61 20 1 0
9 21 3 0
36 22 1 0
28 23 1 0
33 24 1 0
4 25 0 1
11 22 1 0
4 23 0 1
27 22 1 0
10 23 1 0
22 24 1 0
23 25 1 0
21 26 1 0
35 27 1 0
26 28 1 0
7 29 1 0
25 30 1 0
56 31 1 0
59 32 1 0
5 33 1 0
48 34 1 0
72 35 1 0
73 36 1 0
53 37 1 0
54 38 1 0
55 39 4 0
47 40 1 0
75 41 1 0
4 42 0 1
4 40 0 1
8 40 3 0
27 41 1 0
10 42 1 0
22 43 1 0
23 44 1 0
21 45 1 0
35 46 1 0
26 47 1 0
7 48 1 0
25 49 1 0
56 50 1 0
59 51 1 0
5 52 1 0
48 53 1 0
72 54 1 0
73 55 1 0
53 56 1 0
28 57 1 0
33 58 1 0
4 59 0 1
4 41 0 1
27 41 1 0
10 42 1 0
22 43 1 0
23 44 1 0
21 45 1 0
35 46 1 0
26 47 1 0
7 48 1 0
25 49 1 0
56 50 1 0
59 51 1 0
5 52 1 0
48 53 1 0
72 54 1 0
73 55 1 0
53 56 1 0
28 57 1 0
33 58 1 0
4 59 0 1
4 40 0 1
4 20 0 1
13 15 1 0
3 16 1 0
60 17 1 0
63 18 1 0
29 19 2 0
61 20 1 0
9 21 3 0
36 22 1 0
28 23 1 0
33 24 1 0
4 25 0 1
11 22 1 0
4 23 0 1
27 22 1 0
10 23 1 0
22 24 1 0
23 25 1 0
21 26 1 0
35 27 1 0
26 28 1 0
7 29 1 0
25 30 1 0
56 31 1 0
59 32 1 0
5 33 1 0
48 34 1 0
72 35 1 0
73 36 1 0
53 37 1 0
54 38 1 0
55 39 4 0
47 40 1 0
75 41 1 0
4 42 0 1
4 40 0 1
8 40 3 0
27 41 1 0
10 42 1 0
22 43 1 0
23 44 1 0
21 45 1 0
35 46 1 0
26 47 1 0
7 48 1 0
25 49 1 0
56 50 1 0
59 51 1 0
5 52 1 0
48 53 1 0
72 54 1 0
73 55 1 0
53 56 1 0
28 57 1 0
33 58 1 0
4 59 0 1
4 41 0 1
27 41 1 0
10 42 1 0
22 43 1 0
23 44 1 0
21 45 1 0
35 46 1 0
26 47 1 0
7 48 1 0
25 49 1 0
56 50 1 0
59 51 1 0
5 52 1 0
48 53 1 0
72 54 1 0
73 55 1 0
53 56 1 0
28 57 1 0
33 58 1 0
4 59 0 1
4 40 0 1
4 20 0 1
13 15 1 0
3 16 1 0
60 17 1 0
63 18 1 0
29 19 2 0
61 20 1 0
45 21 6 0
66 22 1 0
52 23 3 0
33 24 1 0
4 25 0 1
4 24 0 1
52 24 1 0
33 25 1 0
4 26 0 1
4 22 0 1
33 22 1 0
4 23 0 1
4 22 0 1
8 22 1 0
27 23 1 0
10 24 1 0
22 25 1 0
23 26 1 0
21 27 1 0
35 28 1 0
26 29 1 0
7 30 1 0
25 31 1 0
56 32 1 0
59 33 1 0
5 34 3 0
5 35 1 0
48 36 1 0
72 37 1 0
73 38 1 0
53 39 1 0
54 40 1 0
55 41 1 0
37 42 1 0
4 43 0 1
4 35 0 1
48 35 1 0
72 36 1 0
73 37 1 0
53 38 1 0
28 39 1 0
33 40 1 0
4 41 0 1
4 22 0 1
4 20 0 1
13 15 1 0
3 16 1 0
60 17 1 0
34 18 7 0
4 19 0 1
4 19 0 1
27 19 1 0
10 20 1 0
22 21 1 0
23 22 1 0
21 23 1 0
35 24 1 0
26 25 1 0
7 26 1 0
25 27 1 0
56 28 3 0
56 29 1 0
59 30 1 0
5 31 1 0
48 32 1 0
72 33 1 0
73 34 1 0
53 35 1 0
28 36 1 0
33 37 1 0
4 38 0 1
4 29 0 1
59 29 1 0
5 30 1 0
48 31 1 0
72 32 1 0
73 33 1 0
53 34 1 0
54 35 1 0
55 36 1 0
37 37 1 0
4 38 0 1
4 19 0 1
62 19 1 0
63 20 1 0
29 21 2 0
61 22 1 0
45 23 6 0
66 24 1 0
52 25 3 0
33 26 1 0
4 27 0 1
4 26 0 1
52 26 1 0
33 27 1 0
4 28 0 1
4 24 0 1
33 24 1 0
4 25 0 1
4 24 0 1
8 24 1 0
27 25 1 0
10 26 1 0
22 27 1 0
23 28 1 0
21 29 1 0
35 30 1 0
26 31 1 0
7 32 1 0
25 33 1 0
56 34 1 0
59 35 1 0
5 36 1 0
48 37 1 0
72 38 1 0
73 39 1 0
53 40 1 0
54 41 1 0
55 42 1 0
37 43 1 0
4 44 0 1
4 24 0 1
4 22 0 1
4 19 0 1
3 19 1 0
60 20 1 0
34 21 7 0
4 22 0 1
4 22 0 1
27 22 1 0
10 23 1 0
22 24 1 0
23 25 1 0
21 26 1 0
35 27 1 0
26 28 1 0
7 29 1 0
25 30 1 0
56 31 3 0
56 32 1 0
59 33 1 0
5 34 1 0
48 35 1 0
72 36 1 0
73 37 1 0
53 38 1 0
28 39 1 0
33 40 1 0
4 41 0 1
4 32 0 1
59 32 1 0
5 33 1 0
48 34 1 0
72 35 1 0
73 36 1 0
53 37 1 0
54 38 1 0
55 39 1 0
37 40 1 0
4 41 0 1
4 22 0 1
62 22 1 0
63 23 1 0
29 24 2 0
61 25 1 0
45 26 6 0
66 27 1 0
52 28 3 0
33 29 1 0
4 30 0 1
4 29 0 1
52 29 1 0
33 30 1 0
4 31 0 1
4 27 0 1
33 27 1 0
4 28 0 1
4 27 0 1
8 27 1 0
27 28 1 0
10 29 1 0
22 30 1 0
23 31 1 0
21 32 1 0
35 33 1 0
26 34 1 0
7 35 1 0
25 36 1 0
56 37 1 0
59 38 1 0
5 39 1 0
48 40 1 0
72 41 1 0
73 42 1 0
53 43 1 0
54 44 1 0
55 45 1 0
37 46 1 0
4 47 0 1
4 27 0 1
4 25 0 1
4 22 0 1
3 22 1 0
60 23 1 0
34 24 7 0
4 25 0 1
4 25 0 1
27 25 1 0
10 26 1 0
22 27 1 0
23 28 1 0
21 29 1 0
35 30 1 0
26 31 1 0
7 32 1 0
25 33 1 0
56 34 3 0
56 35 1 0
59 36 1 0
5 37 1 0
48 38 1 0
72 39 1 0
73 40 1 0
53 41 1 0
28 42 1 0
33 43 1 0
4 44 0 1
4 35 0 1
59 35 1 0
5 36 1 0
48 37 1 0
72 38 1 0
73 39 1 0
53 40 1 0
54 41 1 0
55 42 1 0
37 43 1 0
4 44 0 1
4 25 0 1
62 25 1 0
63 26 1 0
29 27 2 0
61 28 1 0
45 29 6 0
66 30 1 0
52 31 3 0
33 32 1 0
4 33 0 1
4 32 0 1
52 32 1 0
33 33 1 0
4 34 0 1
4 30 0 1
33 30 1 0
4 31 0 1
4 30 0 1
8 30 1 0
27 31 1 0
10 32 1 0
22 33 1 0
23 34 1 0
21 35 1 0
35 36 1 0
26 37 1 0
7 38 1 0
25 39 1 0
56 40 1 0
59 41 1 0
5 42 1 0
48 43 1 0
72 44 1 0
73 45 1 0
53 46 1 0
54 47 1 0
55 48 1 0
37 49 1 0
4 50 0 1
4 30 0 1
4 28 0 1
4 25 0 1
3 25 1 0
60 26 1 0
63 27 1 0
29 28 2 0
61 29 1 0
45 30 6 0
66 31 1 0
52 32 3 0
33 33 1 0
4 34 0 1
4 33 0 1
52 33 1 0
33 34 1 0
4 35 0 1
4 31 0 1
33 31 1 0
4 32 0 1
4 31 0 1
8 31 1 0
27 32 1 0
10 33 1 0
22 34 1 0
23 35 1 0
21 36 1 0
35 37 1 0
26 38 1 0
7 39 1 0
25 40 1 0
56 41 1 0
59 42 1 0
5 43 1 0
48 44 1 0
72 45 1 0
73 46 1 0
53 47 1 0
54 48 1 0
55 49 1 0
37 50 1 0
4 51 0 1
4 31 0 1
4 29 0 1
4 14 0 1
4 8 0 1
