1 140 0 1 0
21 107 1 1 0
51 107 2 1 0
63 121 3 1 0
0 140 4 1 0
17 121 5 1 0
49 121 6 4 0
19 120 7 1 0
4 38 8 0 1
4 22 7 0 1
64 31 7 1 0
4 29 8 0 1
15 139 7 3 0
4 32 8 0 1
16 122 8 1 0
18 122 9 1 0
2 140 10 1 0
43 122 11 4 0
47 120 12 1 0
4 38 13 0 1
47 126 12 1 0
4 43 13 0 1
45 133 12 2 0
57 132 13 1 0
4 71 14 0 1
44 114 13 4 0
34 113 14 1 0
4 29 15 0 1
4 34 14 0 1
33 51 14 1 0
32 51 15 2 0
70 50 16 1 0
69 50 17 1 0
66 50 18 2 0
67 48 19 1 0
64 48 20 1 0
4 29 21 0 1
25 72 19 2 0
4 33 20 0 1
4 40 20 0 1
75 73 16 1 0
34 73 17 1 0
4 29 18 0 1
4 41 14 0 1
42 134 12 1 0
12 134 13 3 0
4 32 14 0 1
14 47 14 16 0
13 46 15 1 0
40 46 16 2 0
39 45 17 2 0
41 44 18 1 0
70 44 19 1 0
69 44 20 1 0
67 44 21 1 0
64 44 22 1 0
4 29 23 0 1
76 125 18 1 0
74 125 19 3 0
75 123 20 1 0
34 123 21 1 0
4 29 22 0 1
4 21 20 0 1
77 115 20 1 0
28 115 21 1 0
10 115 22 1 0
23 115 23 1 0
24 115 24 1 0
22 115 25 1 0
36 115 26 1 0
27 115 27 1 0
7 115 28 1 0
26 115 29 1 0
56 115 30 1 0
58 115 31 1 0
5 115 32 1 0
48 115 33 1 0
71 115 34 1 0
72 115 35 1 0
53 115 36 1 0
54 115 37 1 0
55 115 38 1 0
73 115 39 5 0
4 37 40 0 1
20 44 40 1 0
34 44 41 1 0
4 29 42 0 1
4 34 40 0 1
8 53 40 1 0
28 53 41 1 0
10 53 42 1 0
23 53 43 1 0
24 53 44 1 0
22 53 45 1 0
36 53 46 1 0
27 53 47 1 0
7 53 48 1 0
26 53 49 1 0
56 53 50 1 0
58 53 51 1 0
5 53 52 1 0
48 53 53 1 0
71 53 54 1 0
72 53 55 1 0
53 53 56 1 0
29 53 57 3 0
6 52 58 1 0
34 52 59 1 0
4 29 60 0 1
4 24 58 0 1
34 108 58 1 0
4 29 59 0 1
4 41 40 0 1
4 42 17 0 1
13 89 15 1 0
40 89 16 2 0
39 88 17 2 0
41 87 18 1 0
70 87 19 1 0
68 87 20 1 0
50 87 21 1 0
31 87 22 1 0
4 25 23 0 1
76 77 18 1 0
74 77 19 3 0
75 74 20 1 0
34 74 21 1 0
4 29 22 0 1
4 21 20 0 1
77 12 20 1 0
28 12 21 1 0
10 12 22 1 0
23 12 23 1 0
24 12 24 1 0
22 12 25 1 0
36 12 26 1 0
27 12 27 1 0
7 12 28 1 0
26 12 29 1 0
56 12 30 1 0
58 12 31 1 0
5 12 32 1 0
48 12 33 1 0
71 12 34 1 0
72 12 35 1 0
53 12 36 1 0
54 12 37 1 0
55 12 38 1 0
38 12 39 1 0
4 30 40 0 1
4 42 17 0 1
13 95 15 1 0
40 95 16 2 0
39 94 17 2 0
41 87 18 1 0
70 87 19 1 0
68 87 20 1 0
50 87 21 1 0
31 87 22 1 0
4 25 23 0 1
76 110 18 1 0
74 110 19 3 0
75 109 20 1 0
34 109 21 1 0
4 29 22 0 1
4 21 20 0 1
77 12 20 1 0
28 12 21 1 0
10 12 22 1 0
23 12 23 1 0
24 12 24 1 0
22 12 25 1 0
36 12 26 1 0
27 12 27 1 0
7 12 28 1 0
26 12 29 1 0
56 12 30 1 0
58 12 31 1 0
5 12 32 1 0
48 12 33 1 0
71 12 34 1 0
72 12 35 1 0
53 12 36 1 0
54 12 37 1 0
55 12 38 1 0
38 12 39 1 0
4 30 40 0 1
4 42 17 0 1
13 97 15 1 0
40 97 16 2 0
39 96 17 2 0
41 87 18 1 0
70 87 19 1 0
68 87 20 1 0
50 87 21 1 0
31 87 22 1 0
4 25 23 0 1
76 129 18 1 0
74 129 19 3 0
75 127 20 1 0
34 127 21 1 0
4 29 22 0 1
4 21 20 0 1
77 12 20 1 0
28 12 21 1 0
10 12 22 1 0
23 12 23 1 0
24 12 24 1 0
22 12 25 1 0
36 12 26 1 0
27 12 27 1 0
7 12 28 1 0
26 12 29 1 0
56 12 30 1 0
58 12 31 1 0
5 12 32 1 0
48 12 33 1 0
71 12 34 1 0
72 12 35 1 0
53 12 36 1 0
54 12 37 1 0
55 12 38 1 0
38 12 39 1 0
4 30 40 0 1
4 42 17 0 1
13 91 15 1 0
40 91 16 2 0
39 90 17 2 0
41 87 18 1 0
70 87 19 1 0
68 87 20 1 0
50 87 21 1 0
31 87 22 1 0
4 25 23 0 1
76 84 18 1 0
74 84 19 3 0
75 80 20 1 0
34 80 21 1 0
4 29 22 0 1
4 21 20 0 1
77 12 20 1 0
28 12 21 1 0
10 12 22 1 0
23 12 23 1 0
24 12 24 1 0
22 12 25 1 0
36 12 26 1 0
27 12 27 1 0
7 12 28 1 0
26 12 29 1 0
56 12 30 1 0
58 12 31 1 0
5 12 32 1 0
48 12 33 1 0
71 12 34 1 0
72 12 35 1 0
53 12 36 1 0
54 12 37 1 0
55 12 38 1 0
38 12 39 1 0
4 30 40 0 1
4 42 17 0 1
13 93 15 1 0
40 93 16 2 0
39 92 17 2 0
41 87 18 1 0
70 87 19 1 0
68 87 20 1 0
50 87 21 1 0
31 87 22 1 0
4 25 23 0 1
76 101 18 1 0
74 101 19 3 0
75 98 20 1 0
34 98 21 1 0
4 29 22 0 1
4 21 20 0 1
77 12 20 1 0
28 12 21 1 0
10 12 22 1 0
23 12 23 1 0
24 12 24 1 0
22 12 25 1 0
36 12 26 1 0
27 12 27 1 0
7 12 28 1 0
26 12 29 1 0
56 12 30 1 0
58 12 31 1 0
5 12 32 1 0
48 12 33 1 0
71 12 34 1 0
72 12 35 1 0
53 12 36 1 0
54 12 37 1 0
55 12 38 1 0
38 12 39 1 0
4 30 40 0 1
4 42 17 0 1
13 60 15 1 0
3 60 16 1 0
59 60 17 1 0
62 60 18 1 0
30 60 19 2 0
60 59 20 1 0
46 59 21 6 0
65 54 22 1 0
52 54 23 3 0
34 52 24 1 0
4 29 25 0 1
4 24 24 0 1
52 117 24 1 0
34 117 25 1 0
4 29 26 0 1
4 24 22 0 1
34 118 22 1 0
4 29 23 0 1
4 34 22 0 1
8 4 22 1 0
28 4 23 1 0
10 4 24 1 0
23 4 25 1 0
24 4 26 1 0
22 4 27 1 0
36 4 28 1 0
27 4 29 1 0
7 4 30 1 0
26 4 31 1 0
56 4 32 1 0
58 4 33 1 0
5 4 34 1 0
48 4 35 1 0
71 4 36 1 0
72 4 37 1 0
53 4 38 1 0
54 4 39 1 0
55 4 40 1 0
38 4 41 1 0
4 49 42 0 1
4 41 22 0 1
4 42 20 0 1
13 79 15 1 0
3 79 16 1 0
59 79 17 1 0
62 79 18 1 0
30 79 19 2 0
60 78 20 1 0
9 78 21 3 0
37 74 22 1 0
29 74 23 1 0
34 74 24 1 0
4 29 25 0 1
11 19 22 1 0
4 21 23 0 1
28 124 22 1 0
10 124 23 1 0
23 124 24 1 0
24 124 25 1 0
22 124 26 1 0
36 124 27 1 0
27 124 28 1 0
7 124 29 1 0
26 124 30 1 0
56 124 31 1 0
58 124 32 1 0
5 124 33 1 0
48 124 34 1 0
71 124 35 1 0
72 124 36 1 0
53 124 37 1 0
54 124 38 1 0
55 124 39 5 0
65 123 40 1 0
52 123 41 1 0
34 123 42 1 0
4 29 43 0 1
4 24 40 0 1
34 116 40 1 0
4 29 41 0 1
4 34 40 0 1
4 41 40 0 1
4 42 20 0 1
13 56 15 1 0
3 56 16 1 0
59 56 17 1 0
62 56 18 1 0
30 56 19 2 0
60 55 20 1 0
46 55 21 6 0
65 54 22 1 0
52 54 23 3 0
34 52 24 1 0
4 29 25 0 1
4 24 24 0 1
52 117 24 1 0
34 117 25 1 0
4 29 26 0 1
4 24 22 0 1
34 118 22 1 0
4 29 23 0 1
4 34 22 0 1
8 2 22 1 0
28 2 23 1 0
10 2 24 1 0
23 2 25 1 0
24 2 26 1 0
22 2 27 1 0
36 2 28 1 0
27 2 29 1 0
7 2 30 1 0
26 2 31 1 0
56 2 32 1 0
58 2 33 1 0
5 2 34 1 0
48 2 35 1 0
71 2 36 1 0
72 2 37 1 0
53 2 38 1 0
54 2 39 1 0
55 2 40 1 0
38 2 41 1 0
4 49 42 0 1
4 41 22 0 1
4 42 20 0 1
13 103 15 1 0
3 103 16 1 0
59 103 17 1 0
62 103 18 1 0
30 103 19 2 0
60 102 20 1 0
9 102 21 3 0
37 98 22 1 0
29 98 23 1 0
34 98 24 1 0
4 29 25 0 1
11 19 22 1 0
4 21 23 0 1
28 124 22 1 0
10 124 23 1 0
23 124 24 1 0
24 124 25 1 0
22 124 26 1 0
36 124 27 1 0
27 124 28 1 0
7 124 29 1 0
26 124 30 1 0
56 124 31 1 0
58 124 32 1 0
5 124 33 1 0
48 124 34 1 0
71 124 35 1 0
72 124 36 1 0
53 124 37 1 0
54 124 38 1 0
55 124 39 5 0
65 123 40 1 0
52 123 41 1 0
34 123 42 1 0
4 29 43 0 1
4 24 40 0 1
34 116 40 1 0
4 29 41 0 1
4 34 40 0 1
4 41 40 0 1
4 42 20 0 1
13 58 15 1 0
3 58 16 1 0
59 58 17 1 0
62 58 18 1 0
30 58 19 2 0
60 57 20 1 0
46 57 21 6 0
65 54 22 1 0
52 54 23 3 0
34 52 24 1 0
4 29 25 0 1
4 24 24 0 1
52 117 24 1 0
34 117 25 1 0
4 29 26 0 1
4 24 22 0 1
34 118 22 1 0
4 29 23 0 1
4 34 22 0 1
8 3 22 1 0
28 3 23 1 0
10 3 24 1 0
23 3 25 1 0
24 3 26 1 0
22 3 27 1 0
36 3 28 1 0
27 3 29 1 0
7 3 30 1 0
26 3 31 1 0
56 3 32 1 0
58 3 33 1 0
5 3 34 1 0
48 3 35 1 0
71 3 36 1 0
72 3 37 1 0
53 3 38 1 0
54 3 39 1 0
55 3 40 1 0
38 3 41 1 0
4 49 42 0 1
4 41 22 0 1
4 42 20 0 1
13 112 15 1 0
3 112 16 1 0
59 112 17 1 0
62 112 18 1 0
30 112 19 2 0
60 111 20 1 0
9 111 21 3 0
37 109 22 1 0
29 109 23 1 0
34 109 24 1 0
4 29 25 0 1
11 19 22 1 0
4 21 23 0 1
28 124 22 1 0
10 124 23 1 0
23 124 24 1 0
24 124 25 1 0
22 124 26 1 0
36 124 27 1 0
27 124 28 1 0
7 124 29 1 0
26 124 30 1 0
56 124 31 1 0
58 124 32 1 0
5 124 33 1 0
48 124 34 1 0
71 124 35 1 0
72 124 36 1 0
53 124 37 1 0
54 124 38 1 0
55 124 39 5 0
65 123 40 1 0
52 123 41 1 0
34 123 42 1 0
4 29 43 0 1
4 24 40 0 1
34 116 40 1 0
4 29 41 0 1
4 34 40 0 1
4 41 40 0 1
4 42 20 0 1
13 131 15 1 0
3 131 16 1 0
59 131 17 1 0
62 131 18 1 0
30 131 19 2 0
60 130 20 1 0
9 130 21 3 0
37 127 22 1 0
29 127 23 1 0
34 127 24 1 0
4 29 25 0 1
11 19 22 1 0
4 21 23 0 1
28 100 22 1 0
10 100 23 1 0
23 100 24 1 0
24 100 25 1 0
22 100 26 1 0
36 100 27 1 0
27 100 28 1 0
7 100 29 1 0
26 100 30 1 0
56 100 31 1 0
58 100 32 1 0
5 100 33 3 0
5 99 34 1 0
48 99 35 3 0
48 98 36 1 0
71 98 37 1 0
72 98 38 1 0
53 98 39 1 0
29 98 40 1 0
34 98 41 1 0
4 29 42 0 1
4 36 36 0 1
71 15 36 1 0
72 15 37 1 0
53 15 38 1 0
54 15 39 1 0
55 15 40 1 0
38 15 41 1 0
4 30 42 0 1
4 20 34 0 1
48 109 34 1 0
71 109 35 1 0
72 109 36 1 0
53 109 37 1 0
29 109 38 1 0
34 109 39 1 0
4 29 40 0 1
4 42 20 0 1
13 86 15 1 0
3 86 16 1 0
59 86 17 1 0
62 86 18 1 0
30 86 19 2 0
60 85 20 1 0
9 85 21 3 0
37 80 22 1 0
29 80 23 1 0
34 80 24 1 0
4 29 25 0 1
11 19 22 1 0
4 21 23 0 1
28 76 22 1 0
10 76 23 1 0
23 76 24 1 0
24 76 25 1 0
22 76 26 1 0
36 76 27 1 0
27 76 28 1 0
7 76 29 1 0
26 76 30 1 0
56 76 31 1 0
58 76 32 1 0
5 76 33 1 0
48 76 34 3 0
48 75 35 3 0
48 74 36 1 0
71 74 37 1 0
72 74 38 1 0
53 74 39 1 0
29 74 40 1 0
34 74 41 1 0
4 29 42 0 1
4 36 36 0 1
71 14 36 1 0
72 14 37 1 0
53 14 38 1 0
54 14 39 1 0
55 14 40 1 0
38 14 41 1 0
4 27 42 0 1
4 23 35 0 1
71 9 35 1 0
72 9 36 1 0
53 9 37 1 0
54 9 38 1 0
55 9 39 3 0
4 34 40 0 1
28 11 40 1 0
10 11 41 1 0
23 11 42 1 0
24 11 43 1 0
22 11 44 1 0
36 11 45 1 0
27 11 46 1 0
7 11 47 1 0
26 11 48 1 0
56 11 49 1 0
58 11 50 1 0
5 11 51 1 0
48 11 52 3 0
48 10 53 1 0
71 10 54 1 0
72 10 55 1 0
53 10 56 1 0
54 10 57 1 0
55 10 58 3 0
4 34 59 0 1
28 128 59 1 0
10 128 60 1 0
23 128 61 1 0
24 128 62 1 0
22 128 63 1 0
36 128 64 1 0
27 128 65 1 0
7 128 66 1 0
26 128 67 1 0
56 128 68 1 0
58 128 69 1 0
5 128 70 1 0
48 128 71 3 0
48 127 72 1 0
71 127 73 1 0
72 127 74 1 0
53 127 75 1 0
29 127 76 1 0
34 127 77 1 0
4 29 78 0 1
4 36 72 0 1
71 13 72 1 0
72 13 73 1 0
53 13 74 1 0
54 13 75 1 0
55 13 76 1 0
38 13 77 1 0
4 27 78 0 1
4 41 59 0 1
4 36 53 0 1
71 10 53 1 0
72 10 54 1 0
53 10 55 1 0
54 10 56 1 0
55 10 57 3 0
4 34 58 0 1
28 128 58 1 0
10 128 59 1 0
23 128 60 1 0
24 128 61 1 0
22 128 62 1 0
36 128 63 1 0
27 128 64 1 0
7 128 65 1 0
26 128 66 1 0
56 128 67 1 0
58 128 68 1 0
5 128 69 1 0
48 128 70 3 0
48 127 71 1 0
71 127 72 1 0
72 127 73 1 0
53 127 74 1 0
29 127 75 1 0
34 127 76 1 0
4 29 77 0 1
4 36 71 0 1
71 13 71 1 0
72 13 72 1 0
53 13 73 1 0
54 13 74 1 0
55 13 75 1 0
38 13 76 1 0
4 27 77 0 1
4 41 58 0 1
4 41 40 0 1
4 42 20 0 1
13 62 15 1 0
3 62 16 1 0
59 62 17 1 0
62 62 18 1 0
30 62 19 2 0
60 61 20 1 0
46 61 21 6 0
65 54 22 1 0
52 54 23 3 0
34 52 24 1 0
4 29 25 0 1
4 24 24 0 1
52 117 24 1 0
34 117 25 1 0
4 29 26 0 1
4 24 22 0 1
34 119 22 1 0
4 29 23 0 1
4 34 22 0 1
8 1 22 1 0
28 1 23 1 0
10 1 24 1 0
23 1 25 1 0
24 1 26 1 0
22 1 27 1 0
36 1 28 1 0
27 1 29 1 0
7 1 30 1 0
26 1 31 1 0
56 1 32 1 0
58 1 33 1 0
5 1 34 3 0
5 0 35 1 0
48 0 36 1 0
71 0 37 1 0
72 0 38 1 0
53 0 39 1 0
54 0 40 1 0
55 0 41 1 0
38 0 42 1 0
4 49 43 0 1
4 20 35 0 1
48 80 35 1 0
71 80 36 1 0
72 80 37 1 0
53 80 38 1 0
29 80 39 1 0
34 80 40 1 0
4 29 41 0 1
4 41 22 0 1
4 42 20 0 1
13 104 15 1 0
3 104 16 1 0
59 104 17 1 0
35 104 18 7 0
4 28 19 0 1
4 34 19 0 1
28 81 19 1 0
10 81 20 1 0
23 81 21 1 0
24 81 22 1 0
22 81 23 1 0
36 81 24 1 0
27 81 25 1 0
7 81 26 1 0
26 81 27 1 0
56 81 28 3 0
56 80 29 1 0
58 80 30 1 0
5 80 31 1 0
48 80 32 1 0
71 80 33 1 0
72 80 34 1 0
53 80 35 1 0
29 80 36 1 0
34 80 37 1 0
4 29 38 0 1
4 35 29 0 1
58 16 29 1 0
5 16 30 1 0
48 16 31 1 0
71 16 32 1 0
72 16 33 1 0
53 16 34 1 0
54 16 35 1 0
55 16 36 1 0
38 16 37 1 0
4 27 38 0 1
4 41 19 0 1
61 138 19 1 0
62 138 20 1 0
12 138 21 3 0
4 32 22 0 1
14 70 22 1 0
13 70 23 1 0
3 70 24 1 0
59 70 25 1 0
62 70 26 1 0
30 70 27 2 0
60 69 28 1 0
46 69 29 6 0
65 54 30 1 0
52 54 31 3 0
34 52 32 1 0
4 29 33 0 1
4 24 32 0 1
52 117 32 1 0
34 117 33 1 0
4 29 34 0 1
4 24 30 0 1
34 119 30 1 0
4 29 31 0 1
4 34 30 0 1
8 8 30 1 0
28 8 31 1 0
10 8 32 1 0
23 8 33 1 0
24 8 34 1 0
22 8 35 1 0
36 8 36 1 0
27 8 37 1 0
7 8 38 1 0
26 8 39 1 0
56 8 40 1 0
58 8 41 1 0
5 8 42 1 0
48 8 43 1 0
71 8 44 1 0
72 8 45 1 0
53 8 46 1 0
54 8 47 1 0
55 8 48 1 0
38 8 49 1 0
4 49 50 0 1
4 41 30 0 1
4 42 28 0 1
4 39 22 0 1
4 26 19 0 1
3 105 19 1 0
59 105 20 1 0
35 105 21 7 0
4 28 22 0 1
4 34 22 0 1
28 82 22 1 0
10 82 23 1 0
23 82 24 1 0
24 82 25 1 0
22 82 26 1 0
36 82 27 1 0
27 82 28 1 0
7 82 29 1 0
26 82 30 1 0
56 82 31 3 0
56 80 32 1 0
58 80 33 1 0
5 80 34 1 0
48 80 35 1 0
71 80 36 1 0
72 80 37 1 0
53 80 38 1 0
29 80 39 1 0
34 80 40 1 0
4 29 41 0 1
4 35 32 0 1
58 17 32 1 0
5 17 33 1 0
48 17 34 1 0
71 17 35 1 0
72 17 36 1 0
53 17 37 1 0
54 17 38 1 0
55 17 39 1 0
38 17 40 1 0
4 30 41 0 1
4 41 22 0 1
61 135 22 1 0
62 135 23 1 0
12 135 24 3 0
4 32 25 0 1
14 64 25 1 0
13 64 26 1 0
3 64 27 1 0
59 64 28 1 0
62 64 29 1 0
30 64 30 2 0
60 63 31 1 0
46 63 32 6 0
65 54 33 1 0
52 54 34 3 0
34 52 35 1 0
4 29 36 0 1
4 24 35 0 1
52 117 35 1 0
34 117 36 1 0
4 29 37 0 1
4 24 33 0 1
34 119 33 1 0
4 29 34 0 1
4 34 33 0 1
8 5 33 1 0
28 5 34 1 0
10 5 35 1 0
23 5 36 1 0
24 5 37 1 0
22 5 38 1 0
36 5 39 1 0
27 5 40 1 0
7 5 41 1 0
26 5 42 1 0
56 5 43 1 0
58 5 44 1 0
5 5 45 1 0
48 5 46 1 0
71 5 47 1 0
72 5 48 1 0
53 5 49 1 0
54 5 50 1 0
55 5 51 1 0
38 5 52 1 0
4 49 53 0 1
4 41 33 0 1
4 42 31 0 1
4 39 25 0 1
4 26 22 0 1
3 106 22 1 0
59 106 23 1 0
35 106 24 7 0
4 28 25 0 1
4 34 25 0 1
28 83 25 1 0
10 83 26 1 0
23 83 27 1 0
24 83 28 1 0
22 83 29 1 0
36 83 30 1 0
27 83 31 1 0
7 83 32 1 0
26 83 33 1 0
56 83 34 3 0
56 80 35 1 0
58 80 36 1 0
5 80 37 1 0
48 80 38 1 0
71 80 39 1 0
72 80 40 1 0
53 80 41 1 0
29 80 42 1 0
34 80 43 1 0
4 29 44 0 1
4 35 35 0 1
58 18 35 1 0
5 18 36 1 0
48 18 37 1 0
71 18 38 1 0
72 18 39 1 0
53 18 40 1 0
54 18 41 1 0
55 18 42 1 0
38 18 43 1 0
4 30 44 0 1
4 41 25 0 1
61 137 25 1 0
62 137 26 1 0
12 137 27 3 0
4 32 28 0 1
14 68 28 1 0
13 68 29 1 0
3 68 30 1 0
59 68 31 1 0
62 68 32 1 0
30 68 33 2 0
60 67 34 1 0
46 67 35 6 0
65 54 36 1 0
52 54 37 3 0
34 52 38 1 0
4 29 39 0 1
4 24 38 0 1
52 117 38 1 0
34 117 39 1 0
4 29 40 0 1
4 24 36 0 1
34 119 36 1 0
4 29 37 0 1
4 34 36 0 1
8 7 36 1 0
28 7 37 1 0
10 7 38 1 0
23 7 39 1 0
24 7 40 1 0
22 7 41 1 0
36 7 42 1 0
27 7 43 1 0
7 7 44 1 0
26 7 45 1 0
56 7 46 1 0
58 7 47 1 0
5 7 48 1 0
48 7 49 1 0
71 7 50 1 0
72 7 51 1 0
53 7 52 1 0
54 7 53 1 0
55 7 54 1 0
38 7 55 1 0
4 49 56 0 1
4 41 36 0 1
4 42 34 0 1
4 39 28 0 1
4 26 25 0 1
3 136 25 1 0
59 136 26 1 0
62 136 27 1 0
12 136 28 3 0
4 32 29 0 1
14 66 29 1 0
13 66 30 1 0
3 66 31 1 0
59 66 32 1 0
62 66 33 1 0
30 66 34 2 0
60 65 35 1 0
46 65 36 6 0
65 54 37 1 0
52 54 38 3 0
34 52 39 1 0
4 29 40 0 1
4 24 39 0 1
52 117 39 1 0
34 117 40 1 0
4 29 41 0 1
4 24 37 0 1
34 119 37 1 0
4 29 38 0 1
4 34 37 0 1
8 6 37 1 0
28 6 38 1 0
10 6 39 1 0
23 6 40 1 0
24 6 41 1 0
22 6 42 1 0
36 6 43 1 0
27 6 44 1 0
7 6 45 1 0
26 6 46 1 0
56 6 47 1 0
58 6 48 1 0
5 6 49 1 0
48 6 50 1 0
71 6 51 1 0
72 6 52 1 0
53 6 53 1 0
54 6 54 1 0
55 6 55 1 0
38 6 56 1 0
4 49 57 0 1
4 41 37 0 1
4 42 35 0 1
4 39 29 0 1
4 39 14 0 1
4 39 8 0 1
