1 145 0 1 0
21 111 1 1 0
52 111 2 1 0
65 124 3 1 0
0 145 4 1 0
17 124 5 1 0
50 124 6 4 0
19 123 7 1 0
4 41 8 0 1
4 23 7 0 1
66 34 7 1 0
4 32 8 0 1
15 143 7 4 0
4 35 8 0 1
16 125 8 1 0
18 125 9 1 0
2 145 10 1 0
43 125 11 4 0
47 123 12 1 0
4 41 13 0 1
47 131 12 1 0
4 47 13 0 1
45 90 12 2 0
58 85 13 1 0
72 85 14 1 0
70 85 15 1 0
51 85 16 1 0
31 85 17 1 0
4 27 18 0 1
44 107 13 4 0
34 98 14 1 0
4 32 15 0 1
4 37 14 0 1
33 87 14 3 0
32 86 15 2 0
72 85 16 1 0
70 85 17 1 0
51 85 18 1 0
31 85 19 1 0
4 27 20 0 1
78 78 16 1 0
34 78 17 1 0
4 32 18 0 1
4 24 15 0 1
32 91 15 2 0
72 85 16 1 0
70 85 17 1 0
51 85 18 1 0
31 85 19 1 0
4 27 20 0 1
78 132 16 1 0
34 132 17 1 0
4 32 18 0 1
4 45 14 0 1
42 144 12 1 0
12 144 13 3 0
4 35 14 0 1
14 127 14 1 0
13 127 15 1 0
3 127 16 1 0
61 127 17 1 0
64 127 18 1 0
59 127 19 3 0
4 44 20 0 1
28 80 20 1 0
10 80 21 1 0
23 80 22 1 0
24 80 23 1 0
22 80 24 1 0
36 80 25 1 0
27 80 26 1 0
7 80 27 1 0
26 80 28 1 0
57 80 29 1 0
60 80 30 1 0
5 80 31 1 0
49 80 32 3 0
49 79 33 3 0
49 78 34 1 0
73 78 35 1 0
74 78 36 1 0
54 78 37 1 0
29 78 38 1 0
34 78 39 1 0
4 32 40 0 1
4 39 34 0 1
73 14 34 1 0
74 14 35 1 0
54 14 36 1 0
55 14 37 1 0
56 14 38 1 0
38 14 39 1 0
4 29 40 0 1
4 25 33 0 1
73 9 33 1 0
74 9 34 1 0
54 9 35 1 0
55 9 36 1 0
56 9 37 3 0
4 37 38 0 1
28 11 38 1 0
10 11 39 1 0
23 11 40 1 0
24 11 41 1 0
22 11 42 1 0
36 11 43 1 0
27 11 44 1 0
7 11 45 1 0
26 11 46 1 0
57 11 47 1 0
60 11 48 1 0
5 11 49 1 0
49 11 50 3 0
49 10 51 1 0
73 10 52 1 0
74 10 53 1 0
54 10 54 1 0
55 10 55 1 0
56 10 56 3 0
4 37 57 0 1
28 133 57 1 0
10 133 58 1 0
23 133 59 1 0
24 133 60 1 0
22 133 61 1 0
36 133 62 1 0
27 133 63 1 0
7 133 64 1 0
26 133 65 1 0
57 133 66 1 0
60 133 67 1 0
5 133 68 1 0
49 133 69 3 0
49 132 70 1 0
73 132 71 1 0
74 132 72 1 0
54 132 73 1 0
29 132 74 1 0
34 132 75 1 0
4 32 76 0 1
4 39 70 0 1
73 13 70 1 0
74 13 71 1 0
54 13 72 1 0
55 13 73 1 0
56 13 74 1 0
38 13 75 1 0
4 29 76 0 1
4 45 57 0 1
4 39 51 0 1
73 10 51 1 0
74 10 52 1 0
54 10 53 1 0
55 10 54 1 0
56 10 55 3 0
4 37 56 0 1
28 133 56 1 0
10 133 57 1 0
23 133 58 1 0
24 133 59 1 0
22 133 60 1 0
36 133 61 1 0
27 133 62 1 0
7 133 63 1 0
26 133 64 1 0
57 133 65 1 0
60 133 66 1 0
5 133 67 1 0
49 133 68 3 0
49 132 69 1 0
73 132 70 1 0
74 132 71 1 0
54 132 72 1 0
29 132 73 1 0
34 132 74 1 0
4 32 75 0 1
4 39 69 0 1
73 13 69 1 0
74 13 70 1 0
54 13 71 1 0
55 13 72 1 0
56 13 73 1 0
38 13 74 1 0
4 29 75 0 1
4 45 56 0 1
4 45 38 0 1
4 46 20 0 1
4 42 14 0 1
16 126 8 1 0
18 126 9 1 0
2 145 10 1 0
43 126 11 4 0
47 123 12 1 0
4 41 13 0 1
47 131 12 1 0
4 47 13 0 1
45 137 12 2 0
58 136 13 1 0
4 75 14 0 1
44 117 13 4 0
34 116 14 1 0
4 32 15 0 1
4 37 14 0 1
33 55 14 1 0
32 55 15 2 0
72 54 16 1 0
71 54 17 1 0
68 54 18 2 0
69 52 19 1 0
66 52 20 1 0
4 32 21 0 1
25 76 19 2 0
4 36 20 0 1
4 43 20 0 1
78 77 16 1 0
34 77 17 1 0
4 32 18 0 1
4 45 14 0 1
42 138 12 1 0
12 138 13 3 0
4 35 14 0 1
14 51 14 11 0
13 50 15 1 0
40 50 16 2 0
39 49 17 2 0
41 48 18 1 0
72 48 19 1 0
71 48 20 1 0
69 48 21 1 0
66 48 22 1 0
4 32 23 0 1
79 130 18 1 0
77 130 19 3 0
78 128 20 1 0
34 128 21 1 0
4 32 22 0 1
4 22 20 0 1
80 118 20 1 0
28 118 21 1 0
10 118 22 1 0
23 118 23 1 0
24 118 24 1 0
22 118 25 1 0
36 118 26 1 0
27 118 27 1 0
7 118 28 1 0
26 118 29 1 0
57 118 30 1 0
60 118 31 1 0
5 118 32 1 0
49 118 33 1 0
73 118 34 1 0
74 118 35 1 0
54 118 36 1 0
55 118 37 1 0
56 118 38 1 0
75 118 39 5 0
4 40 40 0 1
20 48 40 1 0
34 48 41 1 0
4 32 42 0 1
4 37 40 0 1
8 57 40 1 0
28 57 41 1 0
10 57 42 1 0
23 57 43 1 0
24 57 44 1 0
22 57 45 1 0
36 57 46 1 0
27 57 47 1 0
7 57 48 1 0
26 57 49 1 0
57 57 50 1 0
60 57 51 1 0
5 57 52 1 0
49 57 53 1 0
73 57 54 1 0
74 57 55 1 0
54 57 56 1 0
29 57 57 3 0
6 56 58 1 0
34 56 59 1 0
4 32 60 0 1
4 26 58 0 1
34 112 58 1 0
4 32 59 0 1
4 45 40 0 1
4 46 17 0 1
13 89 15 1 0
40 89 16 2 0
39 88 17 2 0
41 85 18 1 0
72 85 19 1 0
70 85 20 1 0
51 85 21 1 0
31 85 22 1 0
4 27 23 0 1
79 81 18 7 0
77 78 19 1 0
78 78 20 1 0
34 78 21 1 0
4 32 22 0 1
4 24 19 0 1
77 113 19 1 0
78 113 20 1 0
34 113 21 1 0
4 32 22 0 1
4 24 19 0 1
77 132 19 1 0
78 132 20 1 0
34 132 21 1 0
4 32 22 0 1
4 24 19 0 1
77 95 19 3 0
78 92 20 1 0
34 92 21 1 0
4 32 22 0 1
4 22 20 0 1
80 12 20 1 0
28 12 21 1 0
10 12 22 1 0
23 12 23 1 0
24 12 24 1 0
22 12 25 1 0
36 12 26 1 0
27 12 27 1 0
7 12 28 1 0
26 12 29 1 0
57 12 30 1 0
60 12 31 1 0
5 12 32 1 0
49 12 33 1 0
73 12 34 1 0
74 12 35 1 0
54 12 36 1 0
55 12 37 1 0
56 12 38 1 0
38 12 39 1 0
4 33 40 0 1
4 46 17 0 1
13 64 15 1 0
3 64 16 1 0
61 64 17 1 0
64 64 18 1 0
30 64 19 2 0
62 63 20 1 0
46 63 21 6 0
67 58 22 1 0
53 58 23 3 0
34 56 24 1 0
4 32 25 0 1
4 26 24 0 1
53 120 24 1 0
34 120 25 1 0
4 32 26 0 1
4 26 22 0 1
34 121 22 1 0
4 32 23 0 1
4 37 22 0 1
8 4 22 1 0
28 4 23 1 0
10 4 24 1 0
23 4 25 1 0
24 4 26 1 0
22 4 27 1 0
36 4 28 1 0
27 4 29 1 0
7 4 30 1 0
26 4 31 1 0
57 4 32 1 0
60 4 33 1 0
5 4 34 1 0
49 4 35 1 0
73 4 36 1 0
74 4 37 1 0
54 4 38 1 0
55 4 39 1 0
56 4 40 1 0
38 4 41 1 0
4 53 42 0 1
4 45 22 0 1
4 46 20 0 1
13 84 15 1 0
3 84 16 1 0
61 84 17 1 0
64 84 18 1 0
30 84 19 2 0
62 83 20 1 0
9 83 21 3 0
37 78 22 1 0
29 78 23 1 0
34 78 24 1 0
4 32 25 0 1
11 19 22 1 0
4 22 23 0 1
28 129 22 1 0
10 129 23 1 0
23 129 24 1 0
24 129 25 1 0
22 129 26 1 0
36 129 27 1 0
27 129 28 1 0
7 129 29 1 0
26 129 30 1 0
57 129 31 1 0
60 129 32 1 0
5 129 33 1 0
49 129 34 1 0
73 129 35 1 0
74 129 36 1 0
54 129 37 1 0
55 129 38 1 0
56 129 39 5 0
67 128 40 1 0
53 128 41 1 0
34 128 42 1 0
4 32 43 0 1
4 26 40 0 1
34 119 40 1 0
4 32 41 0 1
4 37 40 0 1
4 45 40 0 1
4 46 20 0 1
13 60 15 1 0
3 60 16 1 0
61 60 17 1 0
64 60 18 1 0
30 60 19 2 0
62 59 20 1 0
46 59 21 6 0
67 58 22 1 0
53 58 23 3 0
34 56 24 1 0
4 32 25 0 1
4 26 24 0 1
53 120 24 1 0
34 120 25 1 0
4 32 26 0 1
4 26 22 0 1
34 121 22 1 0
4 32 23 0 1
4 37 22 0 1
8 2 22 1 0
28 2 23 1 0
10 2 24 1 0
23 2 25 1 0
24 2 26 1 0
22 2 27 1 0
36 2 28 1 0
27 2 29 1 0
7 2 30 1 0
26 2 31 1 0
57 2 32 1 0
60 2 33 1 0
5 2 34 1 0
49 2 35 1 0
73 2 36 1 0
74 2 37 1 0
54 2 38 1 0
55 2 39 1 0
56 2 40 1 0
38 2 41 1 0
4 53 42 0 1
4 45 22 0 1
4 46 20 0 1
13 97 15 1 0
3 97 16 1 0
61 97 17 1 0
64 97 18 1 0
30 97 19 2 0
62 96 20 1 0
9 96 21 3 0
37 92 22 1 0
29 92 23 1 0
34 92 24 1 0
4 32 25 0 1
11 19 22 1 0
4 22 23 0 1
28 129 22 1 0
10 129 23 1 0
23 129 24 1 0
24 129 25 1 0
22 129 26 1 0
36 129 27 1 0
27 129 28 1 0
7 129 29 1 0
26 129 30 1 0
57 129 31 1 0
60 129 32 1 0
5 129 33 1 0
49 129 34 1 0
73 129 35 1 0
74 129 36 1 0
54 129 37 1 0
55 129 38 1 0
56 129 39 5 0
67 128 40 1 0
53 128 41 1 0
34 128 42 1 0
4 32 43 0 1
4 26 40 0 1
34 119 40 1 0
4 32 41 0 1
4 37 40 0 1
4 45 40 0 1
4 46 20 0 1
13 62 15 1 0
3 62 16 1 0
61 62 17 1 0
64 62 18 1 0
30 62 19 2 0
62 61 20 1 0
46 61 21 6 0
67 58 22 1 0
53 58 23 3 0
34 56 24 1 0
4 32 25 0 1
4 26 24 0 1
53 120 24 1 0
34 120 25 1 0
4 32 26 0 1
4 26 22 0 1
34 121 22 1 0
4 32 23 0 1
4 37 22 0 1
8 3 22 1 0
28 3 23 1 0
10 3 24 1 0
23 3 25 1 0
24 3 26 1 0
22 3 27 1 0
36 3 28 1 0
27 3 29 1 0
7 3 30 1 0
26 3 31 1 0
57 3 32 1 0
60 3 33 1 0
5 3 34 1 0
49 3 35 1 0
73 3 36 1 0
74 3 37 1 0
54 3 38 1 0
55 3 39 1 0
56 3 40 1 0
38 3 41 1 0
4 53 42 0 1
4 45 22 0 1
4 46 20 0 1
13 115 15 1 0
3 115 16 1 0
61 115 17 1 0
64 115 18 1 0
30 115 19 2 0
62 114 20 1 0
9 114 21 3 0
37 113 22 1 0
29 113 23 1 0
34 113 24 1 0
4 32 25 0 1
11 19 22 1 0
4 22 23 0 1
28 129 22 1 0
10 129 23 1 0
23 129 24 1 0
24 129 25 1 0
22 129 26 1 0
36 129 27 1 0
27 129 28 1 0
7 129 29 1 0
26 129 30 1 0
57 129 31 1 0
60 129 32 1 0
5 129 33 1 0
49 129 34 1 0
73 129 35 1 0
74 129 36 1 0
54 129 37 1 0
55 129 38 1 0
56 129 39 5 0
67 128 40 1 0
53 128 41 1 0
34 128 42 1 0
4 32 43 0 1
4 26 40 0 1
34 119 40 1 0
4 32 41 0 1
4 37 40 0 1
4 45 40 0 1
4 46 20 0 1
13 135 15 1 0
3 135 16 1 0
61 135 17 1 0
64 135 18 1 0
30 135 19 2 0
62 134 20 1 0
9 134 21 3 0
37 132 22 1 0
29 132 23 1 0
34 132 24 1 0
4 32 25 0 1
11 19 22 1 0
4 22 23 0 1
28 94 22 1 0
10 94 23 1 0
23 94 24 1 0
24 94 25 1 0
22 94 26 1 0
36 94 27 1 0
27 94 28 1 0
7 94 29 1 0
26 94 30 1 0
57 94 31 1 0
60 94 32 1 0
5 94 33 3 0
5 93 34 1 0
49 93 35 3 0
49 92 36 1 0
73 92 37 1 0
74 92 38 1 0
54 92 39 1 0
29 92 40 1 0
34 92 41 1 0
4 32 42 0 1
4 39 36 0 1
73 15 36 1 0
74 15 37 1 0
54 15 38 1 0
55 15 39 1 0
56 15 40 1 0
38 15 41 1 0
4 33 42 0 1
4 20 34 0 1
49 113 34 1 0
73 113 35 1 0
74 113 36 1 0
54 113 37 1 0
29 113 38 1 0
34 113 39 1 0
4 32 40 0 1
4 46 20 0 1
13 66 15 1 0
3 66 16 1 0
61 66 17 1 0
64 66 18 1 0
30 66 19 2 0
62 65 20 1 0
46 65 21 6 0
67 58 22 1 0
53 58 23 3 0
34 56 24 1 0
4 32 25 0 1
4 26 24 0 1
53 120 24 1 0
34 120 25 1 0
4 32 26 0 1
4 26 22 0 1
34 122 22 1 0
4 32 23 0 1
4 37 22 0 1
8 1 22 1 0
28 1 23 1 0
10 1 24 1 0
23 1 25 1 0
24 1 26 1 0
22 1 27 1 0
36 1 28 1 0
27 1 29 1 0
7 1 30 1 0
26 1 31 1 0
57 1 32 1 0
60 1 33 1 0
5 1 34 3 0
5 0 35 1 0
49 0 36 1 0
73 0 37 1 0
74 0 38 1 0
54 0 39 1 0
55 0 40 1 0
56 0 41 1 0
38 0 42 1 0
4 53 43 0 1
4 20 35 0 1
49 99 35 1 0
73 99 36 1 0
74 99 37 1 0
54 99 38 1 0
55 99 39 1 0
56 99 40 4 0
48 98 41 1 0
76 98 42 1 0
4 32 43 0 1
4 37 41 0 1
8 82 41 3 0
28 78 42 1 0
10 78 43 1 0
23 78 44 1 0
24 78 45 1 0
22 78 46 1 0
36 78 47 1 0
27 78 48 1 0
7 78 49 1 0
26 78 50 1 0
57 78 51 1 0
60 78 52 1 0
5 78 53 1 0
49 78 54 1 0
73 78 55 1 0
74 78 56 1 0
54 78 57 1 0
29 78 58 1 0
34 78 59 1 0
4 32 60 0 1
4 24 42 0 1
28 132 42 1 0
10 132 43 1 0
23 132 44 1 0
24 132 45 1 0
22 132 46 1 0
36 132 47 1 0
27 132 48 1 0
7 132 49 1 0
26 132 50 1 0
57 132 51 1 0
60 132 52 1 0
5 132 53 1 0
49 132 54 1 0
73 132 55 1 0
74 132 56 1 0
54 132 57 1 0
29 132 58 1 0
34 132 59 1 0
4 32 60 0 1
4 45 41 0 1
4 45 22 0 1
4 46 20 0 1
13 108 15 1 0
3 108 16 1 0
61 108 17 1 0
35 108 18 7 0
4 31 19 0 1
4 37 19 0 1
28 101 19 1 0
10 101 20 1 0
23 101 21 1 0
24 101 22 1 0
22 101 23 3 0
22 100 24 1 0
36 100 25 1 0
27 100 26 1 0
7 100 27 1 0
26 100 28 1 0
57 100 29 3 0
57 99 30 1 0
60 99 31 1 0
5 99 32 1 0
49 99 33 1 0
73 99 34 1 0
74 99 35 1 0
54 99 36 1 0
55 99 37 1 0
56 99 38 4 0
48 98 39 1 0
76 98 40 1 0
4 32 41 0 1
4 37 39 0 1
8 82 39 3 0
28 78 40 1 0
10 78 41 1 0
23 78 42 1 0
24 78 43 1 0
22 78 44 1 0
36 78 45 1 0
27 78 46 1 0
7 78 47 1 0
26 78 48 1 0
57 78 49 1 0
60 78 50 1 0
5 78 51 1 0
49 78 52 1 0
73 78 53 1 0
74 78 54 1 0
54 78 55 1 0
29 78 56 1 0
34 78 57 1 0
4 32 58 0 1
4 24 40 0 1
28 132 40 1 0
10 132 41 1 0
23 132 42 1 0
24 132 43 1 0
22 132 44 1 0
36 132 45 1 0
27 132 46 1 0
7 132 47 1 0
26 132 48 1 0
57 132 49 1 0
60 132 50 1 0
5 132 51 1 0
49 132 52 1 0
73 132 53 1 0
74 132 54 1 0
54 132 55 1 0
29 132 56 1 0
34 132 57 1 0
4 32 58 0 1
4 45 39 0 1
4 38 30 0 1
60 17 30 1 0
5 17 31 1 0
49 17 32 1 0
73 17 33 1 0
74 17 34 1 0
54 17 35 1 0
55 17 36 1 0
56 17 37 1 0
38 17 38 1 0
4 33 39 0 1
4 21 24 0 1
36 104 24 1 0
27 104 25 1 0
7 104 26 1 0
26 104 27 1 0
57 104 28 3 0
57 99 29 1 0
60 99 30 1 0
5 99 31 1 0
49 99 32 1 0
73 99 33 1 0
74 99 34 1 0
54 99 35 1 0
55 99 36 1 0
56 99 37 4 0
48 98 38 1 0
76 98 39 1 0
4 32 40 0 1
4 37 38 0 1
8 82 38 3 0
28 78 39 1 0
10 78 40 1 0
23 78 41 1 0
24 78 42 1 0
22 78 43 1 0
36 78 44 1 0
27 78 45 1 0
7 78 46 1 0
26 78 47 1 0
57 78 48 1 0
60 78 49 1 0
5 78 50 1 0
49 78 51 1 0
73 78 52 1 0
74 78 53 1 0
54 78 54 1 0
29 78 55 1 0
34 78 56 1 0
4 32 57 0 1
4 24 39 0 1
28 132 39 1 0
10 132 40 1 0
23 132 41 1 0
24 132 42 1 0
22 132 43 1 0
36 132 44 1 0
27 132 45 1 0
7 132 46 1 0
26 132 47 1 0
57 132 48 1 0
60 132 49 1 0
5 132 50 1 0
49 132 51 1 0
73 132 52 1 0
74 132 53 1 0
54 132 54 1 0
29 132 55 1 0
34 132 56 1 0
4 32 57 0 1
4 45 38 0 1
4 30 29 0 1
60 16 29 1 0
5 16 30 1 0
49 16 31 1 0
73 16 32 1 0
74 16 33 1 0
54 16 34 1 0
55 16 35 1 0
56 16 36 1 0
38 16 37 1 0
4 29 38 0 1
4 45 19 0 1
63 139 19 1 0
64 139 20 1 0
12 139 21 3 0
4 35 22 0 1
14 68 22 1 0
13 68 23 1 0
3 68 24 1 0
61 68 25 1 0
64 68 26 1 0
30 68 27 2 0
62 67 28 1 0
46 67 29 6 0
67 58 30 1 0
53 58 31 3 0
34 56 32 1 0
4 32 33 0 1
4 26 32 0 1
53 120 32 1 0
34 120 33 1 0
4 32 34 0 1
4 26 30 0 1
34 122 30 1 0
4 32 31 0 1
4 37 30 0 1
8 5 30 1 0
28 5 31 1 0
10 5 32 1 0
23 5 33 1 0
24 5 34 1 0
22 5 35 1 0
36 5 36 1 0
27 5 37 1 0
7 5 38 1 0
26 5 39 1 0
57 5 40 1 0
60 5 41 1 0
5 5 42 1 0
49 5 43 1 0
73 5 44 1 0
74 5 45 1 0
54 5 46 1 0
55 5 47 1 0
56 5 48 1 0
38 5 49 1 0
4 53 50 0 1
4 45 30 0 1
4 46 28 0 1
4 42 22 0 1
4 28 19 0 1
3 109 19 1 0
61 109 20 1 0
35 109 21 7 0
4 31 22 0 1
4 37 22 0 1
28 103 22 1 0
10 103 23 1 0
23 103 24 1 0
24 103 25 1 0
22 103 26 3 0
22 102 27 1 0
36 102 28 1 0
27 102 29 1 0
7 102 30 1 0
26 102 31 1 0
57 102 32 3 0
57 99 33 1 0
60 99 34 1 0
5 99 35 1 0
49 99 36 1 0
73 99 37 1 0
74 99 38 1 0
54 99 39 1 0
55 99 40 1 0
56 99 41 4 0
48 98 42 1 0
76 98 43 1 0
4 32 44 0 1
4 37 42 0 1
8 82 42 3 0
28 78 43 1 0
10 78 44 1 0
23 78 45 1 0
24 78 46 1 0
22 78 47 1 0
36 78 48 1 0
27 78 49 1 0
7 78 50 1 0
26 78 51 1 0
57 78 52 1 0
60 78 53 1 0
5 78 54 1 0
49 78 55 1 0
73 78 56 1 0
74 78 57 1 0
54 78 58 1 0
29 78 59 1 0
34 78 60 1 0
4 32 61 0 1
4 24 43 0 1
28 132 43 1 0
10 132 44 1 0
23 132 45 1 0
24 132 46 1 0
22 132 47 1 0
36 132 48 1 0
27 132 49 1 0
7 132 50 1 0
26 132 51 1 0
57 132 52 1 0
60 132 53 1 0
5 132 54 1 0
49 132 55 1 0
73 132 56 1 0
74 132 57 1 0
54 132 58 1 0
29 132 59 1 0
34 132 60 1 0
4 32 61 0 1
4 45 42 0 1
4 38 33 0 1
60 18 33 1 0
5 18 34 1 0
49 18 35 1 0
73 18 36 1 0
74 18 37 1 0
54 18 38 1 0
55 18 39 1 0
56 18 40 1 0
38 18 41 1 0
4 33 42 0 1
4 21 27 0 1
36 105 27 1 0
27 105 28 1 0
7 105 29 1 0
26 105 30 1 0
57 105 31 3 0
57 99 32 1 0
60 99 33 1 0
5 99 34 1 0
49 99 35 1 0
73 99 36 1 0
74 99 37 1 0
54 99 38 1 0
55 99 39 1 0
56 99 40 4 0
48 98 41 1 0
76 98 42 1 0
4 32 43 0 1
4 37 41 0 1
8 82 41 3 0
28 78 42 1 0
10 78 43 1 0
23 78 44 1 0
24 78 45 1 0
22 78 46 1 0
36 78 47 1 0
27 78 48 1 0
7 78 49 1 0
26 78 50 1 0
57 78 51 1 0
60 78 52 1 0
5 78 53 1 0
49 78 54 1 0
73 78 55 1 0
74 78 56 1 0
54 78 57 1 0
29 78 58 1 0
34 78 59 1 0
4 32 60 0 1
4 24 42 0 1
28 132 42 1 0
10 132 43 1 0
23 132 44 1 0
24 132 45 1 0
22 132 46 1 0
36 132 47 1 0
27 132 48 1 0
7 132 49 1 0
26 132 50 1 0
57 132 51 1 0
60 132 52 1 0
5 132 53 1 0
49 132 54 1 0
73 132 55 1 0
74 132 56 1 0
54 132 57 1 0
29 132 58 1 0
34 132 59 1 0
4 32 60 0 1
4 45 41 0 1
4 30 32 0 1
60 17 32 1 0
5 17 33 1 0
49 17 34 1 0
73 17 35 1 0
74 17 36 1 0
54 17 37 1 0
55 17 38 1 0
56 17 39 1 0
38 17 40 1 0
4 33 41 0 1
4 45 22 0 1
63 141 22 1 0
64 141 23 1 0
12 141 24 3 0
4 35 25 0 1
14 72 25 1 0
13 72 26 1 0
3 72 27 1 0
61 72 28 1 0
64 72 29 1 0
30 72 30 2 0
62 71 31 1 0
46 71 32 6 0
67 58 33 1 0
53 58 34 3 0
34 56 35 1 0
4 32 36 0 1
4 26 35 0 1
53 120 35 1 0
34 120 36 1 0
4 32 37 0 1
4 26 33 0 1
34 122 33 1 0
4 32 34 0 1
4 37 33 0 1
8 7 33 1 0
28 7 34 1 0
10 7 35 1 0
23 7 36 1 0
24 7 37 1 0
22 7 38 1 0
36 7 39 1 0
27 7 40 1 0
7 7 41 1 0
26 7 42 1 0
57 7 43 1 0
60 7 44 1 0
5 7 45 1 0
49 7 46 1 0
73 7 47 1 0
74 7 48 1 0
54 7 49 1 0
55 7 50 1 0
56 7 51 1 0
38 7 52 1 0
4 53 53 0 1
4 45 33 0 1
4 46 31 0 1
4 42 25 0 1
4 28 22 0 1
3 110 22 1 0
61 110 23 1 0
35 110 24 7 0
4 31 25 0 1
4 37 25 0 1
28 106 25 1 0
10 106 26 1 0
23 106 27 1 0
24 106 28 1 0
22 106 29 1 0
36 106 30 1 0
27 106 31 1 0
7 106 32 1 0
26 106 33 1 0
57 106 34 3 0
57 99 35 1 0
60 99 36 1 0
5 99 37 1 0
49 99 38 1 0
73 99 39 1 0
74 99 40 1 0
54 99 41 1 0
55 99 42 1 0
56 99 43 4 0
48 98 44 1 0
76 98 45 1 0
4 32 46 0 1
4 37 44 0 1
8 82 44 3 0
28 78 45 1 0
10 78 46 1 0
23 78 47 1 0
24 78 48 1 0
22 78 49 1 0
36 78 50 1 0
27 78 51 1 0
7 78 52 1 0
26 78 53 1 0
57 78 54 1 0
60 78 55 1 0
5 78 56 1 0
49 78 57 1 0
73 78 58 1 0
74 78 59 1 0
54 78 60 1 0
29 78 61 1 0
34 78 62 1 0
4 32 63 0 1
4 24 45 0 1
28 132 45 1 0
10 132 46 1 0
23 132 47 1 0
24 132 48 1 0
22 132 49 1 0
36 132 50 1 0
27 132 51 1 0
7 132 52 1 0
26 132 53 1 0
57 132 54 1 0
60 132 55 1 0
5 132 56 1 0
49 132 57 1 0
73 132 58 1 0
74 132 59 1 0
54 132 60 1 0
29 132 61 1 0
34 132 62 1 0
4 32 63 0 1
4 45 44 0 1
4 30 35 0 1
60 18 35 1 0
5 18 36 1 0
49 18 37 1 0
73 18 38 1 0
74 18 39 1 0
54 18 40 1 0
55 18 41 1 0
56 18 42 1 0
38 18 43 1 0
4 33 44 0 1
4 45 25 0 1
63 140 25 1 0
64 140 26 1 0
12 140 27 3 0
4 35 28 0 1
14 70 28 1 0
13 70 29 1 0
3 70 30 1 0
61 70 31 1 0
64 70 32 1 0
30 70 33 2 0
62 69 34 1 0
46 69 35 6 0
67 58 36 1 0
53 58 37 3 0
34 56 38 1 0
4 32 39 0 1
4 26 38 0 1
53 120 38 1 0
34 120 39 1 0
4 32 40 0 1
4 26 36 0 1
34 122 36 1 0
4 32 37 0 1
4 37 36 0 1
8 6 36 1 0
28 6 37 1 0
10 6 38 1 0
23 6 39 1 0
24 6 40 1 0
22 6 41 1 0
36 6 42 1 0
27 6 43 1 0
7 6 44 1 0
26 6 45 1 0
57 6 46 1 0
60 6 47 1 0
5 6 48 1 0
49 6 49 1 0
73 6 50 1 0
74 6 51 1 0
54 6 52 1 0
55 6 53 1 0
56 6 54 1 0
38 6 55 1 0
4 53 56 0 1
4 45 36 0 1
4 46 34 0 1
4 42 28 0 1
4 28 25 0 1
3 142 25 1 0
61 142 26 1 0
64 142 27 1 0
12 142 28 3 0
4 35 29 0 1
14 74 29 1 0
13 74 30 1 0
3 74 31 1 0
61 74 32 1 0
64 74 33 1 0
30 74 34 2 0
62 73 35 1 0
46 73 36 6 0
67 58 37 1 0
53 58 38 3 0
34 56 39 1 0
4 32 40 0 1
4 26 39 0 1
53 120 39 1 0
34 120 40 1 0
4 32 41 0 1
4 26 37 0 1
34 122 37 1 0
4 32 38 0 1
4 37 37 0 1
8 8 37 1 0
28 8 38 1 0
10 8 39 1 0
23 8 40 1 0
24 8 41 1 0
22 8 42 1 0
36 8 43 1 0
27 8 44 1 0
7 8 45 1 0
26 8 46 1 0
57 8 47 1 0
60 8 48 1 0
5 8 49 1 0
49 8 50 1 0
73 8 51 1 0
74 8 52 1 0
54 8 53 1 0
55 8 54 1 0
56 8 55 1 0
38 8 56 1 0
4 53 57 0 1
4 45 37 0 1
4 46 35 0 1
4 42 29 0 1
4 42 14 0 1
4 42 8 0 1
