1 149 0 1 0
19 106 1 1 0
49 106 2 1 0
62 121 3 1 0
0 149 4 1 0
15 121 5 1 0
47 121 6 4 0
17 120 7 1 0
4 37 8 0 1
4 20 7 0 1
63 30 7 1 0
4 28 8 0 1
13 142 7 6 0
4 31 8 0 1
14 124 8 1 0
16 124 9 1 0
2 149 10 1 0
40 124 11 4 0
44 120 12 1 0
4 37 13 0 1
44 132 12 1 0
4 43 13 0 1
42 83 12 2 0
55 76 13 1 0
69 76 14 1 0
67 76 15 1 0
48 76 16 1 0
29 76 17 1 0
4 24 18 0 1
41 100 13 4 0
32 99 14 1 0
4 28 15 0 1
4 33 14 0 1
31 79 14 3 0
30 78 15 2 0
69 76 16 1 0
67 76 17 1 0
48 76 18 1 0
29 76 19 1 0
4 24 20 0 1
75 91 16 1 0
32 91 17 1 0
4 28 18 0 1
4 21 15 0 1
30 84 15 2 0
69 76 16 1 0
67 76 17 1 0
48 76 18 1 0
29 76 19 1 0
4 24 20 0 1
75 108 16 1 0
32 108 17 1 0
4 28 18 0 1
4 41 14 0 1
39 147 12 1 0
10 147 13 3 0
4 31 14 0 1
12 130 14 1 0
11 130 15 1 0
3 130 16 1 0
58 130 17 1 0
61 130 18 1 0
56 130 19 3 0
4 40 20 0 1
26 93 20 1 0
9 93 21 1 0
21 93 22 1 0
22 93 23 1 0
20 93 24 1 0
34 93 25 1 0
25 93 26 1 0
7 93 27 1 0
24 93 28 1 0
54 93 29 1 0
57 93 30 1 0
5 93 31 3 0
5 92 32 1 0
46 92 33 3 0
46 91 34 1 0
70 91 35 1 0
71 91 36 1 0
51 91 37 1 0
27 91 38 1 0
32 91 39 1 0
4 28 40 0 1
4 35 34 0 1
70 14 34 1 0
71 14 35 1 0
51 14 36 1 0
52 14 37 1 0
53 14 38 1 0
35 14 39 1 0
4 29 40 0 1
4 18 32 0 1
46 108 32 1 0
70 108 33 1 0
71 108 34 1 0
51 108 35 1 0
27 108 36 1 0
32 108 37 1 0
4 28 38 0 1
4 42 20 0 1
4 38 14 0 1
14 123 8 1 0
16 123 9 1 0
2 149 10 1 0
40 123 11 4 0
44 120 12 1 0
4 37 13 0 1
44 132 12 1 0
4 43 13 0 1
42 82 12 2 0
55 76 13 1 0
69 76 14 1 0
67 76 15 1 0
48 76 16 1 0
29 76 17 1 0
4 24 18 0 1
41 97 13 4 0
32 96 14 1 0
4 28 15 0 1
4 33 14 0 1
31 88 14 5 0
30 87 15 2 0
69 76 16 1 0
67 76 17 1 0
48 76 18 1 0
29 76 19 1 0
4 24 20 0 1
75 135 16 1 0
32 135 17 1 0
4 28 18 0 1
4 21 15 0 1
30 78 15 2 0
69 76 16 1 0
67 76 17 1 0
48 76 18 1 0
29 76 19 1 0
4 24 20 0 1
75 91 16 1 0
32 91 17 1 0
4 28 18 0 1
4 21 15 0 1
30 84 15 2 0
69 76 16 1 0
67 76 17 1 0
48 76 18 1 0
29 76 19 1 0
4 24 20 0 1
75 108 16 1 0
32 108 17 1 0
4 28 18 0 1
4 41 14 0 1
39 148 12 1 0
10 148 13 3 0
4 31 14 0 1
12 131 14 1 0
11 131 15 1 0
3 131 16 1 0
58 131 17 1 0
61 131 18 1 0
56 131 19 3 0
4 40 20 0 1
26 137 20 1 0
9 137 21 1 0
21 137 22 1 0
22 137 23 1 0
20 137 24 1 0
34 137 25 1 0
25 137 26 1 0
7 137 27 1 0
24 137 28 1 0
54 137 29 1 0
57 137 30 1 0
5 137 31 1 0
46 137 32 3 0
46 136 33 3 0
46 135 34 1 0
70 135 35 1 0
71 135 36 1 0
51 135 37 1 0
27 135 38 1 0
32 135 39 1 0
4 28 40 0 1
4 35 34 0 1
70 13 34 1 0
71 13 35 1 0
51 13 36 1 0
52 13 37 1 0
53 13 38 1 0
35 13 39 1 0
4 26 40 0 1
4 22 33 0 1
70 9 33 1 0
71 9 34 1 0
51 9 35 1 0
52 9 36 1 0
53 9 37 3 0
4 33 38 0 1
26 11 38 1 0
9 11 39 1 0
21 11 40 1 0
22 11 41 1 0
20 11 42 1 0
34 11 43 1 0
25 11 44 1 0
7 11 45 1 0
24 11 46 1 0
54 11 47 1 0
57 11 48 1 0
5 11 49 1 0
46 11 50 3 0
46 10 51 1 0
70 10 52 1 0
71 10 53 1 0
51 10 54 1 0
52 10 55 1 0
53 10 56 3 0
4 33 57 0 1
26 102 57 1 0
9 102 58 1 0
21 102 59 1 0
22 102 60 1 0
20 102 61 1 0
34 102 62 1 0
25 102 63 1 0
7 102 64 1 0
24 102 65 1 0
54 102 66 1 0
57 102 67 1 0
5 102 68 1 0
46 102 69 3 0
46 101 70 1 0
70 101 71 1 0
71 101 72 1 0
51 101 73 1 0
52 101 74 1 0
53 101 75 4 0
45 99 76 1 0
73 99 77 1 0
4 28 78 0 1
4 33 76 0 1
8 94 76 3 0
26 91 77 1 0
9 91 78 1 0
21 91 79 1 0
22 91 80 1 0
20 91 81 1 0
34 91 82 1 0
25 91 83 1 0
7 91 84 1 0
24 91 85 1 0
54 91 86 1 0
57 91 87 1 0
5 91 88 1 0
46 91 89 1 0
70 91 90 1 0
71 91 91 1 0
51 91 92 1 0
27 91 93 1 0
32 91 94 1 0
4 28 95 0 1
4 21 77 0 1
26 108 77 1 0
9 108 78 1 0
21 108 79 1 0
22 108 80 1 0
20 108 81 1 0
34 108 82 1 0
25 108 83 1 0
7 108 84 1 0
24 108 85 1 0
54 108 86 1 0
57 108 87 1 0
5 108 88 1 0
46 108 89 1 0
70 108 90 1 0
71 108 91 1 0
51 108 92 1 0
27 108 93 1 0
32 108 94 1 0
4 28 95 0 1
4 41 76 0 1
4 35 70 0 1
70 12 70 1 0
71 12 71 1 0
51 12 72 1 0
52 12 73 1 0
53 12 74 1 0
35 12 75 1 0
4 26 76 0 1
4 41 57 0 1
4 35 51 0 1
70 10 51 1 0
71 10 52 1 0
51 10 53 1 0
52 10 54 1 0
53 10 55 3 0
4 33 56 0 1
26 102 56 1 0
9 102 57 1 0
21 102 58 1 0
22 102 59 1 0
20 102 60 1 0
34 102 61 1 0
25 102 62 1 0
7 102 63 1 0
24 102 64 1 0
54 102 65 1 0
57 102 66 1 0
5 102 67 1 0
46 102 68 3 0
46 101 69 1 0
70 101 70 1 0
71 101 71 1 0
51 101 72 1 0
52 101 73 1 0
53 101 74 4 0
45 99 75 1 0
73 99 76 1 0
4 28 77 0 1
4 33 75 0 1
8 94 75 3 0
26 91 76 1 0
9 91 77 1 0
21 91 78 1 0
22 91 79 1 0
20 91 80 1 0
34 91 81 1 0
25 91 82 1 0
7 91 83 1 0
24 91 84 1 0
54 91 85 1 0
57 91 86 1 0
5 91 87 1 0
46 91 88 1 0
70 91 89 1 0
71 91 90 1 0
51 91 91 1 0
27 91 92 1 0
32 91 93 1 0
4 28 94 0 1
4 21 76 0 1
26 108 76 1 0
9 108 77 1 0
21 108 78 1 0
22 108 79 1 0
20 108 80 1 0
34 108 81 1 0
25 108 82 1 0
7 108 83 1 0
24 108 84 1 0
54 108 85 1 0
57 108 86 1 0
5 108 87 1 0
46 108 88 1 0
70 108 89 1 0
71 108 90 1 0
51 108 91 1 0
27 108 92 1 0
32 108 93 1 0
4 28 94 0 1
4 41 75 0 1
4 35 69 0 1
70 12 69 1 0
71 12 70 1 0
51 12 71 1 0
52 12 72 1 0
53 12 73 1 0
35 12 74 1 0
4 26 75 0 1
4 41 56 0 1
4 41 38 0 1
4 42 20 0 1
4 38 14 0 1
14 122 8 1 0
16 122 9 1 0
2 149 10 1 0
40 122 11 4 0
44 120 12 1 0
4 37 13 0 1
44 132 12 1 0
4 43 13 0 1
42 52 12 2 0
55 48 13 1 0
69 48 14 1 0
68 48 15 1 0
66 48 16 1 0
63 48 17 1 0
4 28 18 0 1
41 74 13 4 0
32 73 14 1 0
4 28 15 0 1
4 33 14 0 1
31 77 14 1 0
30 77 15 2 0
69 76 16 1 0
67 76 17 1 0
48 76 18 1 0
29 76 19 1 0
4 24 20 0 1
75 69 16 1 0
32 69 17 1 0
4 28 18 0 1
4 41 14 0 1
39 141 12 1 0
10 141 13 3 0
4 31 14 0 1
12 103 14 1 0
11 103 15 1 0
3 103 16 1 0
58 103 17 1 0
33 103 18 7 0
4 27 19 0 1
4 33 19 0 1
26 70 19 1 0
9 70 20 1 0
21 70 21 1 0
22 70 22 1 0
20 70 23 1 0
34 70 24 1 0
25 70 25 1 0
7 70 26 1 0
24 70 27 1 0
54 70 28 3 0
54 69 29 1 0
57 69 30 1 0
5 69 31 1 0
46 69 32 1 0
70 69 33 1 0
71 69 34 1 0
51 69 35 1 0
27 69 36 1 0
32 69 37 1 0
4 28 38 0 1
4 34 29 0 1
57 15 29 1 0
5 15 30 1 0
46 15 31 1 0
70 15 32 1 0
71 15 33 1 0
51 15 34 1 0
52 15 35 1 0
53 15 36 1 0
35 15 37 1 0
4 26 38 0 1
4 41 19 0 1
60 146 19 1 0
61 146 20 1 0
10 146 21 3 0
4 31 22 0 1
12 129 22 1 0
11 129 23 1 0
3 129 24 1 0
58 129 25 1 0
61 129 26 1 0
56 129 27 3 0
4 40 28 0 1
26 8 28 1 0
9 8 29 1 0
21 8 30 1 0
22 8 31 1 0
20 8 32 1 0
34 8 33 1 0
25 8 34 1 0
7 8 35 1 0
24 8 36 1 0
54 8 37 1 0
57 8 38 1 0
5 8 39 1 0
46 8 40 1 0
70 8 41 1 0
71 8 42 1 0
51 8 43 1 0
52 8 44 1 0
53 8 45 1 0
35 8 46 1 0
4 49 47 0 1
4 42 28 0 1
4 38 22 0 1
4 25 19 0 1
3 104 19 1 0
58 104 20 1 0
33 104 21 7 0
4 27 22 0 1
4 33 22 0 1
26 71 22 1 0
9 71 23 1 0
21 71 24 1 0
22 71 25 1 0
20 71 26 1 0
34 71 27 1 0
25 71 28 1 0
7 71 29 1 0
24 71 30 1 0
54 71 31 3 0
54 69 32 1 0
57 69 33 1 0
5 69 34 1 0
46 69 35 1 0
70 69 36 1 0
71 69 37 1 0
51 69 38 1 0
27 69 39 1 0
32 69 40 1 0
4 28 41 0 1
4 34 32 0 1
57 16 32 1 0
5 16 33 1 0
46 16 34 1 0
70 16 35 1 0
71 16 36 1 0
51 16 37 1 0
52 16 38 1 0
53 16 39 1 0
35 16 40 1 0
4 29 41 0 1
4 41 22 0 1
60 143 22 1 0
61 143 23 1 0
10 143 24 3 0
4 31 25 0 1
12 126 25 1 0
11 126 26 1 0
3 126 27 1 0
58 126 28 1 0
61 126 29 1 0
56 126 30 3 0
4 40 31 0 1
26 5 31 1 0
9 5 32 1 0
21 5 33 1 0
22 5 34 1 0
20 5 35 1 0
34 5 36 1 0
25 5 37 1 0
7 5 38 1 0
24 5 39 1 0
54 5 40 1 0
57 5 41 1 0
5 5 42 1 0
46 5 43 1 0
70 5 44 1 0
71 5 45 1 0
51 5 46 1 0
52 5 47 1 0
53 5 48 1 0
35 5 49 1 0
4 49 50 0 1
4 42 31 0 1
4 38 25 0 1
4 25 22 0 1
3 105 22 1 0
58 105 23 1 0
33 105 24 7 0
4 27 25 0 1
4 33 25 0 1
26 72 25 1 0
9 72 26 1 0
21 72 27 1 0
22 72 28 1 0
20 72 29 1 0
34 72 30 1 0
25 72 31 1 0
7 72 32 1 0
24 72 33 1 0
54 72 34 3 0
54 69 35 1 0
57 69 36 1 0
5 69 37 1 0
46 69 38 1 0
70 69 39 1 0
71 69 40 1 0
51 69 41 1 0
27 69 42 1 0
32 69 43 1 0
4 28 44 0 1
4 34 35 0 1
57 17 35 1 0
5 17 36 1 0
46 17 37 1 0
70 17 38 1 0
71 17 39 1 0
51 17 40 1 0
52 17 41 1 0
53 17 42 1 0
35 17 43 1 0
4 29 44 0 1
4 41 25 0 1
60 145 25 1 0
61 145 26 1 0
10 145 27 3 0
4 31 28 0 1
12 128 28 1 0
11 128 29 1 0
3 128 30 1 0
58 128 31 1 0
61 128 32 1 0
56 128 33 3 0
4 40 34 0 1
26 7 34 1 0
9 7 35 1 0
21 7 36 1 0
22 7 37 1 0
20 7 38 1 0
34 7 39 1 0
25 7 40 1 0
7 7 41 1 0
24 7 42 1 0
54 7 43 1 0
57 7 44 1 0
5 7 45 1 0
46 7 46 1 0
70 7 47 1 0
71 7 48 1 0
51 7 49 1 0
52 7 50 1 0
53 7 51 1 0
35 7 52 1 0
4 49 53 0 1
4 42 34 0 1
4 38 28 0 1
4 25 25 0 1
3 144 25 1 0
58 144 26 1 0
61 144 27 1 0
10 144 28 3 0
4 31 29 0 1
12 127 29 1 0
11 127 30 1 0
3 127 31 1 0
58 127 32 1 0
61 127 33 1 0
56 127 34 3 0
4 40 35 0 1
26 6 35 1 0
9 6 36 1 0
21 6 37 1 0
22 6 38 1 0
20 6 39 1 0
34 6 40 1 0
25 6 41 1 0
7 6 42 1 0
24 6 43 1 0
54 6 44 1 0
57 6 45 1 0
5 6 46 1 0
46 6 47 1 0
70 6 48 1 0
71 6 49 1 0
51 6 50 1 0
52 6 51 1 0
53 6 52 1 0
35 6 53 1 0
4 49 54 0 1
4 42 35 0 1
4 38 29 0 1
4 38 14 0 1
14 125 8 1 0
16 125 9 1 0
2 149 10 1 0
40 125 11 4 0
44 120 12 1 0
4 37 13 0 1
44 132 12 1 0
4 43 13 0 1
42 134 12 2 0
55 133 13 1 0
4 66 14 0 1
41 114 13 4 0
32 113 14 1 0
4 28 15 0 1
4 33 14 0 1
31 51 14 1 0
30 51 15 2 0
69 50 16 1 0
68 50 17 1 0
65 50 18 2 0
66 48 19 1 0
63 48 20 1 0
4 28 21 0 1
23 67 19 2 0
4 32 20 0 1
4 39 20 0 1
75 68 16 1 0
32 68 17 1 0
4 28 18 0 1
4 41 14 0 1
39 140 12 1 0
10 140 13 3 0
4 31 14 0 1
12 47 14 9 0
11 46 15 1 0
37 46 16 2 0
36 45 17 2 0
38 44 18 1 0
69 44 19 1 0
68 44 20 1 0
66 44 21 1 0
63 44 22 1 0
4 28 23 0 1
76 112 18 1 0
74 112 19 3 0
75 110 20 1 0
32 110 21 1 0
4 28 22 0 1
4 19 20 0 1
77 115 20 1 0
26 115 21 1 0
9 115 22 1 0
21 115 23 1 0
22 115 24 1 0
20 115 25 1 0
34 115 26 1 0
25 115 27 1 0
7 115 28 1 0
24 115 29 1 0
54 115 30 1 0
57 115 31 1 0
5 115 32 1 0
46 115 33 1 0
70 115 34 1 0
71 115 35 1 0
51 115 36 1 0
52 115 37 1 0
53 115 38 1 0
72 115 39 5 0
4 36 40 0 1
18 44 40 1 0
32 44 41 1 0
4 28 42 0 1
4 33 40 0 1
8 54 40 1 0
26 54 41 1 0
9 54 42 1 0
21 54 43 1 0
22 54 44 1 0
20 54 45 1 0
34 54 46 1 0
25 54 47 1 0
7 54 48 1 0
24 54 49 1 0
54 54 50 1 0
57 54 51 1 0
5 54 52 1 0
46 54 53 1 0
70 54 54 1 0
71 54 55 1 0
51 54 56 1 0
27 54 57 3 0
6 53 58 1 0
32 53 59 1 0
4 28 60 0 1
4 23 58 0 1
32 107 58 1 0
4 28 59 0 1
4 41 40 0 1
4 42 17 0 1
11 61 15 1 0
3 61 16 1 0
58 61 17 1 0
61 61 18 1 0
28 61 19 2 0
59 60 20 1 0
43 60 21 6 0
64 55 22 1 0
50 55 23 3 0
32 53 24 1 0
4 28 25 0 1
4 23 24 0 1
50 117 24 1 0
32 117 25 1 0
4 28 26 0 1
4 23 22 0 1
32 118 22 1 0
4 28 23 0 1
4 33 22 0 1
8 4 22 1 0
26 4 23 1 0
9 4 24 1 0
21 4 25 1 0
22 4 26 1 0
20 4 27 1 0
34 4 28 1 0
25 4 29 1 0
7 4 30 1 0
24 4 31 1 0
54 4 32 1 0
57 4 33 1 0
5 4 34 1 0
46 4 35 1 0
70 4 36 1 0
71 4 37 1 0
51 4 38 1 0
52 4 39 1 0
53 4 40 1 0
35 4 41 1 0
4 49 42 0 1
4 41 22 0 1
4 42 20 0 1
11 90 15 1 0
37 90 16 2 0
36 89 17 2 0
38 76 18 1 0
69 76 19 1 0
67 76 20 1 0
48 76 21 1 0
29 76 22 1 0
4 24 23 0 1
76 139 18 1 0
74 139 19 3 0
75 135 20 1 0
32 135 21 1 0
4 28 22 0 1
4 19 20 0 1
77 111 20 1 0
26 111 21 1 0
9 111 22 1 0
21 111 23 1 0
22 111 24 1 0
20 111 25 1 0
34 111 26 1 0
25 111 27 1 0
7 111 28 1 0
24 111 29 1 0
54 111 30 1 0
57 111 31 1 0
5 111 32 1 0
46 111 33 1 0
70 111 34 1 0
71 111 35 1 0
51 111 36 1 0
52 111 37 1 0
53 111 38 5 0
64 110 39 1 0
50 110 40 1 0
32 110 41 1 0
4 28 42 0 1
4 23 39 0 1
32 116 39 1 0
4 28 40 0 1
4 33 39 0 1
4 41 39 0 1
4 42 17 0 1
11 57 15 1 0
3 57 16 1 0
58 57 17 1 0
61 57 18 1 0
28 57 19 2 0
59 56 20 1 0
43 56 21 6 0
64 55 22 1 0
50 55 23 3 0
32 53 24 1 0
4 28 25 0 1
4 23 24 0 1
50 117 24 1 0
32 117 25 1 0
4 28 26 0 1
4 23 22 0 1
32 118 22 1 0
4 28 23 0 1
4 33 22 0 1
8 2 22 1 0
26 2 23 1 0
9 2 24 1 0
21 2 25 1 0
22 2 26 1 0
20 2 27 1 0
34 2 28 1 0
25 2 29 1 0
7 2 30 1 0
24 2 31 1 0
54 2 32 1 0
57 2 33 1 0
5 2 34 1 0
46 2 35 1 0
70 2 36 1 0
71 2 37 1 0
51 2 38 1 0
52 2 39 1 0
53 2 40 1 0
35 2 41 1 0
4 49 42 0 1
4 41 22 0 1
4 42 20 0 1
11 81 15 1 0
37 81 16 2 0
36 80 17 2 0
38 76 18 1 0
69 76 19 1 0
67 76 20 1 0
48 76 21 1 0
29 76 22 1 0
4 24 23 0 1
76 95 18 1 0
74 95 19 3 0
75 91 20 1 0
32 91 21 1 0
4 28 22 0 1
4 19 20 0 1
77 111 20 1 0
26 111 21 1 0
9 111 22 1 0
21 111 23 1 0
22 111 24 1 0
20 111 25 1 0
34 111 26 1 0
25 111 27 1 0
7 111 28 1 0
24 111 29 1 0
54 111 30 1 0
57 111 31 1 0
5 111 32 1 0
46 111 33 1 0
70 111 34 1 0
71 111 35 1 0
51 111 36 1 0
52 111 37 1 0
53 111 38 5 0
64 110 39 1 0
50 110 40 1 0
32 110 41 1 0
4 28 42 0 1
4 23 39 0 1
32 116 39 1 0
4 28 40 0 1
4 33 39 0 1
4 41 39 0 1
4 42 17 0 1
11 59 15 1 0
3 59 16 1 0
58 59 17 1 0
61 59 18 1 0
28 59 19 2 0
59 58 20 1 0
43 58 21 6 0
64 55 22 1 0
50 55 23 3 0
32 53 24 1 0
4 28 25 0 1
4 23 24 0 1
50 117 24 1 0
32 117 25 1 0
4 28 26 0 1
4 23 22 0 1
32 118 22 1 0
4 28 23 0 1
4 33 22 0 1
8 3 22 1 0
26 3 23 1 0
9 3 24 1 0
21 3 25 1 0
22 3 26 1 0
20 3 27 1 0
34 3 28 1 0
25 3 29 1 0
7 3 30 1 0
24 3 31 1 0
54 3 32 1 0
57 3 33 1 0
5 3 34 1 0
46 3 35 1 0
70 3 36 1 0
71 3 37 1 0
51 3 38 1 0
52 3 39 1 0
53 3 40 1 0
35 3 41 1 0
4 49 42 0 1
4 41 22 0 1
4 42 20 0 1
11 86 15 1 0
37 86 16 2 0
36 85 17 2 0
38 76 18 1 0
69 76 19 1 0
67 76 20 1 0
48 76 21 1 0
29 76 22 1 0
4 24 23 0 1
76 109 18 1 0
74 109 19 3 0
75 108 20 1 0
32 108 21 1 0
4 28 22 0 1
4 19 20 0 1
77 111 20 1 0
26 111 21 1 0
9 111 22 1 0
21 111 23 1 0
22 111 24 1 0
20 111 25 1 0
34 111 26 1 0
25 111 27 1 0
7 111 28 1 0
24 111 29 1 0
54 111 30 1 0
57 111 31 1 0
5 111 32 1 0
46 111 33 1 0
70 111 34 1 0
71 111 35 1 0
51 111 36 1 0
52 111 37 1 0
53 111 38 5 0
64 110 39 1 0
50 110 40 1 0
32 110 41 1 0
4 28 42 0 1
4 23 39 0 1
32 116 39 1 0
4 28 40 0 1
4 33 39 0 1
4 41 39 0 1
4 42 17 0 1
11 63 15 1 0
3 63 16 1 0
58 63 17 1 0
61 63 18 1 0
28 63 19 2 0
59 62 20 1 0
43 62 21 6 0
64 55 22 1 0
50 55 23 3 0
32 53 24 1 0
4 28 25 0 1
4 23 24 0 1
50 117 24 1 0
32 117 25 1 0
4 28 26 0 1
4 23 22 0 1
32 119 22 1 0
4 28 23 0 1
4 33 22 0 1
8 1 22 1 0
26 1 23 1 0
9 1 24 1 0
21 1 25 1 0
22 1 26 1 0
20 1 27 1 0
34 1 28 1 0
25 1 29 1 0
7 1 30 1 0
24 1 31 1 0
54 1 32 1 0
57 1 33 1 0
5 1 34 3 0
5 0 35 1 0
46 0 36 1 0
70 0 37 1 0
71 0 38 1 0
51 0 39 1 0
52 0 40 1 0
53 0 41 1 0
35 0 42 1 0
4 49 43 0 1
4 18 35 0 1
46 98 35 1 0
70 98 36 1 0
71 98 37 1 0
51 98 38 1 0
52 98 39 1 0
53 98 40 4 0
45 96 41 1 0
73 96 42 1 0
4 28 43 0 1
4 33 41 0 1
8 138 41 5 0
26 135 42 1 0
9 135 43 1 0
21 135 44 1 0
22 135 45 1 0
20 135 46 1 0
34 135 47 1 0
25 135 48 1 0
7 135 49 1 0
24 135 50 1 0
54 135 51 1 0
57 135 52 1 0
5 135 53 1 0
46 135 54 1 0
70 135 55 1 0
71 135 56 1 0
51 135 57 1 0
27 135 58 1 0
32 135 59 1 0
4 28 60 0 1
4 21 42 0 1
26 91 42 1 0
9 91 43 1 0
21 91 44 1 0
22 91 45 1 0
20 91 46 1 0
34 91 47 1 0
25 91 48 1 0
7 91 49 1 0
24 91 50 1 0
54 91 51 1 0
57 91 52 1 0
5 91 53 1 0
46 91 54 1 0
70 91 55 1 0
71 91 56 1 0
51 91 57 1 0
27 91 58 1 0
32 91 59 1 0
4 28 60 0 1
4 21 42 0 1
26 108 42 1 0
9 108 43 1 0
21 108 44 1 0
22 108 45 1 0
20 108 46 1 0
34 108 47 1 0
25 108 48 1 0
7 108 49 1 0
24 108 50 1 0
54 108 51 1 0
57 108 52 1 0
5 108 53 1 0
46 108 54 1 0
70 108 55 1 0
71 108 56 1 0
51 108 57 1 0
27 108 58 1 0
32 108 59 1 0
4 28 60 0 1
4 41 41 0 1
4 41 22 0 1
4 42 20 0 1
11 65 15 1 0
3 65 16 1 0
58 65 17 1 0
61 65 18 1 0
28 65 19 2 0
59 64 20 1 0
43 64 21 6 0
64 55 22 1 0
50 55 23 3 0
32 53 24 1 0
4 28 25 0 1
4 23 24 0 1
50 117 24 1 0
32 117 25 1 0
4 28 26 0 1
4 23 22 0 1
32 119 22 1 0
4 28 23 0 1
4 33 22 0 1
8 75 22 1 0
26 75 23 1 0
9 75 24 1 0
21 75 25 1 0
22 75 26 1 0
20 75 27 1 0
34 75 28 1 0
25 75 29 1 0
7 75 30 1 0
24 75 31 1 0
54 75 32 1 0
57 75 33 1 0
5 75 34 1 0
46 75 35 1 0
70 75 36 1 0
71 75 37 1 0
51 75 38 1 0
52 75 39 1 0
53 75 40 4 0
45 73 41 1 0
73 73 42 1 0
4 28 43 0 1
4 33 41 0 1
8 98 41 1 0
26 98 42 1 0
9 98 43 1 0
21 98 44 1 0
22 98 45 1 0
20 98 46 1 0
34 98 47 1 0
25 98 48 1 0
7 98 49 1 0
24 98 50 1 0
54 98 51 1 0
57 98 52 1 0
5 98 53 1 0
46 98 54 1 0
70 98 55 1 0
71 98 56 1 0
51 98 57 1 0
52 98 58 1 0
53 98 59 4 0
45 96 60 1 0
73 96 61 1 0
4 28 62 0 1
4 33 60 0 1
8 138 60 5 0
26 135 61 1 0
9 135 62 1 0
21 135 63 1 0
22 135 64 1 0
20 135 65 1 0
34 135 66 1 0
25 135 67 1 0
7 135 68 1 0
24 135 69 1 0
54 135 70 1 0
57 135 71 1 0
5 135 72 1 0
46 135 73 1 0
70 135 74 1 0
71 135 75 1 0
51 135 76 1 0
27 135 77 1 0
32 135 78 1 0
4 28 79 0 1
4 21 61 0 1
26 91 61 1 0
9 91 62 1 0
21 91 63 1 0
22 91 64 1 0
20 91 65 1 0
34 91 66 1 0
25 91 67 1 0
7 91 68 1 0
24 91 69 1 0
54 91 70 1 0
57 91 71 1 0
5 91 72 1 0
46 91 73 1 0
70 91 74 1 0
71 91 75 1 0
51 91 76 1 0
27 91 77 1 0
32 91 78 1 0
4 28 79 0 1
4 21 61 0 1
26 108 61 1 0
9 108 62 1 0
21 108 63 1 0
22 108 64 1 0
20 108 65 1 0
34 108 66 1 0
25 108 67 1 0
7 108 68 1 0
24 108 69 1 0
54 108 70 1 0
57 108 71 1 0
5 108 72 1 0
46 108 73 1 0
70 108 74 1 0
71 108 75 1 0
51 108 76 1 0
27 108 77 1 0
32 108 78 1 0
4 28 79 0 1
4 41 60 0 1
4 41 41 0 1
4 41 22 0 1
4 42 20 0 1
4 38 14 0 1
4 38 8 0 1
