1 0 1 0
18 1 1 0
47 2 1 0
59 3 1 0
0 4 1 0
15 5 1 0
45 6 3 0
4 7 0 1
60 7 1 0
4 8 0 1
13 7 3 0
4 8 0 1
14 8 1 0
16 9 1 0
2 10 1 0
39 11 4 0
43 12 1 0
4 13 0 1
43 12 1 0
4 13 0 1
41 12 2 0
53 13 1 0
4 14 0 1
40 13 4 0
31 14 1 0
4 15 0 1
4 14 0 1
30 14 1 0
29 15 2 0
66 16 1 0
65 17 1 0
62 18 2 0
63 19 1 0
60 20 1 0
4 21 0 1
22 19 2 0
4 20 0 1
4 20 0 1
71 16 1 0
31 17 1 0
4 18 0 1
4 14 0 1
38 12 1 0
10 13 3 0
4 14 0 1
12 14 11 0
11 15 1 0
36 16 2 0
35 17 2 0
37 18 1 0
66 19 1 0
65 20 1 0
63 21 1 0
60 22 1 0
4 23 0 1
72 18 1 0
70 19 3 0
71 20 1 0
31 21 1 0
4 22 0 1
4 20 0 1
73 20 1 0
25 21 1 0
9 22 1 0
20 23 1 0
21 24 1 0
19 25 1 0
33 26 1 0
24 27 1 0
7 28 1 0
23 29 1 0
52 30 1 0
54 31 1 0
5 32 1 0
44 33 1 0
67 34 1 0
68 35 1 0
49 36 1 0
50 37 1 0
51 38 1 0
69 39 5 0
4 40 0 1
17 40 1 0
31 41 1 0
4 42 0 1
4 40 0 1
8 40 1 0
25 41 1 0
9 42 1 0
20 43 1 0
21 44 1 0
19 45 1 0
33 46 1 0
24 47 1 0
7 48 1 0
23 49 1 0
52 50 1 0
54 51 1 0
5 52 1 0
44 53 1 0
67 54 1 0
68 55 1 0
49 56 1 0
26 57 3 0
6 58 1 0
31 59 1 0
4 60 0 1
4 58 0 1
31 58 1 0
4 59 0 1
4 40 0 1
4 17 0 1
11 15 1 0
3 16 1 0
55 17 1 0
58 18 1 0
27 19 2 0
56 20 1 0
42 21 6 0
61 22 1 0
48 23 3 0
31 24 1 0
4 25 0 1
4 24 0 1
48 24 1 0
31 25 1 0
4 26 0 1
4 22 0 1
31 22 1 0
4 23 0 1
4 22 0 1
8 22 1 0
25 23 1 0
9 24 1 0
20 25 1 0
21 26 1 0
19 27 1 0
33 28 1 0
24 29 1 0
7 30 1 0
23 31 1 0
52 32 1 0
54 33 1 0
5 34 1 0
44 35 1 0
67 36 1 0
68 37 1 0
49 38 1 0
50 39 1 0
51 40 1 0
34 41 1 0
4 42 0 1
4 22 0 1
4 20 0 1
11 15 1 0
36 16 2 0
35 17 2 0
37 18 1 0
66 19 1 0
64 20 1 0
46 21 1 0
28 22 1 0
4 23 0 1
72 18 1 0
70 19 3 0
71 20 1 0
31 21 1 0
4 22 0 1
4 20 0 1
73 20 1 0
25 21 1 0
9 22 1 0
20 23 1 0
21 24 1 0
19 25 1 0
33 26 1 0
24 27 1 0
7 28 1 0
23 29 1 0
52 30 1 0
54 31 1 0
5 32 1 0
44 33 1 0
67 34 1 0
68 35 1 0
49 36 1 0
50 37 1 0
51 38 5 0
61 39 1 0
48 40 1 0
31 41 1 0
4 42 0 1
4 39 0 1
31 39 1 0
4 40 0 1
4 39 0 1
4 39 0 1
4 17 0 1
11 15 1 0
3 16 1 0
55 17 1 0
58 18 1 0
27 19 2 0
56 20 1 0
42 21 6 0
61 22 1 0
48 23 3 0
31 24 1 0
4 25 0 1
4 24 0 1
48 24 1 0
31 25 1 0
4 26 0 1
4 22 0 1
31 22 1 0
4 23 0 1
4 22 0 1
8 22 1 0
25 23 1 0
9 24 1 0
20 25 1 0
21 26 1 0
19 27 1 0
33 28 1 0
24 29 1 0
7 30 1 0
23 31 1 0
52 32 1 0
54 33 1 0
5 34 1 0
44 35 1 0
67 36 1 0
68 37 1 0
49 38 1 0
50 39 1 0
51 40 1 0
34 41 1 0
4 42 0 1
4 22 0 1
4 20 0 1
11 15 1 0
36 16 2 0
35 17 2 0
37 18 1 0
66 19 1 0
64 20 1 0
46 21 1 0
28 22 1 0
4 23 0 1
72 18 1 0
70 19 3 0
71 20 1 0
31 21 1 0
4 22 0 1
4 20 0 1
73 20 1 0
25 21 1 0
9 22 1 0
20 23 1 0
21 24 1 0
19 25 1 0
33 26 1 0
24 27 1 0
7 28 1 0
23 29 1 0
52 30 1 0
54 31 1 0
5 32 1 0
44 33 1 0
67 34 1 0
68 35 1 0
49 36 1 0
50 37 1 0
51 38 5 0
61 39 1 0
48 40 1 0
31 41 1 0
4 42 0 1
4 39 0 1
31 39 1 0
4 40 0 1
4 39 0 1
4 39 0 1
4 17 0 1
11 15 1 0
3 16 1 0
55 17 1 0
58 18 1 0
27 19 2 0
56 20 1 0
42 21 6 0
61 22 1 0
48 23 3 0
31 24 1 0
4 25 0 1
4 24 0 1
48 24 1 0
31 25 1 0
4 26 0 1
4 22 0 1
31 22 1 0
4 23 0 1
4 22 0 1
8 22 1 0
25 23 1 0
9 24 1 0
20 25 1 0
21 26 1 0
19 27 1 0
33 28 1 0
24 29 1 0
7 30 1 0
23 31 1 0
52 32 1 0
54 33 1 0
5 34 1 0
44 35 1 0
67 36 1 0
68 37 1 0
49 38 1 0
50 39 1 0
51 40 1 0
34 41 1 0
4 42 0 1
4 22 0 1
4 20 0 1
11 15 1 0
36 16 2 0
35 17 2 0
37 18 1 0
66 19 1 0
64 20 1 0
46 21 1 0
28 22 1 0
4 23 0 1
72 18 1 0
70 19 3 0
71 20 1 0
31 21 1 0
4 22 0 1
4 20 0 1
73 20 1 0
25 21 1 0
9 22 1 0
20 23 1 0
21 24 1 0
19 25 1 0
33 26 1 0
24 27 1 0
7 28 1 0
23 29 1 0
52 30 1 0
54 31 1 0
5 32 1 0
44 33 1 0
67 34 1 0
68 35 1 0
49 36 1 0
50 37 1 0
51 38 5 0
61 39 1 0
48 40 1 0
31 41 1 0
4 42 0 1
4 39 0 1
31 39 1 0
4 40 0 1
4 39 0 1
4 39 0 1
4 17 0 1
11 15 1 0
36 16 2 0
35 17 2 0
37 18 1 0
66 19 1 0
64 20 1 0
46 21 1 0
28 22 1 0
4 23 0 1
72 18 1 0
70 19 3 0
71 20 1 0
31 21 1 0
4 22 0 1
4 20 0 1
73 20 1 0
25 21 1 0
9 22 1 0
20 23 1 0
21 24 1 0
19 25 1 0
33 26 1 0
24 27 1 0
7 28 1 0
23 29 1 0
52 30 1 0
54 31 1 0
5 32 3 0
5 33 1 0
44 34 3 0
44 35 1 0
67 36 1 0
68 37 1 0
49 38 1 0
26 39 1 0
31 40 1 0
4 41 0 1
4 35 0 1
67 35 1 0
68 36 1 0
49 37 1 0
50 38 1 0
51 39 1 0
34 40 1 0
4 41 0 1
4 33 0 1
44 33 1 0
67 34 1 0
68 35 1 0
49 36 1 0
26 37 1 0
31 38 1 0
4 39 0 1
4 17 0 1
11 15 1 0
36 16 2 0
35 17 2 0
37 18 1 0
66 19 1 0
64 20 1 0
46 21 1 0
28 22 1 0
4 23 0 1
72 18 1 0
70 19 3 0
71 20 1 0
31 21 1 0
4 22 0 1
4 20 0 1
73 20 1 0
25 21 1 0
9 22 1 0
20 23 1 0
21 24 1 0
19 25 1 0
33 26 1 0
24 27 1 0
7 28 1 0
23 29 1 0
52 30 1 0
54 31 1 0
5 32 1 0
44 33 3 0
44 34 3 0
44 35 1 0
67 36 1 0
68 37 1 0
49 38 1 0
26 39 1 0
31 40 1 0
4 41 0 1
4 35 0 1
67 35 1 0
68 36 1 0
49 37 1 0
50 38 1 0
51 39 1 0
34 40 1 0
4 41 0 1
4 34 0 1
67 34 1 0
68 35 1 0
49 36 1 0
50 37 1 0
51 38 3 0
4 39 0 1
25 39 1 0
9 40 1 0
20 41 1 0
21 42 1 0
19 43 1 0
33 44 1 0
24 45 1 0
7 46 1 0
23 47 1 0
52 48 1 0
54 49 1 0
5 50 1 0
44 51 3 0
44 52 1 0
67 53 1 0
68 54 1 0
49 55 1 0
50 56 1 0
51 57 3 0
4 58 0 1
25 58 1 0
9 59 1 0
20 60 1 0
21 61 1 0
19 62 1 0
33 63 1 0
24 64 1 0
7 65 1 0
23 66 1 0
52 67 1 0
54 68 1 0
5 69 1 0
44 70 3 0
44 71 1 0
67 72 1 0
68 73 1 0
49 74 1 0
26 75 1 0
31 76 1 0
4 77 0 1
4 71 0 1
67 71 1 0
68 72 1 0
49 73 1 0
50 74 1 0
51 75 1 0
34 76 1 0
4 77 0 1
4 58 0 1
4 52 0 1
67 52 1 0
68 53 1 0
49 54 1 0
50 55 1 0
51 56 3 0
4 57 0 1
25 57 1 0
9 58 1 0
20 59 1 0
21 60 1 0
19 61 1 0
33 62 1 0
24 63 1 0
7 64 1 0
23 65 1 0
52 66 1 0
54 67 1 0
5 68 1 0
44 69 3 0
44 70 1 0
67 71 1 0
68 72 1 0
49 73 1 0
26 74 1 0
31 75 1 0
4 76 0 1
4 70 0 1
67 70 1 0
68 71 1 0
49 72 1 0
50 73 1 0
51 74 1 0
34 75 1 0
4 76 0 1
4 57 0 1
4 39 0 1
4 17 0 1
11 15 1 0
3 16 1 0
55 17 1 0
58 18 1 0
27 19 2 0
56 20 1 0
42 21 6 0
61 22 1 0
48 23 3 0
31 24 1 0
4 25 0 1
4 24 0 1
48 24 1 0
31 25 1 0
4 26 0 1
4 22 0 1
31 22 1 0
4 23 0 1
4 22 0 1
8 22 1 0
25 23 1 0
9 24 1 0
20 25 1 0
21 26 1 0
19 27 1 0
33 28 1 0
24 29 1 0
7 30 1 0
23 31 1 0
52 32 1 0
54 33 1 0
5 34 3 0
5 35 1 0
44 36 1 0
67 37 1 0
68 38 1 0
49 39 1 0
50 40 1 0
51 41 1 0
34 42 1 0
4 43 0 1
4 35 0 1
44 35 1 0
67 36 1 0
68 37 1 0
49 38 1 0
26 39 1 0
31 40 1 0
4 41 0 1
4 22 0 1
4 20 0 1
11 15 1 0
3 16 1 0
55 17 1 0
32 18 7 0
4 19 0 1
4 19 0 1
25 19 1 0
9 20 1 0
20 21 1 0
21 22 1 0
19 23 1 0
33 24 1 0
24 25 1 0
7 26 1 0
23 27 1 0
52 28 3 0
52 29 1 0
54 30 1 0
5 31 1 0
44 32 1 0
67 33 1 0
68 34 1 0
49 35 1 0
26 36 1 0
31 37 1 0
4 38 0 1
4 29 0 1
54 29 1 0
5 30 1 0
44 31 1 0
67 32 1 0
68 33 1 0
49 34 1 0
50 35 1 0
51 36 1 0
34 37 1 0
4 38 0 1
4 19 0 1
57 19 1 0
58 20 1 0
27 21 2 0
56 22 1 0
42 23 6 0
61 24 1 0
48 25 3 0
31 26 1 0
4 27 0 1
4 26 0 1
48 26 1 0
31 27 1 0
4 28 0 1
4 24 0 1
31 24 1 0
4 25 0 1
4 24 0 1
8 24 1 0
25 25 1 0
9 26 1 0
20 27 1 0
21 28 1 0
19 29 1 0
33 30 1 0
24 31 1 0
7 32 1 0
23 33 1 0
52 34 1 0
54 35 1 0
5 36 1 0
44 37 1 0
67 38 1 0
68 39 1 0
49 40 1 0
50 41 1 0
51 42 1 0
34 43 1 0
4 44 0 1
4 24 0 1
4 22 0 1
4 19 0 1
3 19 1 0
55 20 1 0
32 21 7 0
4 22 0 1
4 22 0 1
25 22 1 0
9 23 1 0
20 24 1 0
21 25 1 0
19 26 1 0
33 27 1 0
24 28 1 0
7 29 1 0
23 30 1 0
52 31 3 0
52 32 1 0
54 33 1 0
5 34 1 0
44 35 1 0
67 36 1 0
68 37 1 0
49 38 1 0
26 39 1 0
31 40 1 0
4 41 0 1
4 32 0 1
54 32 1 0
5 33 1 0
44 34 1 0
67 35 1 0
68 36 1 0
49 37 1 0
50 38 1 0
51 39 1 0
34 40 1 0
4 41 0 1
4 22 0 1
57 22 1 0
58 23 1 0
27 24 2 0
56 25 1 0
42 26 6 0
61 27 1 0
48 28 3 0
31 29 1 0
4 30 0 1
4 29 0 1
48 29 1 0
31 30 1 0
4 31 0 1
4 27 0 1
31 27 1 0
4 28 0 1
4 27 0 1
8 27 1 0
25 28 1 0
9 29 1 0
20 30 1 0
21 31 1 0
19 32 1 0
33 33 1 0
24 34 1 0
7 35 1 0
23 36 1 0
52 37 1 0
54 38 1 0
5 39 1 0
44 40 1 0
67 41 1 0
68 42 1 0
49 43 1 0
50 44 1 0
51 45 1 0
34 46 1 0
4 47 0 1
4 27 0 1
4 25 0 1
4 22 0 1
3 22 1 0
55 23 1 0
32 24 7 0
4 25 0 1
4 25 0 1
25 25 1 0
9 26 1 0
20 27 1 0
21 28 1 0
19 29 1 0
33 30 1 0
24 31 1 0
7 32 1 0
23 33 1 0
52 34 3 0
52 35 1 0
54 36 1 0
5 37 1 0
44 38 1 0
67 39 1 0
68 40 1 0
49 41 1 0
26 42 1 0
31 43 1 0
4 44 0 1
4 35 0 1
54 35 1 0
5 36 1 0
44 37 1 0
67 38 1 0
68 39 1 0
49 40 1 0
50 41 1 0
51 42 1 0
34 43 1 0
4 44 0 1
4 25 0 1
57 25 1 0
58 26 1 0
27 27 2 0
56 28 1 0
42 29 6 0
61 30 1 0
48 31 3 0
31 32 1 0
4 33 0 1
4 32 0 1
48 32 1 0
31 33 1 0
4 34 0 1
4 30 0 1
31 30 1 0
4 31 0 1
4 30 0 1
8 30 1 0
25 31 1 0
9 32 1 0
20 33 1 0
21 34 1 0
19 35 1 0
33 36 1 0
24 37 1 0
7 38 1 0
23 39 1 0
52 40 1 0
54 41 1 0
5 42 1 0
44 43 1 0
67 44 1 0
68 45 1 0
49 46 1 0
50 47 1 0
51 48 1 0
34 49 1 0
4 50 0 1
4 30 0 1
4 28 0 1
4 25 0 1
3 25 1 0
55 26 1 0
58 27 1 0
27 28 2 0
56 29 1 0
42 30 6 0
61 31 1 0
48 32 3 0
31 33 1 0
4 34 0 1
4 33 0 1
48 33 1 0
31 34 1 0
4 35 0 1
4 31 0 1
31 31 1 0
4 32 0 1
4 31 0 1
8 31 1 0
25 32 1 0
9 33 1 0
20 34 1 0
21 35 1 0
19 36 1 0
33 37 1 0
24 38 1 0
7 39 1 0
23 40 1 0
52 41 1 0
54 42 1 0
5 43 1 0
44 44 1 0
67 45 1 0
68 46 1 0
49 47 1 0
50 48 1 0
51 49 1 0
34 50 1 0
4 51 0 1
4 31 0 1
4 29 0 1
4 14 0 1
4 8 0 1
