1 149 0 1 0
21 118 1 1 0
52 118 2 1 0
65 135 3 1 0
0 149 4 1 0
17 135 5 1 0
50 135 6 4 0
19 134 7 1 0
4 41 8 0 1
4 22 7 0 1
66 37 7 1 0
4 30 8 0 1
15 148 7 4 0
4 32 8 0 1
16 137 8 1 0
18 137 9 1 0
2 149 10 1 0
43 137 11 4 0
47 134 12 1 0
4 41 13 0 1
47 139 12 1 0
4 47 13 0 1
45 141 12 2 0
58 140 13 1 0
4 75 14 0 1
44 127 13 4 0
34 126 14 1 0
4 30 15 0 1
4 34 14 0 1
33 55 14 1 0
32 55 15 2 0
72 54 16 1 0
71 54 17 1 0
68 54 18 2 0
69 52 19 1 0
66 52 20 1 0
4 30 21 0 1
25 76 19 2 0
4 33 20 0 1
4 43 20 0 1
78 77 16 1 0
34 77 17 1 0
4 30 18 0 1
4 45 14 0 1
42 142 12 1 0
12 142 13 3 0
4 32 14 0 1
14 51 14 12 0
13 50 15 1 0
40 50 16 2 0
39 49 17 2 0
41 48 18 1 0
72 48 19 1 0
71 48 20 1 0
69 48 21 1 0
66 48 22 1 0
4 30 23 0 1
79 125 18 1 0
77 125 19 3 0
78 123 20 1 0
34 123 21 1 0
4 30 22 0 1
4 21 20 0 1
80 128 20 1 0
28 128 21 1 0
10 128 22 1 0
23 128 23 1 0
24 128 24 1 0
22 128 25 1 0
36 128 26 1 0
27 128 27 1 0
7 128 28 1 0
26 128 29 1 0
57 128 30 1 0
60 128 31 1 0
5 128 32 1 0
49 128 33 1 0
73 128 34 1 0
74 128 35 1 0
54 128 36 1 0
55 128 37 1 0
56 128 38 1 0
75 128 39 5 0
4 40 40 0 1
20 48 40 1 0
34 48 41 1 0
4 30 42 0 1
4 34 40 0 1
8 57 40 1 0
28 57 41 1 0
10 57 42 1 0
23 57 43 1 0
24 57 44 1 0
22 57 45 1 0
36 57 46 1 0
27 57 47 1 0
7 57 48 1 0
26 57 49 1 0
57 57 50 1 0
60 57 51 1 0
5 57 52 1 0
49 57 53 1 0
73 57 54 1 0
74 57 55 1 0
54 57 56 1 0
29 57 57 3 0
6 56 58 1 0
34 56 59 1 0
4 30 60 0 1
4 25 58 0 1
34 119 58 1 0
4 30 59 0 1
4 45 40 0 1
4 46 17 0 1
13 97 15 1 0
40 97 16 2 0
39 96 17 2 0
41 93 18 1 0
72 93 19 1 0
70 93 20 1 0
51 93 21 1 0
31 93 22 1 0
4 26 23 0 1
79 81 18 9 0
77 78 19 1 0
78 78 20 1 0
34 78 21 1 0
4 30 22 0 1
4 23 19 0 1
77 103 19 1 0
78 103 20 1 0
34 103 21 1 0
4 30 22 0 1
4 23 19 0 1
77 120 19 1 0
78 120 20 1 0
34 120 21 1 0
4 30 22 0 1
4 23 19 0 1
77 108 19 1 0
78 108 20 1 0
34 108 21 1 0
4 30 22 0 1
4 23 19 0 1
77 85 19 1 0
78 85 20 1 0
34 85 21 1 0
4 30 22 0 1
4 46 17 0 1
13 64 15 1 0
3 64 16 1 0
61 64 17 1 0
64 64 18 1 0
30 64 19 2 0
62 63 20 1 0
46 63 21 6 0
67 58 22 1 0
53 58 23 3 0
34 56 24 1 0
4 30 25 0 1
4 25 24 0 1
53 130 24 1 0
34 130 25 1 0
4 30 26 0 1
4 25 22 0 1
34 132 22 1 0
4 30 23 0 1
4 34 22 0 1
8 4 22 1 0
28 4 23 1 0
10 4 24 1 0
23 4 25 1 0
24 4 26 1 0
22 4 27 1 0
36 4 28 1 0
27 4 29 1 0
7 4 30 1 0
26 4 31 1 0
57 4 32 1 0
60 4 33 1 0
5 4 34 1 0
49 4 35 1 0
73 4 36 1 0
74 4 37 1 0
54 4 38 1 0
55 4 39 1 0
56 4 40 1 0
38 4 41 1 0
4 53 42 0 1
4 45 22 0 1
4 46 20 0 1
13 84 15 1 0
3 84 16 1 0
61 84 17 1 0
64 84 18 1 0
30 84 19 2 0
62 83 20 1 0
9 83 21 3 0
37 78 22 1 0
29 78 23 1 0
34 78 24 1 0
4 30 25 0 1
11 19 22 1 0
4 21 23 0 1
28 124 22 1 0
10 124 23 1 0
23 124 24 1 0
24 124 25 1 0
22 124 26 1 0
36 124 27 1 0
27 124 28 1 0
7 124 29 1 0
26 124 30 1 0
57 124 31 1 0
60 124 32 1 0
5 124 33 1 0
49 124 34 1 0
73 124 35 1 0
74 124 36 1 0
54 124 37 1 0
55 124 38 1 0
56 124 39 5 0
67 123 40 1 0
53 123 41 1 0
34 123 42 1 0
4 30 43 0 1
4 25 40 0 1
34 129 40 1 0
4 30 41 0 1
4 34 40 0 1
4 45 40 0 1
4 46 20 0 1
13 60 15 1 0
3 60 16 1 0
61 60 17 1 0
64 60 18 1 0
30 60 19 2 0
62 59 20 1 0
46 59 21 6 0
67 58 22 1 0
53 58 23 3 0
34 56 24 1 0
4 30 25 0 1
4 25 24 0 1
53 130 24 1 0
34 130 25 1 0
4 30 26 0 1
4 25 22 0 1
34 132 22 1 0
4 30 23 0 1
4 34 22 0 1
8 2 22 1 0
28 2 23 1 0
10 2 24 1 0
23 2 25 1 0
24 2 26 1 0
22 2 27 1 0
36 2 28 1 0
27 2 29 1 0
7 2 30 1 0
26 2 31 1 0
57 2 32 1 0
60 2 33 1 0
5 2 34 1 0
49 2 35 1 0
73 2 36 1 0
74 2 37 1 0
54 2 38 1 0
55 2 39 1 0
56 2 40 1 0
38 2 41 1 0
4 53 42 0 1
4 45 22 0 1
4 46 20 0 1
13 107 15 1 0
3 107 16 1 0
61 107 17 1 0
64 107 18 1 0
30 107 19 2 0
62 106 20 1 0
9 106 21 3 0
37 103 22 1 0
29 103 23 1 0
34 103 24 1 0
4 30 25 0 1
11 19 22 1 0
4 21 23 0 1
28 124 22 1 0
10 124 23 1 0
23 124 24 1 0
24 124 25 1 0
22 124 26 1 0
36 124 27 1 0
27 124 28 1 0
7 124 29 1 0
26 124 30 1 0
57 124 31 1 0
60 124 32 1 0
5 124 33 1 0
49 124 34 1 0
73 124 35 1 0
74 124 36 1 0
54 124 37 1 0
55 124 38 1 0
56 124 39 5 0
67 123 40 1 0
53 123 41 1 0
34 123 42 1 0
4 30 43 0 1
4 25 40 0 1
34 129 40 1 0
4 30 41 0 1
4 34 40 0 1
4 45 40 0 1
4 46 20 0 1
13 62 15 1 0
3 62 16 1 0
61 62 17 1 0
64 62 18 1 0
30 62 19 2 0
62 61 20 1 0
46 61 21 6 0
67 58 22 1 0
53 58 23 3 0
34 56 24 1 0
4 30 25 0 1
4 25 24 0 1
53 130 24 1 0
34 130 25 1 0
4 30 26 0 1
4 25 22 0 1
34 132 22 1 0
4 30 23 0 1
4 34 22 0 1
8 3 22 1 0
28 3 23 1 0
10 3 24 1 0
23 3 25 1 0
24 3 26 1 0
22 3 27 1 0
36 3 28 1 0
27 3 29 1 0
7 3 30 1 0
26 3 31 1 0
57 3 32 1 0
60 3 33 1 0
5 3 34 1 0
49 3 35 1 0
73 3 36 1 0
74 3 37 1 0
54 3 38 1 0
55 3 39 1 0
56 3 40 1 0
38 3 41 1 0
4 53 42 0 1
4 45 22 0 1
4 46 20 0 1
13 122 15 1 0
3 122 16 1 0
61 122 17 1 0
64 122 18 1 0
30 122 19 2 0
62 121 20 1 0
9 121 21 3 0
37 120 22 1 0
29 120 23 1 0
34 120 24 1 0
4 30 25 0 1
11 19 22 1 0
4 21 23 0 1
28 124 22 1 0
10 124 23 1 0
23 124 24 1 0
24 124 25 1 0
22 124 26 1 0
36 124 27 1 0
27 124 28 1 0
7 124 29 1 0
26 124 30 1 0
57 124 31 1 0
60 124 32 1 0
5 124 33 1 0
49 124 34 1 0
73 124 35 1 0
74 124 36 1 0
54 124 37 1 0
55 124 38 1 0
56 124 39 5 0
67 123 40 1 0
53 123 41 1 0
34 123 42 1 0
4 30 43 0 1
4 25 40 0 1
34 129 40 1 0
4 30 41 0 1
4 34 40 0 1
4 45 40 0 1
4 46 20 0 1
13 111 15 1 0
3 111 16 1 0
61 111 17 1 0
64 111 18 1 0
30 111 19 2 0
62 110 20 1 0
9 110 21 3 0
37 108 22 1 0
29 108 23 1 0
34 108 24 1 0
4 30 25 0 1
11 19 22 1 0
4 21 23 0 1
28 105 22 1 0
10 105 23 1 0
23 105 24 1 0
24 105 25 1 0
22 105 26 1 0
36 105 27 1 0
27 105 28 1 0
7 105 29 1 0
26 105 30 1 0
57 105 31 1 0
60 105 32 1 0
5 105 33 3 0
5 104 34 1 0
49 104 35 3 0
49 103 36 1 0
73 103 37 1 0
74 103 38 1 0
54 103 39 1 0
29 103 40 1 0
34 103 41 1 0
4 30 42 0 1
4 36 36 0 1
73 14 36 1 0
74 14 37 1 0
54 14 38 1 0
55 14 39 1 0
56 14 40 1 0
38 14 41 1 0
4 31 42 0 1
4 20 34 0 1
49 120 34 1 0
73 120 35 1 0
74 120 36 1 0
54 120 37 1 0
29 120 38 1 0
34 120 39 1 0
4 30 40 0 1
4 46 20 0 1
13 92 15 1 0
3 92 16 1 0
61 92 17 1 0
64 92 18 1 0
30 92 19 2 0
62 91 20 1 0
9 91 21 3 0
37 85 22 1 0
29 85 23 1 0
34 85 24 1 0
4 30 25 0 1
11 19 22 1 0
4 21 23 0 1
28 113 22 1 0
10 113 23 1 0
23 113 24 1 0
24 113 25 1 0
22 113 26 1 0
36 113 27 1 0
27 113 28 1 0
7 113 29 1 0
26 113 30 1 0
57 113 31 1 0
60 113 32 1 0
5 113 33 1 0
49 113 34 1 0
73 113 35 1 0
74 113 36 1 0
54 113 37 1 0
55 113 38 1 0
56 113 39 4 0
48 112 40 1 0
76 112 41 1 0
4 30 42 0 1
4 34 40 0 1
8 82 40 3 0
28 78 41 1 0
10 78 42 1 0
23 78 43 1 0
24 78 44 1 0
22 78 45 1 0
36 78 46 1 0
27 78 47 1 0
7 78 48 1 0
26 78 49 1 0
57 78 50 1 0
60 78 51 1 0
5 78 52 1 0
49 78 53 1 0
73 78 54 1 0
74 78 55 1 0
54 78 56 1 0
29 78 57 1 0
34 78 58 1 0
4 30 59 0 1
4 23 41 0 1
28 108 41 1 0
10 108 42 1 0
23 108 43 1 0
24 108 44 1 0
22 108 45 1 0
36 108 46 1 0
27 108 47 1 0
7 108 48 1 0
26 108 49 1 0
57 108 50 1 0
60 108 51 1 0
5 108 52 1 0
49 108 53 1 0
73 108 54 1 0
74 108 55 1 0
54 108 56 1 0
29 108 57 1 0
34 108 58 1 0
4 30 59 0 1
4 45 40 0 1
4 46 20 0 1
13 66 15 1 0
3 66 16 1 0
61 66 17 1 0
64 66 18 1 0
30 66 19 2 0
62 65 20 1 0
46 65 21 6 0
67 58 22 1 0
53 58 23 3 0
34 56 24 1 0
4 30 25 0 1
4 25 24 0 1
53 130 24 1 0
34 130 25 1 0
4 30 26 0 1
4 25 22 0 1
34 133 22 1 0
4 30 23 0 1
4 34 22 0 1
8 1 22 1 0
28 1 23 1 0
10 1 24 1 0
23 1 25 1 0
24 1 26 1 0
22 1 27 1 0
36 1 28 1 0
27 1 29 1 0
7 1 30 1 0
26 1 31 1 0
57 1 32 1 0
60 1 33 1 0
5 1 34 3 0
5 0 35 1 0
49 0 36 1 0
73 0 37 1 0
74 0 38 1 0
54 0 39 1 0
55 0 40 1 0
56 0 41 1 0
38 0 42 1 0
4 53 43 0 1
4 20 35 0 1
49 85 35 1 0
73 85 36 1 0
74 85 37 1 0
54 85 38 1 0
29 85 39 1 0
34 85 40 1 0
4 30 41 0 1
4 45 22 0 1
4 46 20 0 1
13 115 15 1 0
3 115 16 1 0
61 115 17 1 0
35 115 18 7 0
4 29 19 0 1
4 34 19 0 1
28 86 19 1 0
10 86 20 1 0
23 86 21 1 0
24 86 22 1 0
22 86 23 1 0
36 86 24 1 0
27 86 25 1 0
7 86 26 1 0
26 86 27 1 0
57 86 28 3 0
57 85 29 1 0
60 85 30 1 0
5 85 31 1 0
49 85 32 1 0
73 85 33 1 0
74 85 34 1 0
54 85 35 1 0
29 85 36 1 0
34 85 37 1 0
4 30 38 0 1
4 35 29 0 1
60 15 29 1 0
5 15 30 1 0
49 15 31 1 0
73 15 32 1 0
74 15 33 1 0
54 15 34 1 0
55 15 35 1 0
56 15 36 1 0
38 15 37 1 0
4 28 38 0 1
4 45 19 0 1
63 146 19 1 0
64 146 20 1 0
12 146 21 3 0
4 32 22 0 1
14 74 22 1 0
13 74 23 1 0
3 74 24 1 0
61 74 25 1 0
64 74 26 1 0
30 74 27 2 0
62 73 28 1 0
46 73 29 6 0
67 58 30 1 0
53 58 31 3 0
34 56 32 1 0
4 30 33 0 1
4 25 32 0 1
53 130 32 1 0
34 130 33 1 0
4 30 34 0 1
4 25 30 0 1
34 133 30 1 0
4 30 31 0 1
4 34 30 0 1
8 8 30 1 0
28 8 31 1 0
10 8 32 1 0
23 8 33 1 0
24 8 34 1 0
22 8 35 1 0
36 8 36 1 0
27 8 37 1 0
7 8 38 1 0
26 8 39 1 0
57 8 40 1 0
60 8 41 1 0
5 8 42 1 0
49 8 43 1 0
73 8 44 1 0
74 8 45 1 0
54 8 46 1 0
55 8 47 1 0
56 8 48 1 0
38 8 49 1 0
4 53 50 0 1
4 45 30 0 1
4 46 28 0 1
4 42 22 0 1
4 27 19 0 1
3 116 19 1 0
61 116 20 1 0
35 116 21 7 0
4 29 22 0 1
4 34 22 0 1
28 87 22 1 0
10 87 23 1 0
23 87 24 1 0
24 87 25 1 0
22 87 26 1 0
36 87 27 1 0
27 87 28 1 0
7 87 29 1 0
26 87 30 1 0
57 87 31 3 0
57 85 32 1 0
60 85 33 1 0
5 85 34 1 0
49 85 35 1 0
73 85 36 1 0
74 85 37 1 0
54 85 38 1 0
29 85 39 1 0
34 85 40 1 0
4 30 41 0 1
4 35 32 0 1
60 17 32 1 0
5 17 33 1 0
49 17 34 1 0
73 17 35 1 0
74 17 36 1 0
54 17 37 1 0
55 17 38 1 0
56 17 39 1 0
38 17 40 1 0
4 31 41 0 1
4 45 22 0 1
63 143 22 1 0
64 143 23 1 0
12 143 24 3 0
4 32 25 0 1
14 68 25 1 0
13 68 26 1 0
3 68 27 1 0
61 68 28 1 0
64 68 29 1 0
30 68 30 2 0
62 67 31 1 0
46 67 32 6 0
67 58 33 1 0
53 58 34 3 0
34 56 35 1 0
4 30 36 0 1
4 25 35 0 1
53 130 35 1 0
34 130 36 1 0
4 30 37 0 1
4 25 33 0 1
34 133 33 1 0
4 30 34 0 1
4 34 33 0 1
8 5 33 1 0
28 5 34 1 0
10 5 35 1 0
23 5 36 1 0
24 5 37 1 0
22 5 38 1 0
36 5 39 1 0
27 5 40 1 0
7 5 41 1 0
26 5 42 1 0
57 5 43 1 0
60 5 44 1 0
5 5 45 1 0
49 5 46 1 0
73 5 47 1 0
74 5 48 1 0
54 5 49 1 0
55 5 50 1 0
56 5 51 1 0
38 5 52 1 0
4 53 53 0 1
4 45 33 0 1
4 46 31 0 1
4 42 25 0 1
4 27 22 0 1
3 117 22 1 0
61 117 23 1 0
35 117 24 7 0
4 29 25 0 1
4 34 25 0 1
28 88 25 1 0
10 88 26 1 0
23 88 27 1 0
24 88 28 1 0
22 88 29 1 0
36 88 30 1 0
27 88 31 1 0
7 88 32 1 0
26 88 33 1 0
57 88 34 3 0
57 85 35 1 0
60 85 36 1 0
5 85 37 1 0
49 85 38 1 0
73 85 39 1 0
74 85 40 1 0
54 85 41 1 0
29 85 42 1 0
34 85 43 1 0
4 30 44 0 1
4 35 35 0 1
60 18 35 1 0
5 18 36 1 0
49 18 37 1 0
73 18 38 1 0
74 18 39 1 0
54 18 40 1 0
55 18 41 1 0
56 18 42 1 0
38 18 43 1 0
4 31 44 0 1
4 45 25 0 1
63 145 25 1 0
64 145 26 1 0
12 145 27 3 0
4 32 28 0 1
14 72 28 1 0
13 72 29 1 0
3 72 30 1 0
61 72 31 1 0
64 72 32 1 0
30 72 33 2 0
62 71 34 1 0
46 71 35 6 0
67 58 36 1 0
53 58 37 3 0
34 56 38 1 0
4 30 39 0 1
4 25 38 0 1
53 130 38 1 0
34 130 39 1 0
4 30 40 0 1
4 25 36 0 1
34 133 36 1 0
4 30 37 0 1
4 34 36 0 1
8 7 36 1 0
28 7 37 1 0
10 7 38 1 0
23 7 39 1 0
24 7 40 1 0
22 7 41 1 0
36 7 42 1 0
27 7 43 1 0
7 7 44 1 0
26 7 45 1 0
57 7 46 1 0
60 7 47 1 0
5 7 48 1 0
49 7 49 1 0
73 7 50 1 0
74 7 51 1 0
54 7 52 1 0
55 7 53 1 0
56 7 54 1 0
38 7 55 1 0
4 53 56 0 1
4 45 36 0 1
4 46 34 0 1
4 42 28 0 1
4 27 25 0 1
3 144 25 1 0
61 144 26 1 0
64 144 27 1 0
12 144 28 3 0
4 32 29 0 1
14 70 29 1 0
13 70 30 1 0
3 70 31 1 0
61 70 32 1 0
64 70 33 1 0
30 70 34 2 0
62 69 35 1 0
46 69 36 6 0
67 58 37 1 0
53 58 38 3 0
34 56 39 1 0
4 30 40 0 1
4 25 39 0 1
53 130 39 1 0
34 130 40 1 0
4 30 41 0 1
4 25 37 0 1
34 133 37 1 0
4 30 38 0 1
4 34 37 0 1
8 6 37 1 0
28 6 38 1 0
10 6 39 1 0
23 6 40 1 0
24 6 41 1 0
22 6 42 1 0
36 6 43 1 0
27 6 44 1 0
7 6 45 1 0
26 6 46 1 0
57 6 47 1 0
60 6 48 1 0
5 6 49 1 0
49 6 50 1 0
73 6 51 1 0
74 6 52 1 0
54 6 53 1 0
55 6 54 1 0
56 6 55 1 0
38 6 56 1 0
4 53 57 0 1
4 45 37 0 1
4 46 35 0 1
4 42 29 0 1
4 42 14 0 1
16 136 8 1 0
18 136 9 1 0
2 149 10 1 0
43 136 11 4 0
47 134 12 1 0
4 41 13 0 1
47 139 12 1 0
4 47 13 0 1
45 102 12 2 0
58 93 13 1 0
72 93 14 1 0
70 93 15 1 0
51 93 16 1 0
31 93 17 1 0
4 26 18 0 1
44 114 13 4 0
34 112 14 1 0
4 30 15 0 1
4 34 14 0 1
33 95 14 3 0
32 94 15 2 0
72 93 16 1 0
70 93 17 1 0
51 93 18 1 0
31 93 19 1 0
4 26 20 0 1
78 78 16 1 0
34 78 17 1 0
4 30 18 0 1
4 23 15 0 1
32 101 15 2 0
72 93 16 1 0
70 93 17 1 0
51 93 18 1 0
31 93 19 1 0
4 26 20 0 1
78 108 16 1 0
34 108 17 1 0
4 30 18 0 1
4 45 14 0 1
42 147 12 1 0
12 147 13 3 0
4 32 14 0 1
14 100 14 3 0
13 99 15 1 0
40 99 16 2 0
39 98 17 2 0
41 93 18 1 0
72 93 19 1 0
70 93 20 1 0
51 93 21 1 0
31 93 22 1 0
4 26 23 0 1
79 85 18 1 0
77 85 19 1 0
78 85 20 1 0
34 85 21 1 0
4 30 22 0 1
4 46 17 0 1
13 90 15 1 0
3 90 16 1 0
61 90 17 1 0
64 90 18 1 0
30 90 19 2 0
62 89 20 1 0
9 89 21 3 0
37 85 22 1 0
29 85 23 1 0
34 85 24 1 0
4 30 25 0 1
11 19 22 1 0
4 21 23 0 1
28 80 22 1 0
10 80 23 1 0
23 80 24 1 0
24 80 25 1 0
22 80 26 1 0
36 80 27 1 0
27 80 28 1 0
7 80 29 1 0
26 80 30 1 0
57 80 31 1 0
60 80 32 1 0
5 80 33 1 0
49 80 34 3 0
49 79 35 3 0
49 78 36 1 0
73 78 37 1 0
74 78 38 1 0
54 78 39 1 0
29 78 40 1 0
34 78 41 1 0
4 30 42 0 1
4 36 36 0 1
73 13 36 1 0
74 13 37 1 0
54 13 38 1 0
55 13 39 1 0
56 13 40 1 0
38 13 41 1 0
4 28 42 0 1
4 24 35 0 1
73 9 35 1 0
74 9 36 1 0
54 9 37 1 0
55 9 38 1 0
56 9 39 3 0
4 34 40 0 1
28 39 40 1 0
10 39 41 1 0
23 39 42 1 0
24 39 43 1 0
22 39 44 1 0
36 39 45 1 0
27 39 46 1 0
7 39 47 1 0
26 39 48 1 0
57 39 49 1 0
60 39 50 1 0
5 39 51 1 0
49 39 52 1 0
73 39 53 1 0
74 39 54 1 0
54 39 55 1 0
55 39 56 1 0
56 39 57 6 0
67 38 58 1 0
53 38 59 1 0
34 38 60 1 0
4 30 61 0 1
4 25 58 0 1
34 131 58 1 0
4 30 59 0 1
4 34 58 0 1
8 11 58 3 0
28 10 59 1 0
10 10 60 1 0
23 10 61 1 0
24 10 62 1 0
22 10 63 1 0
36 10 64 1 0
27 10 65 1 0
7 10 66 1 0
26 10 67 1 0
57 10 68 1 0
60 10 69 1 0
5 10 70 1 0
49 10 71 1 0
73 10 72 1 0
74 10 73 1 0
54 10 74 1 0
55 10 75 1 0
56 10 76 3 0
4 34 77 0 1
28 109 77 1 0
10 109 78 1 0
23 109 79 1 0
24 109 80 1 0
22 109 81 1 0
36 109 82 1 0
27 109 83 1 0
7 109 84 1 0
26 109 85 1 0
57 109 86 1 0
60 109 87 1 0
5 109 88 1 0
49 109 89 3 0
49 108 90 1 0
73 108 91 1 0
74 108 92 1 0
54 108 93 1 0
29 108 94 1 0
34 108 95 1 0
4 30 96 0 1
4 36 90 0 1
73 12 90 1 0
74 12 91 1 0
54 12 92 1 0
55 12 93 1 0
56 12 94 1 0
38 12 95 1 0
4 28 96 0 1
4 45 77 0 1
4 23 59 0 1
28 16 59 1 0
10 16 60 1 0
23 16 61 1 0
24 16 62 1 0
22 16 63 1 0
36 16 64 1 0
27 16 65 1 0
7 16 66 1 0
26 16 67 1 0
57 16 68 1 0
60 16 69 1 0
5 16 70 1 0
49 16 71 1 0
73 16 72 1 0
74 16 73 1 0
54 16 74 1 0
55 16 75 1 0
56 16 76 1 0
38 16 77 1 0
4 31 78 0 1
4 45 58 0 1
4 45 40 0 1
4 46 20 0 1
13 138 15 1 0
3 138 16 1 0
61 138 17 1 0
64 138 18 1 0
59 138 19 3 0
4 44 20 0 1
28 85 20 1 0
10 85 21 1 0
23 85 22 1 0
24 85 23 1 0
22 85 24 1 0
36 85 25 1 0
27 85 26 1 0
7 85 27 1 0
26 85 28 1 0
57 85 29 1 0
60 85 30 1 0
5 85 31 1 0
49 85 32 1 0
73 85 33 1 0
74 85 34 1 0
54 85 35 1 0
29 85 36 1 0
34 85 37 1 0
4 30 38 0 1
4 46 20 0 1
4 42 14 0 1
4 42 8 0 1
