1 124 0 1 0
19 90 1 1 0
48 90 2 1 0
60 109 3 1 0
0 124 4 1 0
15 109 5 1 0
46 109 6 4 0
17 108 7 1 0
4 36 8 0 1
4 20 7 0 1
61 29 7 1 0
4 27 8 0 1
13 123 7 3 0
4 30 8 0 1
14 110 8 1 0
16 110 9 1 0
2 124 10 1 0
40 110 11 4 0
44 108 12 1 0
4 36 13 0 1
44 116 12 1 0
4 41 13 0 1
42 121 12 2 0
54 120 13 1 0
4 69 14 0 1
41 102 13 4 0
32 101 14 1 0
4 27 15 0 1
4 32 14 0 1
31 49 14 1 0
30 49 15 2 0
67 48 16 1 0
66 48 17 1 0
63 48 18 2 0
64 46 19 1 0
61 46 20 1 0
4 27 21 0 1
23 70 19 2 0
4 31 20 0 1
4 38 20 0 1
72 71 16 1 0
32 71 17 1 0
4 27 18 0 1
4 39 14 0 1
39 122 12 1 0
10 122 13 3 0
4 30 14 0 1
12 45 14 11 0
11 44 15 1 0
37 44 16 2 0
36 43 17 2 0
38 42 18 1 0
67 42 19 1 0
66 42 20 1 0
64 42 21 1 0
61 42 22 1 0
4 27 23 0 1
73 96 18 1 0
71 96 19 3 0
72 94 20 1 0
32 94 21 1 0
4 27 22 0 1
4 19 20 0 1
74 103 20 1 0
26 103 21 1 0
9 103 22 1 0
21 103 23 1 0
22 103 24 1 0
20 103 25 1 0
34 103 26 1 0
25 103 27 1 0
7 103 28 1 0
24 103 29 1 0
53 103 30 1 0
55 103 31 1 0
5 103 32 1 0
45 103 33 1 0
68 103 34 1 0
69 103 35 1 0
50 103 36 1 0
51 103 37 1 0
52 103 38 1 0
70 103 39 5 0
4 35 40 0 1
18 42 40 1 0
32 42 41 1 0
4 27 42 0 1
4 32 40 0 1
8 51 40 1 0
26 51 41 1 0
9 51 42 1 0
21 51 43 1 0
22 51 44 1 0
20 51 45 1 0
34 51 46 1 0
25 51 47 1 0
7 51 48 1 0
24 51 49 1 0
53 51 50 1 0
55 51 51 1 0
5 51 52 1 0
45 51 53 1 0
68 51 54 1 0
69 51 55 1 0
50 51 56 1 0
27 51 57 3 0
6 50 58 1 0
32 50 59 1 0
4 27 60 0 1
4 22 58 0 1
32 91 58 1 0
4 27 59 0 1
4 39 40 0 1
4 40 17 0 1
11 58 15 1 0
3 58 16 1 0
56 58 17 1 0
59 58 18 1 0
28 58 19 2 0
57 57 20 1 0
43 57 21 6 0
62 52 22 1 0
49 52 23 3 0
32 50 24 1 0
4 27 25 0 1
4 22 24 0 1
49 105 24 1 0
32 105 25 1 0
4 27 26 0 1
4 22 22 0 1
32 106 22 1 0
4 27 23 0 1
4 32 22 0 1
8 4 22 1 0
26 4 23 1 0
9 4 24 1 0
21 4 25 1 0
22 4 26 1 0
20 4 27 1 0
34 4 28 1 0
25 4 29 1 0
7 4 30 1 0
24 4 31 1 0
53 4 32 1 0
55 4 33 1 0
5 4 34 1 0
45 4 35 1 0
68 4 36 1 0
69 4 37 1 0
50 4 38 1 0
51 4 39 1 0
52 4 40 1 0
35 4 41 1 0
4 47 42 0 1
4 39 22 0 1
4 40 20 0 1
11 78 15 1 0
37 78 16 2 0
36 77 17 2 0
38 76 18 1 0
67 76 19 1 0
65 76 20 1 0
47 76 21 1 0
29 76 22 1 0
4 23 23 0 1
73 75 18 1 0
71 75 19 3 0
72 72 20 1 0
32 72 21 1 0
4 27 22 0 1
4 19 20 0 1
74 95 20 1 0
26 95 21 1 0
9 95 22 1 0
21 95 23 1 0
22 95 24 1 0
20 95 25 1 0
34 95 26 1 0
25 95 27 1 0
7 95 28 1 0
24 95 29 1 0
53 95 30 1 0
55 95 31 1 0
5 95 32 1 0
45 95 33 1 0
68 95 34 1 0
69 95 35 1 0
50 95 36 1 0
51 95 37 1 0
52 95 38 5 0
62 94 39 1 0
49 94 40 1 0
32 94 41 1 0
4 27 42 0 1
4 22 39 0 1
32 104 39 1 0
4 27 40 0 1
4 32 39 0 1
4 39 39 0 1
4 40 17 0 1
11 54 15 1 0
3 54 16 1 0
56 54 17 1 0
59 54 18 1 0
28 54 19 2 0
57 53 20 1 0
43 53 21 6 0
62 52 22 1 0
49 52 23 3 0
32 50 24 1 0
4 27 25 0 1
4 22 24 0 1
49 105 24 1 0
32 105 25 1 0
4 27 26 0 1
4 22 22 0 1
32 106 22 1 0
4 27 23 0 1
4 32 22 0 1
8 2 22 1 0
26 2 23 1 0
9 2 24 1 0
21 2 25 1 0
22 2 26 1 0
20 2 27 1 0
34 2 28 1 0
25 2 29 1 0
7 2 30 1 0
24 2 31 1 0
53 2 32 1 0
55 2 33 1 0
5 2 34 1 0
45 2 35 1 0
68 2 36 1 0
69 2 37 1 0
50 2 38 1 0
51 2 39 1 0
52 2 40 1 0
35 2 41 1 0
4 47 42 0 1
4 39 22 0 1
4 40 20 0 1
11 82 15 1 0
37 82 16 2 0
36 81 17 2 0
38 76 18 1 0
67 76 19 1 0
65 76 20 1 0
47 76 21 1 0
29 76 22 1 0
4 23 23 0 1
73 100 18 1 0
71 100 19 3 0
72 97 20 1 0
32 97 21 1 0
4 27 22 0 1
4 19 20 0 1
74 95 20 1 0
26 95 21 1 0
9 95 22 1 0
21 95 23 1 0
22 95 24 1 0
20 95 25 1 0
34 95 26 1 0
25 95 27 1 0
7 95 28 1 0
24 95 29 1 0
53 95 30 1 0
55 95 31 1 0
5 95 32 1 0
45 95 33 1 0
68 95 34 1 0
69 95 35 1 0
50 95 36 1 0
51 95 37 1 0
52 95 38 5 0
62 94 39 1 0
49 94 40 1 0
32 94 41 1 0
4 27 42 0 1
4 22 39 0 1
32 104 39 1 0
4 27 40 0 1
4 32 39 0 1
4 39 39 0 1
4 40 17 0 1
11 56 15 1 0
3 56 16 1 0
56 56 17 1 0
59 56 18 1 0
28 56 19 2 0
57 55 20 1 0
43 55 21 6 0
62 52 22 1 0
49 52 23 3 0
32 50 24 1 0
4 27 25 0 1
4 22 24 0 1
49 105 24 1 0
32 105 25 1 0
4 27 26 0 1
4 22 22 0 1
32 106 22 1 0
4 27 23 0 1
4 32 22 0 1
8 3 22 1 0
26 3 23 1 0
9 3 24 1 0
21 3 25 1 0
22 3 26 1 0
20 3 27 1 0
34 3 28 1 0
25 3 29 1 0
7 3 30 1 0
24 3 31 1 0
53 3 32 1 0
55 3 33 1 0
5 3 34 1 0
45 3 35 1 0
68 3 36 1 0
69 3 37 1 0
50 3 38 1 0
51 3 39 1 0
52 3 40 1 0
35 3 41 1 0
4 47 42 0 1
4 39 22 0 1
4 40 20 0 1
11 80 15 1 0
37 80 16 2 0
36 79 17 2 0
38 76 18 1 0
67 76 19 1 0
65 76 20 1 0
47 76 21 1 0
29 76 22 1 0
4 23 23 0 1
73 93 18 1 0
71 93 19 3 0
72 92 20 1 0
32 92 21 1 0
4 27 22 0 1
4 19 20 0 1
74 95 20 1 0
26 95 21 1 0
9 95 22 1 0
21 95 23 1 0
22 95 24 1 0
20 95 25 1 0
34 95 26 1 0
25 95 27 1 0
7 95 28 1 0
24 95 29 1 0
53 95 30 1 0
55 95 31 1 0
5 95 32 1 0
45 95 33 1 0
68 95 34 1 0
69 95 35 1 0
50 95 36 1 0
51 95 37 1 0
52 95 38 5 0
62 94 39 1 0
49 94 40 1 0
32 94 41 1 0
4 27 42 0 1
4 22 39 0 1
32 104 39 1 0
4 27 40 0 1
4 32 39 0 1
4 39 39 0 1
4 40 17 0 1
11 86 15 1 0
37 86 16 2 0
36 85 17 2 0
38 76 18 1 0
67 76 19 1 0
65 76 20 1 0
47 76 21 1 0
29 76 22 1 0
4 23 23 0 1
73 119 18 1 0
71 119 19 3 0
72 117 20 1 0
32 117 21 1 0
4 27 22 0 1
4 19 20 0 1
74 99 20 1 0
26 99 21 1 0
9 99 22 1 0
21 99 23 1 0
22 99 24 1 0
20 99 25 1 0
34 99 26 1 0
25 99 27 1 0
7 99 28 1 0
24 99 29 1 0
53 99 30 1 0
55 99 31 1 0
5 99 32 3 0
5 98 33 1 0
45 98 34 3 0
45 97 35 1 0
68 97 36 1 0
69 97 37 1 0
50 97 38 1 0
27 97 39 1 0
32 97 40 1 0
4 27 41 0 1
4 34 35 0 1
68 14 35 1 0
69 14 36 1 0
50 14 37 1 0
51 14 38 1 0
52 14 39 1 0
35 14 40 1 0
4 28 41 0 1
4 18 33 0 1
45 92 33 1 0
68 92 34 1 0
69 92 35 1 0
50 92 36 1 0
27 92 37 1 0
32 92 38 1 0
4 27 39 0 1
4 40 17 0 1
11 84 15 1 0
37 84 16 2 0
36 83 17 2 0
38 76 18 1 0
67 76 19 1 0
65 76 20 1 0
47 76 21 1 0
29 76 22 1 0
4 23 23 0 1
73 115 18 1 0
71 115 19 3 0
72 111 20 1 0
32 111 21 1 0
4 27 22 0 1
4 19 20 0 1
74 74 20 1 0
26 74 21 1 0
9 74 22 1 0
21 74 23 1 0
22 74 24 1 0
20 74 25 1 0
34 74 26 1 0
25 74 27 1 0
7 74 28 1 0
24 74 29 1 0
53 74 30 1 0
55 74 31 1 0
5 74 32 1 0
45 74 33 3 0
45 73 34 3 0
45 72 35 1 0
68 72 36 1 0
69 72 37 1 0
50 72 38 1 0
27 72 39 1 0
32 72 40 1 0
4 27 41 0 1
4 34 35 0 1
68 13 35 1 0
69 13 36 1 0
50 13 37 1 0
51 13 38 1 0
52 13 39 1 0
35 13 40 1 0
4 25 41 0 1
4 21 34 0 1
68 9 34 1 0
69 9 35 1 0
50 9 36 1 0
51 9 37 1 0
52 9 38 3 0
4 32 39 0 1
26 11 39 1 0
9 11 40 1 0
21 11 41 1 0
22 11 42 1 0
20 11 43 1 0
34 11 44 1 0
25 11 45 1 0
7 11 46 1 0
24 11 47 1 0
53 11 48 1 0
55 11 49 1 0
5 11 50 1 0
45 11 51 3 0
45 10 52 1 0
68 10 53 1 0
69 10 54 1 0
50 10 55 1 0
51 10 56 1 0
52 10 57 3 0
4 32 58 0 1
26 118 58 1 0
9 118 59 1 0
21 118 60 1 0
22 118 61 1 0
20 118 62 1 0
34 118 63 1 0
25 118 64 1 0
7 118 65 1 0
24 118 66 1 0
53 118 67 1 0
55 118 68 1 0
5 118 69 1 0
45 118 70 3 0
45 117 71 1 0
68 117 72 1 0
69 117 73 1 0
50 117 74 1 0
27 117 75 1 0
32 117 76 1 0
4 27 77 0 1
4 34 71 0 1
68 12 71 1 0
69 12 72 1 0
50 12 73 1 0
51 12 74 1 0
52 12 75 1 0
35 12 76 1 0
4 25 77 0 1
4 39 58 0 1
4 34 52 0 1
68 10 52 1 0
69 10 53 1 0
50 10 54 1 0
51 10 55 1 0
52 10 56 3 0
4 32 57 0 1
26 118 57 1 0
9 118 58 1 0
21 118 59 1 0
22 118 60 1 0
20 118 61 1 0
34 118 62 1 0
25 118 63 1 0
7 118 64 1 0
24 118 65 1 0
53 118 66 1 0
55 118 67 1 0
5 118 68 1 0
45 118 69 3 0
45 117 70 1 0
68 117 71 1 0
69 117 72 1 0
50 117 73 1 0
27 117 74 1 0
32 117 75 1 0
4 27 76 0 1
4 34 70 0 1
68 12 70 1 0
69 12 71 1 0
50 12 72 1 0
51 12 73 1 0
52 12 74 1 0
35 12 75 1 0
4 25 76 0 1
4 39 57 0 1
4 39 39 0 1
4 40 17 0 1
11 60 15 1 0
3 60 16 1 0
56 60 17 1 0
59 60 18 1 0
28 60 19 2 0
57 59 20 1 0
43 59 21 6 0
62 52 22 1 0
49 52 23 3 0
32 50 24 1 0
4 27 25 0 1
4 22 24 0 1
49 105 24 1 0
32 105 25 1 0
4 27 26 0 1
4 22 22 0 1
32 107 22 1 0
4 27 23 0 1
4 32 22 0 1
8 1 22 1 0
26 1 23 1 0
9 1 24 1 0
21 1 25 1 0
22 1 26 1 0
20 1 27 1 0
34 1 28 1 0
25 1 29 1 0
7 1 30 1 0
24 1 31 1 0
53 1 32 1 0
55 1 33 1 0
5 1 34 3 0
5 0 35 1 0
45 0 36 1 0
68 0 37 1 0
69 0 38 1 0
50 0 39 1 0
51 0 40 1 0
52 0 41 1 0
35 0 42 1 0
4 47 43 0 1
4 18 35 0 1
45 111 35 1 0
68 111 36 1 0
69 111 37 1 0
50 111 38 1 0
27 111 39 1 0
32 111 40 1 0
4 27 41 0 1
4 39 22 0 1
4 40 20 0 1
11 87 15 1 0
3 87 16 1 0
56 87 17 1 0
33 87 18 7 0
4 26 19 0 1
4 32 19 0 1
26 112 19 1 0
9 112 20 1 0
21 112 21 1 0
22 112 22 1 0
20 112 23 1 0
34 112 24 1 0
25 112 25 1 0
7 112 26 1 0
24 112 27 1 0
53 112 28 3 0
53 111 29 1 0
55 111 30 1 0
5 111 31 1 0
45 111 32 1 0
68 111 33 1 0
69 111 34 1 0
50 111 35 1 0
27 111 36 1 0
32 111 37 1 0
4 27 38 0 1
4 33 29 0 1
55 15 29 1 0
5 15 30 1 0
45 15 31 1 0
68 15 32 1 0
69 15 33 1 0
50 15 34 1 0
51 15 35 1 0
52 15 36 1 0
35 15 37 1 0
4 25 38 0 1
4 39 19 0 1
58 68 19 1 0
59 68 20 1 0
28 68 21 2 0
57 67 22 1 0
43 67 23 6 0
62 52 24 1 0
49 52 25 3 0
32 50 26 1 0
4 27 27 0 1
4 22 26 0 1
49 105 26 1 0
32 105 27 1 0
4 27 28 0 1
4 22 24 0 1
32 107 24 1 0
4 27 25 0 1
4 32 24 0 1
8 8 24 1 0
26 8 25 1 0
9 8 26 1 0
21 8 27 1 0
22 8 28 1 0
20 8 29 1 0
34 8 30 1 0
25 8 31 1 0
7 8 32 1 0
24 8 33 1 0
53 8 34 1 0
55 8 35 1 0
5 8 36 1 0
45 8 37 1 0
68 8 38 1 0
69 8 39 1 0
50 8 40 1 0
51 8 41 1 0
52 8 42 1 0
35 8 43 1 0
4 47 44 0 1
4 39 24 0 1
4 40 22 0 1
4 24 19 0 1
3 88 19 1 0
56 88 20 1 0
33 88 21 7 0
4 26 22 0 1
4 32 22 0 1
26 113 22 1 0
9 113 23 1 0
21 113 24 1 0
22 113 25 1 0
20 113 26 1 0
34 113 27 1 0
25 113 28 1 0
7 113 29 1 0
24 113 30 1 0
53 113 31 3 0
53 111 32 1 0
55 111 33 1 0
5 111 34 1 0
45 111 35 1 0
68 111 36 1 0
69 111 37 1 0
50 111 38 1 0
27 111 39 1 0
32 111 40 1 0
4 27 41 0 1
4 33 32 0 1
55 16 32 1 0
5 16 33 1 0
45 16 34 1 0
68 16 35 1 0
69 16 36 1 0
50 16 37 1 0
51 16 38 1 0
52 16 39 1 0
35 16 40 1 0
4 28 41 0 1
4 39 22 0 1
58 62 22 1 0
59 62 23 1 0
28 62 24 2 0
57 61 25 1 0
43 61 26 6 0
62 52 27 1 0
49 52 28 3 0
32 50 29 1 0
4 27 30 0 1
4 22 29 0 1
49 105 29 1 0
32 105 30 1 0
4 27 31 0 1
4 22 27 0 1
32 107 27 1 0
4 27 28 0 1
4 32 27 0 1
8 5 27 1 0
26 5 28 1 0
9 5 29 1 0
21 5 30 1 0
22 5 31 1 0
20 5 32 1 0
34 5 33 1 0
25 5 34 1 0
7 5 35 1 0
24 5 36 1 0
53 5 37 1 0
55 5 38 1 0
5 5 39 1 0
45 5 40 1 0
68 5 41 1 0
69 5 42 1 0
50 5 43 1 0
51 5 44 1 0
52 5 45 1 0
35 5 46 1 0
4 47 47 0 1
4 39 27 0 1
4 40 25 0 1
4 24 22 0 1
3 89 22 1 0
56 89 23 1 0
33 89 24 7 0
4 26 25 0 1
4 32 25 0 1
26 114 25 1 0
9 114 26 1 0
21 114 27 1 0
22 114 28 1 0
20 114 29 1 0
34 114 30 1 0
25 114 31 1 0
7 114 32 1 0
24 114 33 1 0
53 114 34 3 0
53 111 35 1 0
55 111 36 1 0
5 111 37 1 0
45 111 38 1 0
68 111 39 1 0
69 111 40 1 0
50 111 41 1 0
27 111 42 1 0
32 111 43 1 0
4 27 44 0 1
4 33 35 0 1
55 17 35 1 0
5 17 36 1 0
45 17 37 1 0
68 17 38 1 0
69 17 39 1 0
50 17 40 1 0
51 17 41 1 0
52 17 42 1 0
35 17 43 1 0
4 28 44 0 1
4 39 25 0 1
58 66 25 1 0
59 66 26 1 0
28 66 27 2 0
57 65 28 1 0
43 65 29 6 0
62 52 30 1 0
49 52 31 3 0
32 50 32 1 0
4 27 33 0 1
4 22 32 0 1
49 105 32 1 0
32 105 33 1 0
4 27 34 0 1
4 22 30 0 1
32 107 30 1 0
4 27 31 0 1
4 32 30 0 1
8 7 30 1 0
26 7 31 1 0
9 7 32 1 0
21 7 33 1 0
22 7 34 1 0
20 7 35 1 0
34 7 36 1 0
25 7 37 1 0
7 7 38 1 0
24 7 39 1 0
53 7 40 1 0
55 7 41 1 0
5 7 42 1 0
45 7 43 1 0
68 7 44 1 0
69 7 45 1 0
50 7 46 1 0
51 7 47 1 0
52 7 48 1 0
35 7 49 1 0
4 47 50 0 1
4 39 30 0 1
4 40 28 0 1
4 24 25 0 1
3 64 25 1 0
56 64 26 1 0
59 64 27 1 0
28 64 28 2 0
57 63 29 1 0
43 63 30 6 0
62 52 31 1 0
49 52 32 3 0
32 50 33 1 0
4 27 34 0 1
4 22 33 0 1
49 105 33 1 0
32 105 34 1 0
4 27 35 0 1
4 22 31 0 1
32 107 31 1 0
4 27 32 0 1
4 32 31 0 1
8 6 31 1 0
26 6 32 1 0
9 6 33 1 0
21 6 34 1 0
22 6 35 1 0
20 6 36 1 0
34 6 37 1 0
25 6 38 1 0
7 6 39 1 0
24 6 40 1 0
53 6 41 1 0
55 6 42 1 0
5 6 43 1 0
45 6 44 1 0
68 6 45 1 0
69 6 46 1 0
50 6 47 1 0
51 6 48 1 0
52 6 49 1 0
35 6 50 1 0
4 47 51 0 1
4 39 31 0 1
4 40 29 0 1
4 37 14 0 1
4 37 8 0 1
