1 133 0 1 0
21 103 1 1 0
51 103 2 1 0
63 118 3 1 0
0 133 4 1 0
17 118 5 1 0
49 118 6 4 0
19 117 7 1 0
4 37 8 0 1
4 21 7 0 1
64 34 7 1 0
4 28 8 0 1
15 132 7 3 0
4 30 8 0 1
16 119 8 1 0
18 119 9 1 0
2 133 10 1 0
43 119 11 4 0
47 117 12 1 0
4 37 13 0 1
47 120 12 1 0
4 42 13 0 1
45 126 12 2 0
57 125 13 1 0
4 70 14 0 1
44 111 13 4 0
34 110 14 1 0
4 28 15 0 1
4 32 14 0 1
33 50 14 1 0
32 50 15 2 0
70 49 16 1 0
69 49 17 1 0
66 49 18 2 0
67 47 19 1 0
64 47 20 1 0
4 28 21 0 1
25 71 19 2 0
4 31 20 0 1
4 39 20 0 1
75 72 16 1 0
34 72 17 1 0
4 28 18 0 1
4 40 14 0 1
42 127 12 1 0
12 127 13 3 0
4 30 14 0 1
14 46 14 16 0
13 45 15 1 0
40 45 16 2 0
39 44 17 2 0
41 43 18 1 0
70 43 19 1 0
69 43 20 1 0
67 43 21 1 0
64 43 22 1 0
4 28 23 0 1
76 106 18 1 0
74 106 19 3 0
75 104 20 1 0
34 104 21 1 0
4 28 22 0 1
4 20 20 0 1
77 112 20 1 0
28 112 21 1 0
10 112 22 1 0
23 112 23 1 0
24 112 24 1 0
22 112 25 1 0
36 112 26 1 0
27 112 27 1 0
7 112 28 1 0
26 112 29 1 0
56 112 30 1 0
58 112 31 1 0
5 112 32 1 0
48 112 33 1 0
71 112 34 1 0
72 112 35 1 0
53 112 36 1 0
54 112 37 1 0
55 112 38 1 0
73 112 39 5 0
4 36 40 0 1
20 43 40 1 0
34 43 41 1 0
4 28 42 0 1
4 32 40 0 1
8 52 40 1 0
28 52 41 1 0
10 52 42 1 0
23 52 43 1 0
24 52 44 1 0
22 52 45 1 0
36 52 46 1 0
27 52 47 1 0
7 52 48 1 0
26 52 49 1 0
56 52 50 1 0
58 52 51 1 0
5 52 52 1 0
48 52 53 1 0
71 52 54 1 0
72 52 55 1 0
53 52 56 1 0
29 52 57 3 0
6 51 58 1 0
34 51 59 1 0
4 28 60 0 1
4 23 58 0 1
34 104 58 1 0
4 28 59 0 1
4 40 40 0 1
4 41 17 0 1
13 86 15 1 0
40 86 16 2 0
39 85 17 2 0
41 84 18 1 0
70 84 19 1 0
68 84 20 1 0
50 84 21 1 0
31 84 22 1 0
4 24 23 0 1
76 73 18 1 0
74 73 19 1 0
75 73 20 1 0
34 73 21 1 0
4 28 22 0 1
4 41 17 0 1
13 90 15 1 0
40 90 16 2 0
39 89 17 2 0
41 84 18 1 0
70 84 19 1 0
68 84 20 1 0
50 84 21 1 0
31 84 22 1 0
4 24 23 0 1
76 95 18 1 0
74 95 19 1 0
75 95 20 1 0
34 95 21 1 0
4 28 22 0 1
4 41 17 0 1
13 92 15 1 0
40 92 16 2 0
39 91 17 2 0
41 84 18 1 0
70 84 19 1 0
68 84 20 1 0
50 84 21 1 0
31 84 22 1 0
4 24 23 0 1
76 107 18 1 0
74 107 19 1 0
75 107 20 1 0
34 107 21 1 0
4 28 22 0 1
4 41 17 0 1
13 94 15 1 0
40 94 16 2 0
39 93 17 2 0
41 84 18 1 0
70 84 19 1 0
68 84 20 1 0
50 84 21 1 0
31 84 22 1 0
4 24 23 0 1
76 121 18 1 0
74 121 19 1 0
75 121 20 1 0
34 121 21 1 0
4 28 22 0 1
4 41 17 0 1
13 88 15 1 0
40 88 16 2 0
39 87 17 2 0
41 84 18 1 0
70 84 19 1 0
68 84 20 1 0
50 84 21 1 0
31 84 22 1 0
4 24 23 0 1
76 78 18 1 0
74 78 19 1 0
75 78 20 1 0
34 78 21 1 0
4 28 22 0 1
4 41 17 0 1
13 59 15 1 0
3 59 16 1 0
59 59 17 1 0
62 59 18 1 0
30 59 19 2 0
60 58 20 1 0
46 58 21 6 0
65 53 22 1 0
52 53 23 3 0
34 51 24 1 0
4 28 25 0 1
4 23 24 0 1
52 114 24 1 0
34 114 25 1 0
4 28 26 0 1
4 23 22 0 1
34 115 22 1 0
4 28 23 0 1
4 32 22 0 1
8 4 22 1 0
28 4 23 1 0
10 4 24 1 0
23 4 25 1 0
24 4 26 1 0
22 4 27 1 0
36 4 28 1 0
27 4 29 1 0
7 4 30 1 0
26 4 31 1 0
56 4 32 1 0
58 4 33 1 0
5 4 34 1 0
48 4 35 1 0
71 4 36 1 0
72 4 37 1 0
53 4 38 1 0
54 4 39 1 0
55 4 40 1 0
38 4 41 1 0
4 48 42 0 1
4 40 22 0 1
4 41 20 0 1
13 77 15 1 0
3 77 16 1 0
59 77 17 1 0
62 77 18 1 0
30 77 19 2 0
60 76 20 1 0
9 76 21 3 0
37 73 22 1 0
29 73 23 1 0
34 73 24 1 0
4 28 25 0 1
11 18 22 1 0
4 20 23 0 1
28 105 22 1 0
10 105 23 1 0
23 105 24 1 0
24 105 25 1 0
22 105 26 1 0
36 105 27 1 0
27 105 28 1 0
7 105 29 1 0
26 105 30 1 0
56 105 31 1 0
58 105 32 1 0
5 105 33 1 0
48 105 34 1 0
71 105 35 1 0
72 105 36 1 0
53 105 37 1 0
54 105 38 1 0
55 105 39 5 0
65 104 40 1 0
52 104 41 1 0
34 104 42 1 0
4 28 43 0 1
4 23 40 0 1
34 113 40 1 0
4 28 41 0 1
4 32 40 0 1
4 40 40 0 1
4 41 20 0 1
13 55 15 1 0
3 55 16 1 0
59 55 17 1 0
62 55 18 1 0
30 55 19 2 0
60 54 20 1 0
46 54 21 6 0
65 53 22 1 0
52 53 23 3 0
34 51 24 1 0
4 28 25 0 1
4 23 24 0 1
52 114 24 1 0
34 114 25 1 0
4 28 26 0 1
4 23 22 0 1
34 115 22 1 0
4 28 23 0 1
4 32 22 0 1
8 2 22 1 0
28 2 23 1 0
10 2 24 1 0
23 2 25 1 0
24 2 26 1 0
22 2 27 1 0
36 2 28 1 0
27 2 29 1 0
7 2 30 1 0
26 2 31 1 0
56 2 32 1 0
58 2 33 1 0
5 2 34 1 0
48 2 35 1 0
71 2 36 1 0
72 2 37 1 0
53 2 38 1 0
54 2 39 1 0
55 2 40 1 0
38 2 41 1 0
4 48 42 0 1
4 40 22 0 1
4 41 20 0 1
13 99 15 1 0
3 99 16 1 0
59 99 17 1 0
62 99 18 1 0
30 99 19 2 0
60 98 20 1 0
9 98 21 3 0
37 95 22 1 0
29 95 23 1 0
34 95 24 1 0
4 28 25 0 1
11 18 22 1 0
4 20 23 0 1
28 105 22 1 0
10 105 23 1 0
23 105 24 1 0
24 105 25 1 0
22 105 26 1 0
36 105 27 1 0
27 105 28 1 0
7 105 29 1 0
26 105 30 1 0
56 105 31 1 0
58 105 32 1 0
5 105 33 1 0
48 105 34 1 0
71 105 35 1 0
72 105 36 1 0
53 105 37 1 0
54 105 38 1 0
55 105 39 5 0
65 104 40 1 0
52 104 41 1 0
34 104 42 1 0
4 28 43 0 1
4 23 40 0 1
34 113 40 1 0
4 28 41 0 1
4 32 40 0 1
4 40 40 0 1
4 41 20 0 1
13 57 15 1 0
3 57 16 1 0
59 57 17 1 0
62 57 18 1 0
30 57 19 2 0
60 56 20 1 0
46 56 21 6 0
65 53 22 1 0
52 53 23 3 0
34 51 24 1 0
4 28 25 0 1
4 23 24 0 1
52 114 24 1 0
34 114 25 1 0
4 28 26 0 1
4 23 22 0 1
34 115 22 1 0
4 28 23 0 1
4 32 22 0 1
8 3 22 1 0
28 3 23 1 0
10 3 24 1 0
23 3 25 1 0
24 3 26 1 0
22 3 27 1 0
36 3 28 1 0
27 3 29 1 0
7 3 30 1 0
26 3 31 1 0
56 3 32 1 0
58 3 33 1 0
5 3 34 1 0
48 3 35 1 0
71 3 36 1 0
72 3 37 1 0
53 3 38 1 0
54 3 39 1 0
55 3 40 1 0
38 3 41 1 0
4 48 42 0 1
4 40 22 0 1
4 41 20 0 1
13 109 15 1 0
3 109 16 1 0
59 109 17 1 0
62 109 18 1 0
30 109 19 2 0
60 108 20 1 0
9 108 21 3 0
37 107 22 1 0
29 107 23 1 0
34 107 24 1 0
4 28 25 0 1
11 18 22 1 0
4 20 23 0 1
28 105 22 1 0
10 105 23 1 0
23 105 24 1 0
24 105 25 1 0
22 105 26 1 0
36 105 27 1 0
27 105 28 1 0
7 105 29 1 0
26 105 30 1 0
56 105 31 1 0
58 105 32 1 0
5 105 33 1 0
48 105 34 1 0
71 105 35 1 0
72 105 36 1 0
53 105 37 1 0
54 105 38 1 0
55 105 39 5 0
65 104 40 1 0
52 104 41 1 0
34 104 42 1 0
4 28 43 0 1
4 23 40 0 1
34 113 40 1 0
4 28 41 0 1
4 32 40 0 1
4 40 40 0 1
4 41 20 0 1
13 124 15 1 0
3 124 16 1 0
59 124 17 1 0
62 124 18 1 0
30 124 19 2 0
60 123 20 1 0
9 123 21 3 0
37 121 22 1 0
29 121 23 1 0
34 121 24 1 0
4 28 25 0 1
11 18 22 1 0
4 20 23 0 1
28 97 22 1 0
10 97 23 1 0
23 97 24 1 0
24 97 25 1 0
22 97 26 1 0
36 97 27 1 0
27 97 28 1 0
7 97 29 1 0
26 97 30 1 0
56 97 31 1 0
58 97 32 1 0
5 97 33 3 0
5 96 34 1 0
48 96 35 3 0
48 95 36 1 0
71 95 37 1 0
72 95 38 1 0
53 95 39 1 0
29 95 40 1 0
34 95 41 1 0
4 28 42 0 1
4 35 36 0 1
71 14 36 1 0
72 14 37 1 0
53 14 38 1 0
54 14 39 1 0
55 14 40 1 0
38 14 41 1 0
4 29 42 0 1
4 19 34 0 1
48 107 34 1 0
71 107 35 1 0
72 107 36 1 0
53 107 37 1 0
29 107 38 1 0
34 107 39 1 0
4 28 40 0 1
4 41 20 0 1
13 83 15 1 0
3 83 16 1 0
59 83 17 1 0
62 83 18 1 0
30 83 19 2 0
60 82 20 1 0
9 82 21 3 0
37 78 22 1 0
29 78 23 1 0
34 78 24 1 0
4 28 25 0 1
11 18 22 1 0
4 20 23 0 1
28 75 22 1 0
10 75 23 1 0
23 75 24 1 0
24 75 25 1 0
22 75 26 1 0
36 75 27 1 0
27 75 28 1 0
7 75 29 1 0
26 75 30 1 0
56 75 31 1 0
58 75 32 1 0
5 75 33 1 0
48 75 34 3 0
48 74 35 3 0
48 73 36 1 0
71 73 37 1 0
72 73 38 1 0
53 73 39 1 0
29 73 40 1 0
34 73 41 1 0
4 28 42 0 1
4 35 36 0 1
71 13 36 1 0
72 13 37 1 0
53 13 38 1 0
54 13 39 1 0
55 13 40 1 0
38 13 41 1 0
4 26 42 0 1
4 22 35 0 1
71 9 35 1 0
72 9 36 1 0
53 9 37 1 0
54 9 38 1 0
55 9 39 3 0
4 32 40 0 1
28 11 40 1 0
10 11 41 1 0
23 11 42 1 0
24 11 43 1 0
22 11 44 1 0
36 11 45 1 0
27 11 46 1 0
7 11 47 1 0
26 11 48 1 0
56 11 49 1 0
58 11 50 1 0
5 11 51 1 0
48 11 52 3 0
48 10 53 1 0
71 10 54 1 0
72 10 55 1 0
53 10 56 1 0
54 10 57 1 0
55 10 58 3 0
4 32 59 0 1
28 122 59 1 0
10 122 60 1 0
23 122 61 1 0
24 122 62 1 0
22 122 63 1 0
36 122 64 1 0
27 122 65 1 0
7 122 66 1 0
26 122 67 1 0
56 122 68 1 0
58 122 69 1 0
5 122 70 1 0
48 122 71 3 0
48 121 72 1 0
71 121 73 1 0
72 121 74 1 0
53 121 75 1 0
29 121 76 1 0
34 121 77 1 0
4 28 78 0 1
4 35 72 0 1
71 12 72 1 0
72 12 73 1 0
53 12 74 1 0
54 12 75 1 0
55 12 76 1 0
38 12 77 1 0
4 26 78 0 1
4 40 59 0 1
4 35 53 0 1
71 10 53 1 0
72 10 54 1 0
53 10 55 1 0
54 10 56 1 0
55 10 57 3 0
4 32 58 0 1
28 122 58 1 0
10 122 59 1 0
23 122 60 1 0
24 122 61 1 0
22 122 62 1 0
36 122 63 1 0
27 122 64 1 0
7 122 65 1 0
26 122 66 1 0
56 122 67 1 0
58 122 68 1 0
5 122 69 1 0
48 122 70 3 0
48 121 71 1 0
71 121 72 1 0
72 121 73 1 0
53 121 74 1 0
29 121 75 1 0
34 121 76 1 0
4 28 77 0 1
4 35 71 0 1
71 12 71 1 0
72 12 72 1 0
53 12 73 1 0
54 12 74 1 0
55 12 75 1 0
38 12 76 1 0
4 26 77 0 1
4 40 58 0 1
4 40 40 0 1
4 41 20 0 1
13 61 15 1 0
3 61 16 1 0
59 61 17 1 0
62 61 18 1 0
30 61 19 2 0
60 60 20 1 0
46 60 21 6 0
65 53 22 1 0
52 53 23 3 0
34 51 24 1 0
4 28 25 0 1
4 23 24 0 1
52 114 24 1 0
34 114 25 1 0
4 28 26 0 1
4 23 22 0 1
34 116 22 1 0
4 28 23 0 1
4 32 22 0 1
8 1 22 1 0
28 1 23 1 0
10 1 24 1 0
23 1 25 1 0
24 1 26 1 0
22 1 27 1 0
36 1 28 1 0
27 1 29 1 0
7 1 30 1 0
26 1 31 1 0
56 1 32 1 0
58 1 33 1 0
5 1 34 3 0
5 0 35 1 0
48 0 36 1 0
71 0 37 1 0
72 0 38 1 0
53 0 39 1 0
54 0 40 1 0
55 0 41 1 0
38 0 42 1 0
4 48 43 0 1
4 19 35 0 1
48 78 35 1 0
71 78 36 1 0
72 78 37 1 0
53 78 38 1 0
29 78 39 1 0
34 78 40 1 0
4 28 41 0 1
4 40 22 0 1
4 41 20 0 1
13 100 15 1 0
3 100 16 1 0
59 100 17 1 0
35 100 18 7 0
4 27 19 0 1
4 32 19 0 1
28 79 19 1 0
10 79 20 1 0
23 79 21 1 0
24 79 22 1 0
22 79 23 1 0
36 79 24 1 0
27 79 25 1 0
7 79 26 1 0
26 79 27 1 0
56 79 28 3 0
56 78 29 1 0
58 78 30 1 0
5 78 31 1 0
48 78 32 1 0
71 78 33 1 0
72 78 34 1 0
53 78 35 1 0
29 78 36 1 0
34 78 37 1 0
4 28 38 0 1
4 33 29 0 1
58 15 29 1 0
5 15 30 1 0
48 15 31 1 0
71 15 32 1 0
72 15 33 1 0
53 15 34 1 0
54 15 35 1 0
55 15 36 1 0
38 15 37 1 0
4 26 38 0 1
4 40 19 0 1
61 131 19 1 0
62 131 20 1 0
12 131 21 3 0
4 30 22 0 1
14 69 22 1 0
13 69 23 1 0
3 69 24 1 0
59 69 25 1 0
62 69 26 1 0
30 69 27 2 0
60 68 28 1 0
46 68 29 6 0
65 53 30 1 0
52 53 31 3 0
34 51 32 1 0
4 28 33 0 1
4 23 32 0 1
52 114 32 1 0
34 114 33 1 0
4 28 34 0 1
4 23 30 0 1
34 116 30 1 0
4 28 31 0 1
4 32 30 0 1
8 8 30 1 0
28 8 31 1 0
10 8 32 1 0
23 8 33 1 0
24 8 34 1 0
22 8 35 1 0
36 8 36 1 0
27 8 37 1 0
7 8 38 1 0
26 8 39 1 0
56 8 40 1 0
58 8 41 1 0
5 8 42 1 0
48 8 43 1 0
71 8 44 1 0
72 8 45 1 0
53 8 46 1 0
54 8 47 1 0
55 8 48 1 0
38 8 49 1 0
4 48 50 0 1
4 40 30 0 1
4 41 28 0 1
4 38 22 0 1
4 25 19 0 1
3 101 19 1 0
59 101 20 1 0
35 101 21 7 0
4 27 22 0 1
4 32 22 0 1
28 80 22 1 0
10 80 23 1 0
23 80 24 1 0
24 80 25 1 0
22 80 26 1 0
36 80 27 1 0
27 80 28 1 0
7 80 29 1 0
26 80 30 1 0
56 80 31 3 0
56 78 32 1 0
58 78 33 1 0
5 78 34 1 0
48 78 35 1 0
71 78 36 1 0
72 78 37 1 0
53 78 38 1 0
29 78 39 1 0
34 78 40 1 0
4 28 41 0 1
4 33 32 0 1
58 16 32 1 0
5 16 33 1 0
48 16 34 1 0
71 16 35 1 0
72 16 36 1 0
53 16 37 1 0
54 16 38 1 0
55 16 39 1 0
38 16 40 1 0
4 29 41 0 1
4 40 22 0 1
61 128 22 1 0
62 128 23 1 0
12 128 24 3 0
4 30 25 0 1
14 63 25 1 0
13 63 26 1 0
3 63 27 1 0
59 63 28 1 0
62 63 29 1 0
30 63 30 2 0
60 62 31 1 0
46 62 32 6 0
65 53 33 1 0
52 53 34 3 0
34 51 35 1 0
4 28 36 0 1
4 23 35 0 1
52 114 35 1 0
34 114 36 1 0
4 28 37 0 1
4 23 33 0 1
34 116 33 1 0
4 28 34 0 1
4 32 33 0 1
8 5 33 1 0
28 5 34 1 0
10 5 35 1 0
23 5 36 1 0
24 5 37 1 0
22 5 38 1 0
36 5 39 1 0
27 5 40 1 0
7 5 41 1 0
26 5 42 1 0
56 5 43 1 0
58 5 44 1 0
5 5 45 1 0
48 5 46 1 0
71 5 47 1 0
72 5 48 1 0
53 5 49 1 0
54 5 50 1 0
55 5 51 1 0
38 5 52 1 0
4 48 53 0 1
4 40 33 0 1
4 41 31 0 1
4 38 25 0 1
4 25 22 0 1
3 102 22 1 0
59 102 23 1 0
35 102 24 7 0
4 27 25 0 1
4 32 25 0 1
28 81 25 1 0
10 81 26 1 0
23 81 27 1 0
24 81 28 1 0
22 81 29 1 0
36 81 30 1 0
27 81 31 1 0
7 81 32 1 0
26 81 33 1 0
56 81 34 3 0
56 78 35 1 0
58 78 36 1 0
5 78 37 1 0
48 78 38 1 0
71 78 39 1 0
72 78 40 1 0
53 78 41 1 0
29 78 42 1 0
34 78 43 1 0
4 28 44 0 1
4 33 35 0 1
58 17 35 1 0
5 17 36 1 0
48 17 37 1 0
71 17 38 1 0
72 17 39 1 0
53 17 40 1 0
54 17 41 1 0
55 17 42 1 0
38 17 43 1 0
4 29 44 0 1
4 40 25 0 1
61 130 25 1 0
62 130 26 1 0
12 130 27 3 0
4 30 28 0 1
14 67 28 1 0
13 67 29 1 0
3 67 30 1 0
59 67 31 1 0
62 67 32 1 0
30 67 33 2 0
60 66 34 1 0
46 66 35 6 0
65 53 36 1 0
52 53 37 3 0
34 51 38 1 0
4 28 39 0 1
4 23 38 0 1
52 114 38 1 0
34 114 39 1 0
4 28 40 0 1
4 23 36 0 1
34 116 36 1 0
4 28 37 0 1
4 32 36 0 1
8 7 36 1 0
28 7 37 1 0
10 7 38 1 0
23 7 39 1 0
24 7 40 1 0
22 7 41 1 0
36 7 42 1 0
27 7 43 1 0
7 7 44 1 0
26 7 45 1 0
56 7 46 1 0
58 7 47 1 0
5 7 48 1 0
48 7 49 1 0
71 7 50 1 0
72 7 51 1 0
53 7 52 1 0
54 7 53 1 0
55 7 54 1 0
38 7 55 1 0
4 48 56 0 1
4 40 36 0 1
4 41 34 0 1
4 38 28 0 1
4 25 25 0 1
3 129 25 1 0
59 129 26 1 0
62 129 27 1 0
12 129 28 3 0
4 30 29 0 1
14 65 29 1 0
13 65 30 1 0
3 65 31 1 0
59 65 32 1 0
62 65 33 1 0
30 65 34 2 0
60 64 35 1 0
46 64 36 6 0
65 53 37 1 0
52 53 38 3 0
34 51 39 1 0
4 28 40 0 1
4 23 39 0 1
52 114 39 1 0
34 114 40 1 0
4 28 41 0 1
4 23 37 0 1
34 116 37 1 0
4 28 38 0 1
4 32 37 0 1
8 6 37 1 0
28 6 38 1 0
10 6 39 1 0
23 6 40 1 0
24 6 41 1 0
22 6 42 1 0
36 6 43 1 0
27 6 44 1 0
7 6 45 1 0
26 6 46 1 0
56 6 47 1 0
58 6 48 1 0
5 6 49 1 0
48 6 50 1 0
71 6 51 1 0
72 6 52 1 0
53 6 53 1 0
54 6 54 1 0
55 6 55 1 0
38 6 56 1 0
4 48 57 0 1
4 40 37 0 1
4 41 35 0 1
4 38 29 0 1
4 38 14 0 1
4 38 8 0 1
