1 0 1 0
21 1 1 0
52 2 1 0
64 3 1 0
0 4 1 0
17 5 1 0
50 6 4 0
19 7 1 0
4 8 0 1
4 7 0 1
65 7 1 0
4 8 0 1
15 7 4 0
4 8 0 1
16 8 1 0
18 9 1 0
2 10 1 0
43 11 4 0
47 12 1 0
4 13 0 1
47 12 1 0
4 13 0 1
45 12 2 0
58 13 1 0
4 14 0 1
44 13 4 0
34 14 1 0
4 15 0 1
4 14 0 1
33 14 1 0
32 15 2 0
71 16 1 0
70 17 1 0
67 18 2 0
68 19 1 0
65 20 1 0
4 21 0 1
25 19 2 0
4 20 0 1
4 20 0 1
77 16 1 0
34 17 1 0
4 18 0 1
4 14 0 1
42 12 1 0
12 13 3 0
4 14 0 1
14 14 11 0
13 15 1 0
40 16 2 0
39 17 2 0
41 18 1 0
71 19 1 0
70 20 1 0
68 21 1 0
65 22 1 0
4 23 0 1
78 18 1 0
76 19 3 0
77 20 1 0
34 21 1 0
4 22 0 1
4 20 0 1
79 20 1 0
28 21 1 0
10 22 1 0
23 23 1 0
24 24 1 0
22 25 1 0
36 26 1 0
27 27 1 0
7 28 1 0
26 29 1 0
57 30 1 0
59 31 1 0
5 32 1 0
49 33 1 0
72 34 1 0
73 35 1 0
54 36 1 0
55 37 1 0
56 38 1 0
74 39 5 0
4 40 0 1
20 40 1 0
34 41 1 0
4 42 0 1
4 40 0 1
8 40 1 0
28 41 1 0
10 42 1 0
23 43 1 0
24 44 1 0
22 45 1 0
36 46 1 0
27 47 1 0
7 48 1 0
26 49 1 0
57 50 1 0
59 51 1 0
5 52 1 0
49 53 1 0
72 54 1 0
73 55 1 0
54 56 1 0
29 57 3 0
6 58 1 0
34 59 1 0
4 60 0 1
4 58 0 1
34 58 1 0
4 59 0 1
4 40 0 1
4 17 0 1
13 15 1 0
40 16 2 0
39 17 2 0
41 18 1 0
71 19 1 0
69 20 1 0
51 21 1 0
31 22 1 0
4 23 0 1
78 18 1 0
76 19 3 0
77 20 1 0
34 21 1 0
4 22 0 1
4 20 0 1
79 20 1 0
28 21 1 0
10 22 1 0
23 23 1 0
24 24 1 0
22 25 1 0
36 26 1 0
27 27 1 0
7 28 1 0
26 29 1 0
57 30 1 0
59 31 1 0
5 32 1 0
49 33 1 0
72 34 1 0
73 35 1 0
54 36 1 0
55 37 1 0
56 38 1 0
38 39 1 0
4 40 0 1
4 17 0 1
13 15 1 0
40 16 2 0
39 17 2 0
41 18 1 0
71 19 1 0
69 20 1 0
51 21 1 0
31 22 1 0
4 23 0 1
78 18 5 0
76 19 1 0
77 20 1 0
34 21 1 0
4 22 0 1
4 19 0 1
76 19 1 0
77 20 1 0
34 21 1 0
4 22 0 1
4 19 0 1
76 19 3 0
77 20 1 0
34 21 1 0
4 22 0 1
4 20 0 1
79 20 1 0
28 21 1 0
10 22 1 0
23 23 1 0
24 24 1 0
22 25 1 0
36 26 1 0
27 27 1 0
7 28 1 0
26 29 1 0
57 30 1 0
59 31 1 0
5 32 1 0
49 33 1 0
72 34 1 0
73 35 1 0
54 36 1 0
55 37 1 0
56 38 1 0
38 39 1 0
4 40 0 1
4 17 0 1
13 15 1 0
3 16 1 0
60 17 1 0
63 18 1 0
30 19 2 0
61 20 1 0
46 21 6 0
66 22 1 0
53 23 3 0
34 24 1 0
4 25 0 1
4 24 0 1
53 24 1 0
34 25 1 0
4 26 0 1
4 22 0 1
34 22 1 0
4 23 0 1
4 22 0 1
8 22 1 0
28 23 1 0
10 24 1 0
23 25 1 0
24 26 1 0
22 27 1 0
36 28 1 0
27 29 1 0
7 30 1 0
26 31 1 0
57 32 1 0
59 33 1 0
5 34 1 0
49 35 1 0
72 36 1 0
73 37 1 0
54 38 1 0
55 39 1 0
56 40 1 0
38 41 1 0
4 42 0 1
4 22 0 1
4 20 0 1
13 15 1 0
3 16 1 0
60 17 1 0
63 18 1 0
30 19 2 0
61 20 1 0
9 21 3 0
37 22 1 0
29 23 1 0
34 24 1 0
4 25 0 1
11 22 1 0
4 23 0 1
28 22 1 0
10 23 1 0
23 24 1 0
24 25 1 0
22 26 1 0
36 27 1 0
27 28 1 0
7 29 1 0
26 30 1 0
57 31 1 0
59 32 1 0
5 33 1 0
49 34 1 0
72 35 1 0
73 36 1 0
54 37 1 0
55 38 1 0
56 39 5 0
66 40 1 0
53 41 1 0
34 42 1 0
4 43 0 1
4 40 0 1
34 40 1 0
4 41 0 1
4 40 0 1
4 40 0 1
4 20 0 1
13 15 1 0
3 16 1 0
60 17 1 0
63 18 1 0
30 19 2 0
61 20 1 0
46 21 6 0
66 22 1 0
53 23 3 0
34 24 1 0
4 25 0 1
4 24 0 1
53 24 1 0
34 25 1 0
4 26 0 1
4 22 0 1
34 22 1 0
4 23 0 1
4 22 0 1
8 22 1 0
28 23 1 0
10 24 1 0
23 25 1 0
24 26 1 0
22 27 1 0
36 28 1 0
27 29 1 0
7 30 1 0
26 31 1 0
57 32 1 0
59 33 1 0
5 34 1 0
49 35 1 0
72 36 1 0
73 37 1 0
54 38 1 0
55 39 1 0
56 40 1 0
38 41 1 0
4 42 0 1
4 22 0 1
4 20 0 1
13 15 1 0
3 16 1 0
60 17 1 0
63 18 1 0
30 19 2 0
61 20 1 0
9 21 3 0
37 22 1 0
29 23 1 0
34 24 1 0
4 25 0 1
11 22 1 0
4 23 0 1
28 22 1 0
10 23 1 0
23 24 1 0
24 25 1 0
22 26 1 0
36 27 1 0
27 28 1 0
7 29 1 0
26 30 1 0
57 31 1 0
59 32 1 0
5 33 1 0
49 34 1 0
72 35 1 0
73 36 1 0
54 37 1 0
55 38 1 0
56 39 5 0
66 40 1 0
53 41 1 0
34 42 1 0
4 43 0 1
4 40 0 1
34 40 1 0
4 41 0 1
4 40 0 1
4 40 0 1
4 20 0 1
13 15 1 0
3 16 1 0
60 17 1 0
63 18 1 0
30 19 2 0
61 20 1 0
46 21 6 0
66 22 1 0
53 23 3 0
34 24 1 0
4 25 0 1
4 24 0 1
53 24 1 0
34 25 1 0
4 26 0 1
4 22 0 1
34 22 1 0
4 23 0 1
4 22 0 1
8 22 1 0
28 23 1 0
10 24 1 0
23 25 1 0
24 26 1 0
22 27 1 0
36 28 1 0
27 29 1 0
7 30 1 0
26 31 1 0
57 32 1 0
59 33 1 0
5 34 1 0
49 35 1 0
72 36 1 0
73 37 1 0
54 38 1 0
55 39 1 0
56 40 1 0
38 41 1 0
4 42 0 1
4 22 0 1
4 20 0 1
13 15 1 0
3 16 1 0
60 17 1 0
63 18 1 0
30 19 2 0
61 20 1 0
9 21 3 0
37 22 1 0
29 23 1 0
34 24 1 0
4 25 0 1
11 22 1 0
4 23 0 1
28 22 1 0
10 23 1 0
23 24 1 0
24 25 1 0
22 26 1 0
36 27 1 0
27 28 1 0
7 29 1 0
26 30 1 0
57 31 1 0
59 32 1 0
5 33 1 0
49 34 1 0
72 35 1 0
73 36 1 0
54 37 1 0
55 38 1 0
56 39 5 0
66 40 1 0
53 41 1 0
34 42 1 0
4 43 0 1
4 40 0 1
34 40 1 0
4 41 0 1
4 40 0 1
4 40 0 1
4 20 0 1
13 15 1 0
3 16 1 0
60 17 1 0
63 18 1 0
30 19 2 0
61 20 1 0
9 21 3 0
37 22 1 0
29 23 1 0
34 24 1 0
4 25 0 1
11 22 1 0
4 23 0 1
28 22 1 0
10 23 1 0
23 24 1 0
24 25 1 0
22 26 1 0
36 27 1 0
27 28 1 0
7 29 1 0
26 30 1 0
57 31 1 0
59 32 1 0
5 33 3 0
5 34 1 0
49 35 3 0
49 36 1 0
72 37 1 0
73 38 1 0
54 39 1 0
29 40 1 0
34 41 1 0
4 42 0 1
4 36 0 1
72 36 1 0
73 37 1 0
54 38 1 0
55 39 1 0
56 40 1 0
38 41 1 0
4 42 0 1
4 34 0 1
49 34 1 0
72 35 1 0
73 36 1 0
54 37 1 0
29 38 1 0
34 39 1 0
4 40 0 1
4 20 0 1
13 15 1 0
3 16 1 0
60 17 1 0
63 18 1 0
30 19 2 0
61 20 1 0
46 21 4 0
48 22 1 0
75 23 1 0
4 24 0 1
4 22 0 1
8 22 3 0
28 23 1 0
10 24 1 0
23 25 1 0
24 26 1 0
22 27 1 0
36 28 1 0
27 29 1 0
7 30 1 0
26 31 1 0
57 32 1 0
59 33 1 0
5 34 1 0
49 35 1 0
72 36 1 0
73 37 1 0
54 38 1 0
29 39 1 0
34 40 1 0
4 41 0 1
4 23 0 1
28 23 1 0
10 24 1 0
23 25 1 0
24 26 1 0
22 27 1 0
36 28 1 0
27 29 1 0
7 30 1 0
26 31 1 0
57 32 1 0
59 33 1 0
5 34 1 0
49 35 1 0
72 36 1 0
73 37 1 0
54 38 1 0
29 39 1 0
34 40 1 0
4 41 0 1
4 22 0 1
4 20 0 1
4 14 0 1
16 8 1 0
18 9 1 0
2 10 1 0
43 11 4 0
47 12 1 0
4 13 0 1
47 12 1 0
4 13 0 1
45 12 2 0
58 13 1 0
4 14 0 1
44 13 4 0
34 14 1 0
4 15 0 1
4 14 0 1
33 14 3 0
32 15 2 0
71 16 1 0
69 17 1 0
51 18 1 0
31 19 1 0
4 20 0 1
77 16 1 0
34 17 1 0
4 18 0 1
4 15 0 1
32 15 2 0
71 16 1 0
69 17 1 0
51 18 1 0
31 19 1 0
4 20 0 1
77 16 1 0
34 17 1 0
4 18 0 1
4 14 0 1
42 12 1 0
12 13 3 0
4 14 0 1
14 14 3 0
13 15 1 0
40 16 2 0
39 17 2 0
41 18 1 0
71 19 1 0
69 20 1 0
51 21 1 0
31 22 1 0
4 23 0 1
78 18 1 0
76 19 3 0
77 20 1 0
34 21 1 0
4 22 0 1
4 20 0 1
79 20 1 0
28 21 1 0
10 22 1 0
23 23 1 0
24 24 1 0
22 25 1 0
36 26 1 0
27 27 1 0
7 28 1 0
26 29 1 0
57 30 1 0
59 31 1 0
5 32 1 0
49 33 3 0
49 34 3 0
49 35 1 0
72 36 1 0
73 37 1 0
54 38 1 0
29 39 1 0
34 40 1 0
4 41 0 1
4 35 0 1
72 35 1 0
73 36 1 0
54 37 1 0
55 38 1 0
56 39 1 0
38 40 1 0
4 41 0 1
4 34 0 1
72 34 1 0
73 35 1 0
54 36 1 0
55 37 1 0
56 38 6 0
66 39 1 0
53 40 1 0
34 41 1 0
4 42 0 1
4 39 0 1
34 39 1 0
4 40 0 1
4 39 0 1
8 39 3 0
28 40 1 0
10 41 1 0
23 42 1 0
24 43 1 0
22 44 1 0
36 45 1 0
27 46 1 0
7 47 1 0
26 48 1 0
57 49 1 0
59 50 1 0
5 51 1 0
49 52 1 0
72 53 1 0
73 54 1 0
54 55 1 0
55 56 1 0
56 57 3 0
4 58 0 1
28 58 1 0
10 59 1 0
23 60 1 0
24 61 1 0
22 62 1 0
36 63 1 0
27 64 1 0
7 65 1 0
26 66 1 0
57 67 1 0
59 68 1 0
5 69 1 0
49 70 3 0
49 71 1 0
72 72 1 0
73 73 1 0
54 74 1 0
29 75 1 0
34 76 1 0
4 77 0 1
4 71 0 1
72 71 1 0
73 72 1 0
54 73 1 0
55 74 1 0
56 75 1 0
38 76 1 0
4 77 0 1
4 58 0 1
4 40 0 1
28 40 1 0
10 41 1 0
23 42 1 0
24 43 1 0
22 44 1 0
36 45 1 0
27 46 1 0
7 47 1 0
26 48 1 0
57 49 1 0
59 50 1 0
5 51 1 0
49 52 1 0
72 53 1 0
73 54 1 0
54 55 1 0
55 56 1 0
56 57 1 0
38 58 1 0
4 59 0 1
4 39 0 1
4 17 0 1
13 15 1 0
3 16 1 0
60 17 1 0
63 18 1 0
30 19 2 0
61 20 1 0
46 21 6 0
66 22 1 0
53 23 3 0
34 24 1 0
4 25 0 1
4 24 0 1
53 24 1 0
34 25 1 0
4 26 0 1
4 22 0 1
34 22 1 0
4 23 0 1
4 22 0 1
8 22 1 0
28 23 1 0
10 24 1 0
23 25 1 0
24 26 1 0
22 27 1 0
36 28 1 0
27 29 1 0
7 30 1 0
26 31 1 0
57 32 1 0
59 33 1 0
5 34 3 0
5 35 1 0
49 36 1 0
72 37 1 0
73 38 1 0
54 39 1 0
55 40 1 0
56 41 1 0
38 42 1 0
4 43 0 1
4 35 0 1
49 35 1 0
72 36 1 0
73 37 1 0
54 38 1 0
29 39 1 0
34 40 1 0
4 41 0 1
4 22 0 1
4 20 0 1
13 15 1 0
3 16 1 0
60 17 1 0
35 18 7 0
4 19 0 1
4 19 0 1
28 19 1 0
10 20 1 0
23 21 1 0
24 22 1 0
22 23 1 0
36 24 1 0
27 25 1 0
7 26 1 0
26 27 1 0
57 28 3 0
57 29 1 0
59 30 1 0
5 31 1 0
49 32 1 0
72 33 1 0
73 34 1 0
54 35 1 0
29 36 1 0
34 37 1 0
4 38 0 1
4 29 0 1
59 29 1 0
5 30 1 0
49 31 1 0
72 32 1 0
73 33 1 0
54 34 1 0
55 35 1 0
56 36 1 0
38 37 1 0
4 38 0 1
4 19 0 1
62 19 1 0
63 20 1 0
30 21 2 0
61 22 1 0
46 23 6 0
66 24 1 0
53 25 3 0
34 26 1 0
4 27 0 1
4 26 0 1
53 26 1 0
34 27 1 0
4 28 0 1
4 24 0 1
34 24 1 0
4 25 0 1
4 24 0 1
8 24 1 0
28 25 1 0
10 26 1 0
23 27 1 0
24 28 1 0
22 29 1 0
36 30 1 0
27 31 1 0
7 32 1 0
26 33 1 0
57 34 1 0
59 35 1 0
5 36 1 0
49 37 1 0
72 38 1 0
73 39 1 0
54 40 1 0
55 41 1 0
56 42 1 0
38 43 1 0
4 44 0 1
4 24 0 1
4 22 0 1
4 19 0 1
3 19 1 0
60 20 1 0
35 21 7 0
4 22 0 1
4 22 0 1
28 22 1 0
10 23 1 0
23 24 1 0
24 25 1 0
22 26 1 0
36 27 1 0
27 28 1 0
7 29 1 0
26 30 1 0
57 31 3 0
57 32 1 0
59 33 1 0
5 34 1 0
49 35 1 0
72 36 1 0
73 37 1 0
54 38 1 0
29 39 1 0
34 40 1 0
4 41 0 1
4 32 0 1
59 32 1 0
5 33 1 0
49 34 1 0
72 35 1 0
73 36 1 0
54 37 1 0
55 38 1 0
56 39 1 0
38 40 1 0
4 41 0 1
4 22 0 1
62 22 1 0
63 23 1 0
30 24 2 0
61 25 1 0
46 26 6 0
66 27 1 0
53 28 3 0
34 29 1 0
4 30 0 1
4 29 0 1
53 29 1 0
34 30 1 0
4 31 0 1
4 27 0 1
34 27 1 0
4 28 0 1
4 27 0 1
8 27 1 0
28 28 1 0
10 29 1 0
23 30 1 0
24 31 1 0
22 32 1 0
36 33 1 0
27 34 1 0
7 35 1 0
26 36 1 0
57 37 1 0
59 38 1 0
5 39 1 0
49 40 1 0
72 41 1 0
73 42 1 0
54 43 1 0
55 44 1 0
56 45 1 0
38 46 1 0
4 47 0 1
4 27 0 1
4 25 0 1
4 22 0 1
3 22 1 0
60 23 1 0
35 24 7 0
4 25 0 1
4 25 0 1
28 25 1 0
10 26 1 0
23 27 1 0
24 28 1 0
22 29 1 0
36 30 1 0
27 31 1 0
7 32 1 0
26 33 1 0
57 34 3 0
57 35 1 0
59 36 1 0
5 37 1 0
49 38 1 0
72 39 1 0
73 40 1 0
54 41 1 0
29 42 1 0
34 43 1 0
4 44 0 1
4 35 0 1
59 35 1 0
5 36 1 0
49 37 1 0
72 38 1 0
73 39 1 0
54 40 1 0
55 41 1 0
56 42 1 0
38 43 1 0
4 44 0 1
4 25 0 1
62 25 1 0
63 26 1 0
30 27 2 0
61 28 1 0
46 29 6 0
66 30 1 0
53 31 3 0
34 32 1 0
4 33 0 1
4 32 0 1
53 32 1 0
34 33 1 0
4 34 0 1
4 30 0 1
34 30 1 0
4 31 0 1
4 30 0 1
8 30 1 0
28 31 1 0
10 32 1 0
23 33 1 0
24 34 1 0
22 35 1 0
36 36 1 0
27 37 1 0
7 38 1 0
26 39 1 0
57 40 1 0
59 41 1 0
5 42 1 0
49 43 1 0
72 44 1 0
73 45 1 0
54 46 1 0
55 47 1 0
56 48 1 0
38 49 1 0
4 50 0 1
4 30 0 1
4 28 0 1
4 25 0 1
3 25 1 0
60 26 1 0
63 27 1 0
30 28 2 0
61 29 1 0
46 30 6 0
66 31 1 0
53 32 3 0
34 33 1 0
4 34 0 1
4 33 0 1
53 33 1 0
34 34 1 0
4 35 0 1
4 31 0 1
34 31 1 0
4 32 0 1
4 31 0 1
8 31 1 0
28 32 1 0
10 33 1 0
23 34 1 0
24 35 1 0
22 36 1 0
36 37 1 0
27 38 1 0
7 39 1 0
26 40 1 0
57 41 1 0
59 42 1 0
5 43 1 0
49 44 1 0
72 45 1 0
73 46 1 0
54 47 1 0
55 48 1 0
56 49 1 0
38 50 1 0
4 51 0 1
4 31 0 1
4 29 0 1
4 14 0 1
4 8 0 1
