1 147 0 1 0
21 111 1 1 0
52 111 2 1 0
65 125 3 1 0
0 147 4 1 0
17 125 5 1 0
50 125 6 4 0
19 124 7 1 0
4 39 8 0 1
4 22 7 0 1
66 32 7 1 0
4 30 8 0 1
15 145 7 4 0
4 33 8 0 1
16 126 8 1 0
18 126 9 1 0
2 147 10 1 0
43 126 11 4 0
47 124 12 1 0
4 39 13 0 1
47 132 12 1 0
4 45 13 0 1
45 90 12 2 0
58 83 13 1 0
72 83 14 1 0
70 83 15 1 0
51 83 16 1 0
31 83 17 1 0
4 26 18 0 1
44 107 13 4 0
34 102 14 1 0
4 30 15 0 1
4 35 14 0 1
33 85 14 3 0
32 84 15 2 0
72 83 16 1 0
70 83 17 1 0
51 83 18 1 0
31 83 19 1 0
4 26 20 0 1
78 76 16 1 0
34 76 17 1 0
4 30 18 0 1
4 23 15 0 1
32 93 15 2 0
72 83 16 1 0
70 83 17 1 0
51 83 18 1 0
31 83 19 1 0
4 26 20 0 1
78 133 16 1 0
34 133 17 1 0
4 30 18 0 1
4 43 14 0 1
42 146 12 1 0
12 146 13 3 0
4 33 14 0 1
14 128 14 1 0
13 128 15 1 0
3 128 16 1 0
61 128 17 1 0
64 128 18 1 0
59 128 19 3 0
4 42 20 0 1
28 78 20 1 0
10 78 21 1 0
23 78 22 1 0
24 78 23 1 0
22 78 24 1 0
36 78 25 1 0
27 78 26 1 0
7 78 27 1 0
26 78 28 1 0
57 78 29 1 0
60 78 30 1 0
5 78 31 1 0
49 78 32 3 0
49 77 33 3 0
49 76 34 1 0
73 76 35 1 0
74 76 36 1 0
54 76 37 1 0
29 76 38 1 0
34 76 39 1 0
4 30 40 0 1
4 37 34 0 1
73 14 34 1 0
74 14 35 1 0
54 14 36 1 0
55 14 37 1 0
56 14 38 1 0
38 14 39 1 0
4 28 40 0 1
4 24 33 0 1
73 9 33 1 0
74 9 34 1 0
54 9 35 1 0
55 9 36 1 0
56 9 37 3 0
4 35 38 0 1
28 11 38 1 0
10 11 39 1 0
23 11 40 1 0
24 11 41 1 0
22 11 42 1 0
36 11 43 1 0
27 11 44 1 0
7 11 45 1 0
26 11 46 1 0
57 11 47 1 0
60 11 48 1 0
5 11 49 1 0
49 11 50 3 0
49 10 51 1 0
73 10 52 1 0
74 10 53 1 0
54 10 54 1 0
55 10 55 1 0
56 10 56 3 0
4 35 57 0 1
28 134 57 1 0
10 134 58 1 0
23 134 59 1 0
24 134 60 1 0
22 134 61 1 0
36 134 62 1 0
27 134 63 1 0
7 134 64 1 0
26 134 65 1 0
57 134 66 1 0
60 134 67 1 0
5 134 68 1 0
49 134 69 3 0
49 133 70 1 0
73 133 71 1 0
74 133 72 1 0
54 133 73 1 0
29 133 74 1 0
34 133 75 1 0
4 30 76 0 1
4 37 70 0 1
73 13 70 1 0
74 13 71 1 0
54 13 72 1 0
55 13 73 1 0
56 13 74 1 0
38 13 75 1 0
4 28 76 0 1
4 43 57 0 1
4 37 51 0 1
73 10 51 1 0
74 10 52 1 0
54 10 53 1 0
55 10 54 1 0
56 10 55 3 0
4 35 56 0 1
28 134 56 1 0
10 134 57 1 0
23 134 58 1 0
24 134 59 1 0
22 134 60 1 0
36 134 61 1 0
27 134 62 1 0
7 134 63 1 0
26 134 64 1 0
57 134 65 1 0
60 134 66 1 0
5 134 67 1 0
49 134 68 3 0
49 133 69 1 0
73 133 70 1 0
74 133 71 1 0
54 133 72 1 0
29 133 73 1 0
34 133 74 1 0
4 30 75 0 1
4 37 69 0 1
73 13 69 1 0
74 13 70 1 0
54 13 71 1 0
55 13 72 1 0
56 13 73 1 0
38 13 74 1 0
4 28 75 0 1
4 43 56 0 1
4 43 38 0 1
4 44 20 0 1
4 40 14 0 1
16 127 8 1 0
18 127 9 1 0
2 147 10 1 0
43 127 11 4 0
47 124 12 1 0
4 39 13 0 1
47 132 12 1 0
4 45 13 0 1
45 139 12 2 0
58 138 13 1 0
4 73 14 0 1
44 118 13 4 0
34 117 14 1 0
4 30 15 0 1
4 35 14 0 1
33 53 14 1 0
32 53 15 2 0
72 52 16 1 0
71 52 17 1 0
68 52 18 2 0
69 50 19 1 0
66 50 20 1 0
4 30 21 0 1
25 74 19 2 0
4 34 20 0 1
4 41 20 0 1
78 75 16 1 0
34 75 17 1 0
4 30 18 0 1
4 43 14 0 1
42 140 12 1 0
12 140 13 3 0
4 33 14 0 1
14 49 14 14 0
13 48 15 1 0
40 48 16 2 0
39 47 17 2 0
41 46 18 1 0
72 46 19 1 0
71 46 20 1 0
69 46 21 1 0
66 46 22 1 0
4 30 23 0 1
79 131 18 1 0
77 131 19 3 0
78 129 20 1 0
34 129 21 1 0
4 30 22 0 1
4 21 20 0 1
80 119 20 1 0
28 119 21 1 0
10 119 22 1 0
23 119 23 1 0
24 119 24 1 0
22 119 25 1 0
36 119 26 1 0
27 119 27 1 0
7 119 28 1 0
26 119 29 1 0
57 119 30 1 0
60 119 31 1 0
5 119 32 1 0
49 119 33 1 0
73 119 34 1 0
74 119 35 1 0
54 119 36 1 0
55 119 37 1 0
56 119 38 1 0
75 119 39 5 0
4 38 40 0 1
20 46 40 1 0
34 46 41 1 0
4 30 42 0 1
4 35 40 0 1
8 55 40 1 0
28 55 41 1 0
10 55 42 1 0
23 55 43 1 0
24 55 44 1 0
22 55 45 1 0
36 55 46 1 0
27 55 47 1 0
7 55 48 1 0
26 55 49 1 0
57 55 50 1 0
60 55 51 1 0
5 55 52 1 0
49 55 53 1 0
73 55 54 1 0
74 55 55 1 0
54 55 56 1 0
29 55 57 3 0
6 54 58 1 0
34 54 59 1 0
4 30 60 0 1
4 25 58 0 1
34 112 58 1 0
4 30 59 0 1
4 43 40 0 1
4 44 17 0 1
13 87 15 1 0
40 87 16 2 0
39 86 17 2 0
41 83 18 1 0
72 83 19 1 0
70 83 20 1 0
51 83 21 1 0
31 83 22 1 0
4 26 23 0 1
79 80 18 1 0
77 80 19 3 0
78 76 20 1 0
34 76 21 1 0
4 30 22 0 1
4 21 20 0 1
80 12 20 1 0
28 12 21 1 0
10 12 22 1 0
23 12 23 1 0
24 12 24 1 0
22 12 25 1 0
36 12 26 1 0
27 12 27 1 0
7 12 28 1 0
26 12 29 1 0
57 12 30 1 0
60 12 31 1 0
5 12 32 1 0
49 12 33 1 0
73 12 34 1 0
74 12 35 1 0
54 12 36 1 0
55 12 37 1 0
56 12 38 1 0
38 12 39 1 0
4 31 40 0 1
4 44 17 0 1
13 92 15 1 0
40 92 16 2 0
39 91 17 2 0
41 83 18 1 0
72 83 19 1 0
70 83 20 1 0
51 83 21 1 0
31 83 22 1 0
4 26 23 0 1
79 114 18 1 0
77 114 19 3 0
78 113 20 1 0
34 113 21 1 0
4 30 22 0 1
4 21 20 0 1
80 12 20 1 0
28 12 21 1 0
10 12 22 1 0
23 12 23 1 0
24 12 24 1 0
22 12 25 1 0
36 12 26 1 0
27 12 27 1 0
7 12 28 1 0
26 12 29 1 0
57 12 30 1 0
60 12 31 1 0
5 12 32 1 0
49 12 33 1 0
73 12 34 1 0
74 12 35 1 0
54 12 36 1 0
55 12 37 1 0
56 12 38 1 0
38 12 39 1 0
4 31 40 0 1
4 44 17 0 1
13 95 15 1 0
40 95 16 2 0
39 94 17 2 0
41 83 18 1 0
72 83 19 1 0
70 83 20 1 0
51 83 21 1 0
31 83 22 1 0
4 26 23 0 1
79 135 18 1 0
77 135 19 3 0
78 133 20 1 0
34 133 21 1 0
4 30 22 0 1
4 21 20 0 1
80 12 20 1 0
28 12 21 1 0
10 12 22 1 0
23 12 23 1 0
24 12 24 1 0
22 12 25 1 0
36 12 26 1 0
27 12 27 1 0
7 12 28 1 0
26 12 29 1 0
57 12 30 1 0
60 12 31 1 0
5 12 32 1 0
49 12 33 1 0
73 12 34 1 0
74 12 35 1 0
54 12 36 1 0
55 12 37 1 0
56 12 38 1 0
38 12 39 1 0
4 31 40 0 1
4 44 17 0 1
13 89 15 1 0
40 89 16 2 0
39 88 17 2 0
41 83 18 1 0
72 83 19 1 0
70 83 20 1 0
51 83 21 1 0
31 83 22 1 0
4 26 23 0 1
79 99 18 1 0
77 99 19 3 0
78 96 20 1 0
34 96 21 1 0
4 30 22 0 1
4 21 20 0 1
80 12 20 1 0
28 12 21 1 0
10 12 22 1 0
23 12 23 1 0
24 12 24 1 0
22 12 25 1 0
36 12 26 1 0
27 12 27 1 0
7 12 28 1 0
26 12 29 1 0
57 12 30 1 0
60 12 31 1 0
5 12 32 1 0
49 12 33 1 0
73 12 34 1 0
74 12 35 1 0
54 12 36 1 0
55 12 37 1 0
56 12 38 1 0
38 12 39 1 0
4 31 40 0 1
4 44 17 0 1
13 62 15 1 0
3 62 16 1 0
61 62 17 1 0
64 62 18 1 0
30 62 19 2 0
62 61 20 1 0
46 61 21 6 0
67 56 22 1 0
53 56 23 3 0
34 54 24 1 0
4 30 25 0 1
4 25 24 0 1
53 121 24 1 0
34 121 25 1 0
4 30 26 0 1
4 25 22 0 1
34 122 22 1 0
4 30 23 0 1
4 35 22 0 1
8 4 22 1 0
28 4 23 1 0
10 4 24 1 0
23 4 25 1 0
24 4 26 1 0
22 4 27 1 0
36 4 28 1 0
27 4 29 1 0
7 4 30 1 0
26 4 31 1 0
57 4 32 1 0
60 4 33 1 0
5 4 34 1 0
49 4 35 1 0
73 4 36 1 0
74 4 37 1 0
54 4 38 1 0
55 4 39 1 0
56 4 40 1 0
38 4 41 1 0
4 51 42 0 1
4 43 22 0 1
4 44 20 0 1
13 82 15 1 0
3 82 16 1 0
61 82 17 1 0
64 82 18 1 0
30 82 19 2 0
62 81 20 1 0
9 81 21 3 0
37 76 22 1 0
29 76 23 1 0
34 76 24 1 0
4 30 25 0 1
11 19 22 1 0
4 21 23 0 1
28 130 22 1 0
10 130 23 1 0
23 130 24 1 0
24 130 25 1 0
22 130 26 1 0
36 130 27 1 0
27 130 28 1 0
7 130 29 1 0
26 130 30 1 0
57 130 31 1 0
60 130 32 1 0
5 130 33 1 0
49 130 34 1 0
73 130 35 1 0
74 130 36 1 0
54 130 37 1 0
55 130 38 1 0
56 130 39 5 0
67 129 40 1 0
53 129 41 1 0
34 129 42 1 0
4 30 43 0 1
4 25 40 0 1
34 120 40 1 0
4 30 41 0 1
4 35 40 0 1
4 43 40 0 1
4 44 20 0 1
13 58 15 1 0
3 58 16 1 0
61 58 17 1 0
64 58 18 1 0
30 58 19 2 0
62 57 20 1 0
46 57 21 6 0
67 56 22 1 0
53 56 23 3 0
34 54 24 1 0
4 30 25 0 1
4 25 24 0 1
53 121 24 1 0
34 121 25 1 0
4 30 26 0 1
4 25 22 0 1
34 122 22 1 0
4 30 23 0 1
4 35 22 0 1
8 2 22 1 0
28 2 23 1 0
10 2 24 1 0
23 2 25 1 0
24 2 26 1 0
22 2 27 1 0
36 2 28 1 0
27 2 29 1 0
7 2 30 1 0
26 2 31 1 0
57 2 32 1 0
60 2 33 1 0
5 2 34 1 0
49 2 35 1 0
73 2 36 1 0
74 2 37 1 0
54 2 38 1 0
55 2 39 1 0
56 2 40 1 0
38 2 41 1 0
4 51 42 0 1
4 43 22 0 1
4 44 20 0 1
13 101 15 1 0
3 101 16 1 0
61 101 17 1 0
64 101 18 1 0
30 101 19 2 0
62 100 20 1 0
9 100 21 3 0
37 96 22 1 0
29 96 23 1 0
34 96 24 1 0
4 30 25 0 1
11 19 22 1 0
4 21 23 0 1
28 130 22 1 0
10 130 23 1 0
23 130 24 1 0
24 130 25 1 0
22 130 26 1 0
36 130 27 1 0
27 130 28 1 0
7 130 29 1 0
26 130 30 1 0
57 130 31 1 0
60 130 32 1 0
5 130 33 1 0
49 130 34 1 0
73 130 35 1 0
74 130 36 1 0
54 130 37 1 0
55 130 38 1 0
56 130 39 5 0
67 129 40 1 0
53 129 41 1 0
34 129 42 1 0
4 30 43 0 1
4 25 40 0 1
34 120 40 1 0
4 30 41 0 1
4 35 40 0 1
4 43 40 0 1
4 44 20 0 1
13 60 15 1 0
3 60 16 1 0
61 60 17 1 0
64 60 18 1 0
30 60 19 2 0
62 59 20 1 0
46 59 21 6 0
67 56 22 1 0
53 56 23 3 0
34 54 24 1 0
4 30 25 0 1
4 25 24 0 1
53 121 24 1 0
34 121 25 1 0
4 30 26 0 1
4 25 22 0 1
34 122 22 1 0
4 30 23 0 1
4 35 22 0 1
8 3 22 1 0
28 3 23 1 0
10 3 24 1 0
23 3 25 1 0
24 3 26 1 0
22 3 27 1 0
36 3 28 1 0
27 3 29 1 0
7 3 30 1 0
26 3 31 1 0
57 3 32 1 0
60 3 33 1 0
5 3 34 1 0
49 3 35 1 0
73 3 36 1 0
74 3 37 1 0
54 3 38 1 0
55 3 39 1 0
56 3 40 1 0
38 3 41 1 0
4 51 42 0 1
4 43 22 0 1
4 44 20 0 1
13 116 15 1 0
3 116 16 1 0
61 116 17 1 0
64 116 18 1 0
30 116 19 2 0
62 115 20 1 0
9 115 21 3 0
37 113 22 1 0
29 113 23 1 0
34 113 24 1 0
4 30 25 0 1
11 19 22 1 0
4 21 23 0 1
28 130 22 1 0
10 130 23 1 0
23 130 24 1 0
24 130 25 1 0
22 130 26 1 0
36 130 27 1 0
27 130 28 1 0
7 130 29 1 0
26 130 30 1 0
57 130 31 1 0
60 130 32 1 0
5 130 33 1 0
49 130 34 1 0
73 130 35 1 0
74 130 36 1 0
54 130 37 1 0
55 130 38 1 0
56 130 39 5 0
67 129 40 1 0
53 129 41 1 0
34 129 42 1 0
4 30 43 0 1
4 25 40 0 1
34 120 40 1 0
4 30 41 0 1
4 35 40 0 1
4 43 40 0 1
4 44 20 0 1
13 137 15 1 0
3 137 16 1 0
61 137 17 1 0
64 137 18 1 0
30 137 19 2 0
62 136 20 1 0
9 136 21 3 0
37 133 22 1 0
29 133 23 1 0
34 133 24 1 0
4 30 25 0 1
11 19 22 1 0
4 21 23 0 1
28 98 22 1 0
10 98 23 1 0
23 98 24 1 0
24 98 25 1 0
22 98 26 1 0
36 98 27 1 0
27 98 28 1 0
7 98 29 1 0
26 98 30 1 0
57 98 31 1 0
60 98 32 1 0
5 98 33 3 0
5 97 34 1 0
49 97 35 3 0
49 96 36 1 0
73 96 37 1 0
74 96 38 1 0
54 96 39 1 0
29 96 40 1 0
34 96 41 1 0
4 30 42 0 1
4 37 36 0 1
73 15 36 1 0
74 15 37 1 0
54 15 38 1 0
55 15 39 1 0
56 15 40 1 0
38 15 41 1 0
4 31 42 0 1
4 20 34 0 1
49 113 34 1 0
73 113 35 1 0
74 113 36 1 0
54 113 37 1 0
29 113 38 1 0
34 113 39 1 0
4 30 40 0 1
4 44 20 0 1
13 64 15 1 0
3 64 16 1 0
61 64 17 1 0
64 64 18 1 0
30 64 19 2 0
62 63 20 1 0
46 63 21 6 0
67 56 22 1 0
53 56 23 3 0
34 54 24 1 0
4 30 25 0 1
4 25 24 0 1
53 121 24 1 0
34 121 25 1 0
4 30 26 0 1
4 25 22 0 1
34 123 22 1 0
4 30 23 0 1
4 35 22 0 1
8 1 22 1 0
28 1 23 1 0
10 1 24 1 0
23 1 25 1 0
24 1 26 1 0
22 1 27 1 0
36 1 28 1 0
27 1 29 1 0
7 1 30 1 0
26 1 31 1 0
57 1 32 1 0
60 1 33 1 0
5 1 34 3 0
5 0 35 1 0
49 0 36 1 0
73 0 37 1 0
74 0 38 1 0
54 0 39 1 0
55 0 40 1 0
56 0 41 1 0
38 0 42 1 0
4 51 43 0 1
4 20 35 0 1
49 103 35 1 0
73 103 36 1 0
74 103 37 1 0
54 103 38 1 0
55 103 39 1 0
56 103 40 4 0
48 102 41 1 0
76 102 42 1 0
4 30 43 0 1
4 35 41 0 1
8 79 41 3 0
28 76 42 1 0
10 76 43 1 0
23 76 44 1 0
24 76 45 1 0
22 76 46 1 0
36 76 47 1 0
27 76 48 1 0
7 76 49 1 0
26 76 50 1 0
57 76 51 1 0
60 76 52 1 0
5 76 53 1 0
49 76 54 1 0
73 76 55 1 0
74 76 56 1 0
54 76 57 1 0
29 76 58 1 0
34 76 59 1 0
4 30 60 0 1
4 23 42 0 1
28 133 42 1 0
10 133 43 1 0
23 133 44 1 0
24 133 45 1 0
22 133 46 1 0
36 133 47 1 0
27 133 48 1 0
7 133 49 1 0
26 133 50 1 0
57 133 51 1 0
60 133 52 1 0
5 133 53 1 0
49 133 54 1 0
73 133 55 1 0
74 133 56 1 0
54 133 57 1 0
29 133 58 1 0
34 133 59 1 0
4 30 60 0 1
4 43 41 0 1
4 43 22 0 1
4 44 20 0 1
13 108 15 1 0
3 108 16 1 0
61 108 17 1 0
35 108 18 7 0
4 29 19 0 1
4 35 19 0 1
28 104 19 1 0
10 104 20 1 0
23 104 21 1 0
24 104 22 1 0
22 104 23 1 0
36 104 24 1 0
27 104 25 1 0
7 104 26 1 0
26 104 27 1 0
57 104 28 3 0
57 103 29 1 0
60 103 30 1 0
5 103 31 1 0
49 103 32 1 0
73 103 33 1 0
74 103 34 1 0
54 103 35 1 0
55 103 36 1 0
56 103 37 4 0
48 102 38 1 0
76 102 39 1 0
4 30 40 0 1
4 35 38 0 1
8 79 38 3 0
28 76 39 1 0
10 76 40 1 0
23 76 41 1 0
24 76 42 1 0
22 76 43 1 0
36 76 44 1 0
27 76 45 1 0
7 76 46 1 0
26 76 47 1 0
57 76 48 1 0
60 76 49 1 0
5 76 50 1 0
49 76 51 1 0
73 76 52 1 0
74 76 53 1 0
54 76 54 1 0
29 76 55 1 0
34 76 56 1 0
4 30 57 0 1
4 23 39 0 1
28 133 39 1 0
10 133 40 1 0
23 133 41 1 0
24 133 42 1 0
22 133 43 1 0
36 133 44 1 0
27 133 45 1 0
7 133 46 1 0
26 133 47 1 0
57 133 48 1 0
60 133 49 1 0
5 133 50 1 0
49 133 51 1 0
73 133 52 1 0
74 133 53 1 0
54 133 54 1 0
29 133 55 1 0
34 133 56 1 0
4 30 57 0 1
4 43 38 0 1
4 36 29 0 1
60 16 29 1 0
5 16 30 1 0
49 16 31 1 0
73 16 32 1 0
74 16 33 1 0
54 16 34 1 0
55 16 35 1 0
56 16 36 1 0
38 16 37 1 0
4 28 38 0 1
4 43 19 0 1
63 144 19 1 0
64 144 20 1 0
12 144 21 3 0
4 33 22 0 1
14 72 22 1 0
13 72 23 1 0
3 72 24 1 0
61 72 25 1 0
64 72 26 1 0
30 72 27 2 0
62 71 28 1 0
46 71 29 6 0
67 56 30 1 0
53 56 31 3 0
34 54 32 1 0
4 30 33 0 1
4 25 32 0 1
53 121 32 1 0
34 121 33 1 0
4 30 34 0 1
4 25 30 0 1
34 123 30 1 0
4 30 31 0 1
4 35 30 0 1
8 8 30 1 0
28 8 31 1 0
10 8 32 1 0
23 8 33 1 0
24 8 34 1 0
22 8 35 1 0
36 8 36 1 0
27 8 37 1 0
7 8 38 1 0
26 8 39 1 0
57 8 40 1 0
60 8 41 1 0
5 8 42 1 0
49 8 43 1 0
73 8 44 1 0
74 8 45 1 0
54 8 46 1 0
55 8 47 1 0
56 8 48 1 0
38 8 49 1 0
4 51 50 0 1
4 43 30 0 1
4 44 28 0 1
4 40 22 0 1
4 27 19 0 1
3 109 19 1 0
61 109 20 1 0
35 109 21 7 0
4 29 22 0 1
4 35 22 0 1
28 105 22 1 0
10 105 23 1 0
23 105 24 1 0
24 105 25 1 0
22 105 26 1 0
36 105 27 1 0
27 105 28 1 0
7 105 29 1 0
26 105 30 1 0
57 105 31 3 0
57 103 32 1 0
60 103 33 1 0
5 103 34 1 0
49 103 35 1 0
73 103 36 1 0
74 103 37 1 0
54 103 38 1 0
55 103 39 1 0
56 103 40 4 0
48 102 41 1 0
76 102 42 1 0
4 30 43 0 1
4 35 41 0 1
8 79 41 3 0
28 76 42 1 0
10 76 43 1 0
23 76 44 1 0
24 76 45 1 0
22 76 46 1 0
36 76 47 1 0
27 76 48 1 0
7 76 49 1 0
26 76 50 1 0
57 76 51 1 0
60 76 52 1 0
5 76 53 1 0
49 76 54 1 0
73 76 55 1 0
74 76 56 1 0
54 76 57 1 0
29 76 58 1 0
34 76 59 1 0
4 30 60 0 1
4 23 42 0 1
28 133 42 1 0
10 133 43 1 0
23 133 44 1 0
24 133 45 1 0
22 133 46 1 0
36 133 47 1 0
27 133 48 1 0
7 133 49 1 0
26 133 50 1 0
57 133 51 1 0
60 133 52 1 0
5 133 53 1 0
49 133 54 1 0
73 133 55 1 0
74 133 56 1 0
54 133 57 1 0
29 133 58 1 0
34 133 59 1 0
4 30 60 0 1
4 43 41 0 1
4 36 32 0 1
60 17 32 1 0
5 17 33 1 0
49 17 34 1 0
73 17 35 1 0
74 17 36 1 0
54 17 37 1 0
55 17 38 1 0
56 17 39 1 0
38 17 40 1 0
4 31 41 0 1
4 43 22 0 1
63 141 22 1 0
64 141 23 1 0
12 141 24 3 0
4 33 25 0 1
14 66 25 1 0
13 66 26 1 0
3 66 27 1 0
61 66 28 1 0
64 66 29 1 0
30 66 30 2 0
62 65 31 1 0
46 65 32 6 0
67 56 33 1 0
53 56 34 3 0
34 54 35 1 0
4 30 36 0 1
4 25 35 0 1
53 121 35 1 0
34 121 36 1 0
4 30 37 0 1
4 25 33 0 1
34 123 33 1 0
4 30 34 0 1
4 35 33 0 1
8 5 33 1 0
28 5 34 1 0
10 5 35 1 0
23 5 36 1 0
24 5 37 1 0
22 5 38 1 0
36 5 39 1 0
27 5 40 1 0
7 5 41 1 0
26 5 42 1 0
57 5 43 1 0
60 5 44 1 0
5 5 45 1 0
49 5 46 1 0
73 5 47 1 0
74 5 48 1 0
54 5 49 1 0
55 5 50 1 0
56 5 51 1 0
38 5 52 1 0
4 51 53 0 1
4 43 33 0 1
4 44 31 0 1
4 40 25 0 1
4 27 22 0 1
3 110 22 1 0
61 110 23 1 0
35 110 24 7 0
4 29 25 0 1
4 35 25 0 1
28 106 25 1 0
10 106 26 1 0
23 106 27 1 0
24 106 28 1 0
22 106 29 1 0
36 106 30 1 0
27 106 31 1 0
7 106 32 1 0
26 106 33 1 0
57 106 34 3 0
57 103 35 1 0
60 103 36 1 0
5 103 37 1 0
49 103 38 1 0
73 103 39 1 0
74 103 40 1 0
54 103 41 1 0
55 103 42 1 0
56 103 43 4 0
48 102 44 1 0
76 102 45 1 0
4 30 46 0 1
4 35 44 0 1
8 79 44 3 0
28 76 45 1 0
10 76 46 1 0
23 76 47 1 0
24 76 48 1 0
22 76 49 1 0
36 76 50 1 0
27 76 51 1 0
7 76 52 1 0
26 76 53 1 0
57 76 54 1 0
60 76 55 1 0
5 76 56 1 0
49 76 57 1 0
73 76 58 1 0
74 76 59 1 0
54 76 60 1 0
29 76 61 1 0
34 76 62 1 0
4 30 63 0 1
4 23 45 0 1
28 133 45 1 0
10 133 46 1 0
23 133 47 1 0
24 133 48 1 0
22 133 49 1 0
36 133 50 1 0
27 133 51 1 0
7 133 52 1 0
26 133 53 1 0
57 133 54 1 0
60 133 55 1 0
5 133 56 1 0
49 133 57 1 0
73 133 58 1 0
74 133 59 1 0
54 133 60 1 0
29 133 61 1 0
34 133 62 1 0
4 30 63 0 1
4 43 44 0 1
4 36 35 0 1
60 18 35 1 0
5 18 36 1 0
49 18 37 1 0
73 18 38 1 0
74 18 39 1 0
54 18 40 1 0
55 18 41 1 0
56 18 42 1 0
38 18 43 1 0
4 31 44 0 1
4 43 25 0 1
63 143 25 1 0
64 143 26 1 0
12 143 27 3 0
4 33 28 0 1
14 70 28 1 0
13 70 29 1 0
3 70 30 1 0
61 70 31 1 0
64 70 32 1 0
30 70 33 2 0
62 69 34 1 0
46 69 35 6 0
67 56 36 1 0
53 56 37 3 0
34 54 38 1 0
4 30 39 0 1
4 25 38 0 1
53 121 38 1 0
34 121 39 1 0
4 30 40 0 1
4 25 36 0 1
34 123 36 1 0
4 30 37 0 1
4 35 36 0 1
8 7 36 1 0
28 7 37 1 0
10 7 38 1 0
23 7 39 1 0
24 7 40 1 0
22 7 41 1 0
36 7 42 1 0
27 7 43 1 0
7 7 44 1 0
26 7 45 1 0
57 7 46 1 0
60 7 47 1 0
5 7 48 1 0
49 7 49 1 0
73 7 50 1 0
74 7 51 1 0
54 7 52 1 0
55 7 53 1 0
56 7 54 1 0
38 7 55 1 0
4 51 56 0 1
4 43 36 0 1
4 44 34 0 1
4 40 28 0 1
4 27 25 0 1
3 142 25 1 0
61 142 26 1 0
64 142 27 1 0
12 142 28 3 0
4 33 29 0 1
14 68 29 1 0
13 68 30 1 0
3 68 31 1 0
61 68 32 1 0
64 68 33 1 0
30 68 34 2 0
62 67 35 1 0
46 67 36 6 0
67 56 37 1 0
53 56 38 3 0
34 54 39 1 0
4 30 40 0 1
4 25 39 0 1
53 121 39 1 0
34 121 40 1 0
4 30 41 0 1
4 25 37 0 1
34 123 37 1 0
4 30 38 0 1
4 35 37 0 1
8 6 37 1 0
28 6 38 1 0
10 6 39 1 0
23 6 40 1 0
24 6 41 1 0
22 6 42 1 0
36 6 43 1 0
27 6 44 1 0
7 6 45 1 0
26 6 46 1 0
57 6 47 1 0
60 6 48 1 0
5 6 49 1 0
49 6 50 1 0
73 6 51 1 0
74 6 52 1 0
54 6 53 1 0
55 6 54 1 0
56 6 55 1 0
38 6 56 1 0
4 51 57 0 1
4 43 37 0 1
4 44 35 0 1
4 40 29 0 1
4 40 14 0 1
4 40 8 0 1
