1 0 1 0
21 1 1 0
52 2 1 0
65 3 1 0
0 4 1 0
17 5 1 0
50 6 4 0
19 7 1 0
4 8 0 1
4 7 0 1
66 7 1 0
4 8 0 1
15 7 5 0
4 8 0 1
16 8 1 0
18 9 1 0
2 10 1 0
43 11 4 0
47 12 1 0
4 13 0 1
47 12 1 0
4 13 0 1
45 12 2 0
58 13 1 0
4 14 0 1
44 13 4 0
34 14 1 0
4 15 0 1
4 14 0 1
33 14 1 0
32 15 2 0
72 16 1 0
71 17 1 0
68 18 2 0
69 19 1 0
66 20 1 0
4 21 0 1
25 19 2 0
4 20 0 1
4 20 0 1
78 16 1 0
34 17 1 0
4 18 0 1
4 14 0 1
42 12 1 0
12 13 3 0
4 14 0 1
14 14 12 0
13 15 1 0
40 16 2 0
39 17 2 0
41 18 1 0
72 19 1 0
71 20 1 0
69 21 1 0
66 22 1 0
4 23 0 1
79 18 1 0
77 19 3 0
78 20 1 0
34 21 1 0
4 22 0 1
4 20 0 1
80 20 1 0
28 21 1 0
10 22 1 0
23 23 1 0
24 24 1 0
22 25 1 0
36 26 1 0
27 27 1 0
7 28 1 0
26 29 1 0
57 30 1 0
60 31 1 0
5 32 1 0
49 33 1 0
73 34 1 0
74 35 1 0
54 36 1 0
55 37 1 0
56 38 1 0
75 39 5 0
4 40 0 1
20 40 1 0
34 41 1 0
4 42 0 1
4 40 0 1
8 40 1 0
28 41 1 0
10 42 1 0
23 43 1 0
24 44 1 0
22 45 1 0
36 46 1 0
27 47 1 0
7 48 1 0
26 49 1 0
57 50 1 0
60 51 1 0
5 52 1 0
49 53 1 0
73 54 1 0
74 55 1 0
54 56 1 0
29 57 3 0
6 58 1 0
34 59 1 0
4 60 0 1
4 58 0 1
34 58 1 0
4 59 0 1
4 40 0 1
4 17 0 1
13 15 1 0
40 16 2 0
39 17 2 0
41 18 1 0
72 19 1 0
70 20 1 0
51 21 1 0
31 22 1 0
4 23 0 1
79 18 9 0
77 19 1 0
78 20 1 0
34 21 1 0
4 22 0 1
4 19 0 1
77 19 1 0
78 20 1 0
34 21 1 0
4 22 0 1
4 19 0 1
77 19 1 0
78 20 1 0
34 21 1 0
4 22 0 1
4 19 0 1
77 19 1 0
78 20 1 0
34 21 1 0
4 22 0 1
4 19 0 1
77 19 1 0
78 20 1 0
34 21 1 0
4 22 0 1
4 17 0 1
13 15 1 0
3 16 1 0
61 17 1 0
64 18 1 0
30 19 2 0
62 20 1 0
46 21 6 0
67 22 1 0
53 23 3 0
34 24 1 0
4 25 0 1
4 24 0 1
53 24 1 0
34 25 1 0
4 26 0 1
4 22 0 1
34 22 1 0
4 23 0 1
4 22 0 1
8 22 1 0
28 23 1 0
10 24 1 0
23 25 1 0
24 26 1 0
22 27 1 0
36 28 1 0
27 29 1 0
7 30 1 0
26 31 1 0
57 32 1 0
60 33 1 0
5 34 1 0
49 35 1 0
73 36 1 0
74 37 1 0
54 38 1 0
55 39 1 0
56 40 1 0
38 41 1 0
4 42 0 1
4 22 0 1
4 20 0 1
13 15 1 0
3 16 1 0
61 17 1 0
64 18 1 0
30 19 2 0
62 20 1 0
9 21 3 0
37 22 1 0
29 23 1 0
34 24 1 0
4 25 0 1
11 22 1 0
4 23 0 1
28 22 1 0
10 23 1 0
23 24 1 0
24 25 1 0
22 26 1 0
36 27 1 0
27 28 1 0
7 29 1 0
26 30 1 0
57 31 1 0
60 32 1 0
5 33 1 0
49 34 1 0
73 35 1 0
74 36 1 0
54 37 1 0
55 38 1 0
56 39 5 0
67 40 1 0
53 41 1 0
34 42 1 0
4 43 0 1
4 40 0 1
34 40 1 0
4 41 0 1
4 40 0 1
4 40 0 1
4 20 0 1
13 15 1 0
3 16 1 0
61 17 1 0
64 18 1 0
30 19 2 0
62 20 1 0
46 21 6 0
67 22 1 0
53 23 3 0
34 24 1 0
4 25 0 1
4 24 0 1
53 24 1 0
34 25 1 0
4 26 0 1
4 22 0 1
34 22 1 0
4 23 0 1
4 22 0 1
8 22 1 0
28 23 1 0
10 24 1 0
23 25 1 0
24 26 1 0
22 27 1 0
36 28 1 0
27 29 1 0
7 30 1 0
26 31 1 0
57 32 1 0
60 33 1 0
5 34 1 0
49 35 1 0
73 36 1 0
74 37 1 0
54 38 1 0
55 39 1 0
56 40 1 0
38 41 1 0
4 42 0 1
4 22 0 1
4 20 0 1
13 15 1 0
3 16 1 0
61 17 1 0
64 18 1 0
30 19 2 0
62 20 1 0
9 21 3 0
37 22 1 0
29 23 1 0
34 24 1 0
4 25 0 1
11 22 1 0
4 23 0 1
28 22 1 0
10 23 1 0
23 24 1 0
24 25 1 0
22 26 1 0
36 27 1 0
27 28 1 0
7 29 1 0
26 30 1 0
57 31 1 0
60 32 1 0
5 33 1 0
49 34 1 0
73 35 1 0
74 36 1 0
54 37 1 0
55 38 1 0
56 39 5 0
67 40 1 0
53 41 1 0
34 42 1 0
4 43 0 1
4 40 0 1
34 40 1 0
4 41 0 1
4 40 0 1
4 40 0 1
4 20 0 1
13 15 1 0
3 16 1 0
61 17 1 0
64 18 1 0
30 19 2 0
62 20 1 0
46 21 6 0
67 22 1 0
53 23 3 0
34 24 1 0
4 25 0 1
4 24 0 1
53 24 1 0
34 25 1 0
4 26 0 1
4 22 0 1
34 22 1 0
4 23 0 1
4 22 0 1
8 22 1 0
28 23 1 0
10 24 1 0
23 25 1 0
24 26 1 0
22 27 1 0
36 28 1 0
27 29 1 0
7 30 1 0
26 31 1 0
57 32 1 0
60 33 1 0
5 34 1 0
49 35 1 0
73 36 1 0
74 37 1 0
54 38 1 0
55 39 1 0
56 40 1 0
38 41 1 0
4 42 0 1
4 22 0 1
4 20 0 1
13 15 1 0
3 16 1 0
61 17 1 0
64 18 1 0
30 19 2 0
62 20 1 0
9 21 3 0
37 22 1 0
29 23 1 0
34 24 1 0
4 25 0 1
11 22 1 0
4 23 0 1
28 22 1 0
10 23 1 0
23 24 1 0
24 25 1 0
22 26 1 0
36 27 1 0
27 28 1 0
7 29 1 0
26 30 1 0
57 31 1 0
60 32 1 0
5 33 1 0
49 34 1 0
73 35 1 0
74 36 1 0
54 37 1 0
55 38 1 0
56 39 5 0
67 40 1 0
53 41 1 0
34 42 1 0
4 43 0 1
4 40 0 1
34 40 1 0
4 41 0 1
4 40 0 1
4 40 0 1
4 20 0 1
13 15 1 0
3 16 1 0
61 17 1 0
64 18 1 0
30 19 2 0
62 20 1 0
9 21 3 0
37 22 1 0
29 23 1 0
34 24 1 0
4 25 0 1
11 22 1 0
4 23 0 1
28 22 1 0
10 23 1 0
23 24 1 0
24 25 1 0
22 26 1 0
36 27 1 0
27 28 1 0
7 29 1 0
26 30 1 0
57 31 1 0
60 32 1 0
5 33 3 0
5 34 1 0
49 35 3 0
49 36 1 0
73 37 1 0
74 38 1 0
54 39 1 0
29 40 1 0
34 41 1 0
4 42 0 1
4 36 0 1
73 36 1 0
74 37 1 0
54 38 1 0
55 39 1 0
56 40 1 0
38 41 1 0
4 42 0 1
4 34 0 1
49 34 1 0
73 35 1 0
74 36 1 0
54 37 1 0
29 38 1 0
34 39 1 0
4 40 0 1
4 20 0 1
13 15 1 0
3 16 1 0
61 17 1 0
64 18 1 0
30 19 2 0
62 20 1 0
9 21 3 0
37 22 1 0
29 23 1 0
34 24 1 0
4 25 0 1
11 22 1 0
4 23 0 1
28 22 1 0
10 23 1 0
23 24 1 0
24 25 1 0
22 26 1 0
36 27 1 0
27 28 1 0
7 29 1 0
26 30 1 0
57 31 1 0
60 32 1 0
5 33 1 0
49 34 1 0
73 35 1 0
74 36 1 0
54 37 1 0
55 38 1 0
56 39 4 0
48 40 1 0
76 41 1 0
4 42 0 1
4 40 0 1
8 40 3 0
28 41 1 0
10 42 1 0
23 43 1 0
24 44 1 0
22 45 1 0
36 46 1 0
27 47 1 0
7 48 1 0
26 49 1 0
57 50 1 0
60 51 1 0
5 52 1 0
49 53 1 0
73 54 1 0
74 55 1 0
54 56 1 0
29 57 1 0
34 58 1 0
4 59 0 1
4 41 0 1
28 41 1 0
10 42 1 0
23 43 1 0
24 44 1 0
22 45 1 0
36 46 1 0
27 47 1 0
7 48 1 0
26 49 1 0
57 50 1 0
60 51 1 0
5 52 1 0
49 53 1 0
73 54 1 0
74 55 1 0
54 56 1 0
29 57 1 0
34 58 1 0
4 59 0 1
4 40 0 1
4 20 0 1
13 15 1 0
3 16 1 0
61 17 1 0
64 18 1 0
30 19 2 0
62 20 1 0
46 21 6 0
67 22 1 0
53 23 3 0
34 24 1 0
4 25 0 1
4 24 0 1
53 24 1 0
34 25 1 0
4 26 0 1
4 22 0 1
34 22 1 0
4 23 0 1
4 22 0 1
8 22 1 0
28 23 1 0
10 24 1 0
23 25 1 0
24 26 1 0
22 27 1 0
36 28 1 0
27 29 1 0
7 30 1 0
26 31 1 0
57 32 1 0
60 33 1 0
5 34 3 0
5 35 1 0
49 36 1 0
73 37 1 0
74 38 1 0
54 39 1 0
55 40 1 0
56 41 1 0
38 42 1 0
4 43 0 1
4 35 0 1
49 35 1 0
73 36 1 0
74 37 1 0
54 38 1 0
29 39 1 0
34 40 1 0
4 41 0 1
4 22 0 1
4 20 0 1
13 15 1 0
3 16 1 0
61 17 1 0
64 18 1 0
30 19 2 0
62 20 1 0
46 21 4 0
48 22 1 0
76 23 1 0
4 24 0 1
4 22 0 1
8 22 1 0
28 23 1 0
10 24 1 0
23 25 1 0
24 26 1 0
22 27 1 0
36 28 1 0
27 29 1 0
7 30 1 0
26 31 1 0
57 32 1 0
60 33 1 0
5 34 1 0
49 35 1 0
73 36 1 0
74 37 1 0
54 38 1 0
29 39 1 0
34 40 1 0
4 41 0 1
4 22 0 1
4 20 0 1
4 14 0 1
16 8 1 0
18 9 1 0
2 10 1 0
43 11 4 0
47 12 1 0
4 13 0 1
47 12 1 0
4 13 0 1
45 12 2 0
58 13 1 0
72 14 1 0
70 15 1 0
51 16 1 0
31 17 1 0
4 18 0 1
44 13 4 0
34 14 1 0
4 15 0 1
4 14 0 1
33 14 3 0
32 15 2 0
72 16 1 0
70 17 1 0
51 18 1 0
31 19 1 0
4 20 0 1
78 16 1 0
34 17 1 0
4 18 0 1
4 15 0 1
32 15 2 0
72 16 1 0
70 17 1 0
51 18 1 0
31 19 1 0
4 20 0 1
78 16 1 0
34 17 1 0
4 18 0 1
4 14 0 1
42 12 1 0
12 13 3 0
4 14 0 1
14 14 1 0
13 15 1 0
3 16 1 0
61 17 1 0
64 18 1 0
59 19 3 0
4 20 0 1
28 20 1 0
10 21 1 0
23 22 1 0
24 23 1 0
22 24 1 0
36 25 1 0
27 26 1 0
7 27 1 0
26 28 1 0
57 29 1 0
60 30 1 0
5 31 1 0
49 32 3 0
49 33 1 0
73 34 1 0
74 35 1 0
54 36 1 0
55 37 1 0
56 38 3 0
4 39 0 1
28 39 1 0
10 40 1 0
23 41 1 0
24 42 1 0
22 43 1 0
36 44 1 0
27 45 1 0
7 46 1 0
26 47 1 0
57 48 1 0
60 49 1 0
5 50 1 0
49 51 3 0
49 52 1 0
73 53 1 0
74 54 1 0
54 55 1 0
29 56 1 0
34 57 1 0
4 58 0 1
4 52 0 1
73 52 1 0
74 53 1 0
54 54 1 0
55 55 1 0
56 56 1 0
38 57 1 0
4 58 0 1
4 39 0 1
4 33 0 1
73 33 1 0
74 34 1 0
54 35 1 0
55 36 1 0
56 37 3 0
4 38 0 1
28 38 1 0
10 39 1 0
23 40 1 0
24 41 1 0
22 42 1 0
36 43 1 0
27 44 1 0
7 45 1 0
26 46 1 0
57 47 1 0
60 48 1 0
5 49 1 0
49 50 3 0
49 51 1 0
73 52 1 0
74 53 1 0
54 54 1 0
55 55 1 0
56 56 3 0
4 57 0 1
28 57 1 0
10 58 1 0
23 59 1 0
24 60 1 0
22 61 1 0
36 62 1 0
27 63 1 0
7 64 1 0
26 65 1 0
57 66 1 0
60 67 1 0
5 68 1 0
49 69 3 0
49 70 1 0
73 71 1 0
74 72 1 0
54 73 1 0
29 74 1 0
34 75 1 0
4 76 0 1
4 70 0 1
73 70 1 0
74 71 1 0
54 72 1 0
55 73 1 0
56 74 1 0
38 75 1 0
4 76 0 1
4 57 0 1
4 51 0 1
73 51 1 0
74 52 1 0
54 53 1 0
55 54 1 0
56 55 3 0
4 56 0 1
28 56 1 0
10 57 1 0
23 58 1 0
24 59 1 0
22 60 1 0
36 61 1 0
27 62 1 0
7 63 1 0
26 64 1 0
57 65 1 0
60 66 1 0
5 67 1 0
49 68 3 0
49 69 1 0
73 70 1 0
74 71 1 0
54 72 1 0
29 73 1 0
34 74 1 0
4 75 0 1
4 69 0 1
73 69 1 0
74 70 1 0
54 71 1 0
55 72 1 0
56 73 1 0
38 74 1 0
4 75 0 1
4 56 0 1
4 38 0 1
4 20 0 1
4 14 0 1
16 8 1 0
18 9 1 0
2 10 1 0
43 11 4 0
47 12 1 0
4 13 0 1
47 12 1 0
4 13 0 1
45 12 2 0
58 13 1 0
4 14 0 1
44 13 4 0
34 14 1 0
4 15 0 1
4 14 0 1
33 14 1 0
32 15 2 0
72 16 1 0
70 17 1 0
51 18 1 0
31 19 1 0
4 20 0 1
78 16 1 0
34 17 1 0
4 18 0 1
4 14 0 1
42 12 1 0
12 13 3 0
4 14 0 1
14 14 1 0
13 15 1 0
3 16 1 0
61 17 1 0
35 18 7 0
4 19 0 1
4 19 0 1
28 19 1 0
10 20 1 0
23 21 1 0
24 22 1 0
22 23 1 0
36 24 1 0
27 25 1 0
7 26 1 0
26 27 1 0
57 28 3 0
57 29 1 0
60 30 1 0
5 31 1 0
49 32 1 0
73 33 1 0
74 34 1 0
54 35 1 0
29 36 1 0
34 37 1 0
4 38 0 1
4 29 0 1
60 29 1 0
5 30 1 0
49 31 1 0
73 32 1 0
74 33 1 0
54 34 1 0
55 35 1 0
56 36 1 0
38 37 1 0
4 38 0 1
4 19 0 1
63 19 1 0
64 20 1 0
12 21 3 0
4 22 0 1
14 22 1 0
13 23 1 0
3 24 1 0
61 25 1 0
64 26 1 0
30 27 2 0
62 28 1 0
46 29 6 0
67 30 1 0
53 31 3 0
34 32 1 0
4 33 0 1
4 32 0 1
53 32 1 0
34 33 1 0
4 34 0 1
4 30 0 1
34 30 1 0
4 31 0 1
4 30 0 1
8 30 1 0
28 31 1 0
10 32 1 0
23 33 1 0
24 34 1 0
22 35 1 0
36 36 1 0
27 37 1 0
7 38 1 0
26 39 1 0
57 40 1 0
60 41 1 0
5 42 1 0
49 43 1 0
73 44 1 0
74 45 1 0
54 46 1 0
55 47 1 0
56 48 1 0
38 49 1 0
4 50 0 1
4 30 0 1
4 28 0 1
4 22 0 1
4 19 0 1
3 19 1 0
61 20 1 0
35 21 7 0
4 22 0 1
4 22 0 1
28 22 1 0
10 23 1 0
23 24 1 0
24 25 1 0
22 26 3 0
22 27 1 0
36 28 1 0
27 29 1 0
7 30 1 0
26 31 1 0
57 32 3 0
57 33 1 0
60 34 1 0
5 35 1 0
49 36 1 0
73 37 1 0
74 38 1 0
54 39 1 0
29 40 1 0
34 41 1 0
4 42 0 1
4 33 0 1
60 33 1 0
5 34 1 0
49 35 1 0
73 36 1 0
74 37 1 0
54 38 1 0
55 39 1 0
56 40 1 0
38 41 1 0
4 42 0 1
4 27 0 1
36 27 1 0
27 28 1 0
7 29 1 0
26 30 1 0
57 31 3 0
57 32 1 0
60 33 1 0
5 34 1 0
49 35 1 0
73 36 1 0
74 37 1 0
54 38 1 0
29 39 1 0
34 40 1 0
4 41 0 1
4 32 0 1
60 32 1 0
5 33 1 0
49 34 1 0
73 35 1 0
74 36 1 0
54 37 1 0
55 38 1 0
56 39 1 0
38 40 1 0
4 41 0 1
4 22 0 1
63 22 1 0
64 23 1 0
12 24 3 0
4 25 0 1
14 25 1 0
13 26 1 0
3 27 1 0
61 28 1 0
64 29 1 0
30 30 2 0
62 31 1 0
46 32 6 0
67 33 1 0
53 34 3 0
34 35 1 0
4 36 0 1
4 35 0 1
53 35 1 0
34 36 1 0
4 37 0 1
4 33 0 1
34 33 1 0
4 34 0 1
4 33 0 1
8 33 1 0
28 34 1 0
10 35 1 0
23 36 1 0
24 37 1 0
22 38 1 0
36 39 1 0
27 40 1 0
7 41 1 0
26 42 1 0
57 43 1 0
60 44 1 0
5 45 1 0
49 46 1 0
73 47 1 0
74 48 1 0
54 49 1 0
55 50 1 0
56 51 1 0
38 52 1 0
4 53 0 1
4 33 0 1
4 31 0 1
4 25 0 1
4 22 0 1
3 22 1 0
61 23 1 0
35 24 7 0
4 25 0 1
4 25 0 1
28 25 1 0
10 26 1 0
23 27 1 0
24 28 1 0
22 29 3 0
22 30 1 0
36 31 1 0
27 32 1 0
7 33 1 0
26 34 1 0
57 35 3 0
57 36 1 0
60 37 1 0
5 38 1 0
49 39 1 0
73 40 1 0
74 41 1 0
54 42 1 0
29 43 1 0
34 44 1 0
4 45 0 1
4 36 0 1
60 36 1 0
5 37 1 0
49 38 1 0
73 39 1 0
74 40 1 0
54 41 1 0
55 42 1 0
56 43 1 0
38 44 1 0
4 45 0 1
4 30 0 1
36 30 1 0
27 31 1 0
7 32 1 0
26 33 1 0
57 34 3 0
57 35 1 0
60 36 1 0
5 37 1 0
49 38 1 0
73 39 1 0
74 40 1 0
54 41 1 0
29 42 1 0
34 43 1 0
4 44 0 1
4 35 0 1
60 35 1 0
5 36 1 0
49 37 1 0
73 38 1 0
74 39 1 0
54 40 1 0
55 41 1 0
56 42 1 0
38 43 1 0
4 44 0 1
4 25 0 1
63 25 1 0
64 26 1 0
12 27 3 0
4 28 0 1
14 28 1 0
13 29 1 0
3 30 1 0
61 31 1 0
64 32 1 0
30 33 2 0
62 34 1 0
46 35 6 0
67 36 1 0
53 37 3 0
34 38 1 0
4 39 0 1
4 38 0 1
53 38 1 0
34 39 1 0
4 40 0 1
4 36 0 1
34 36 1 0
4 37 0 1
4 36 0 1
8 36 1 0
28 37 1 0
10 38 1 0
23 39 1 0
24 40 1 0
22 41 1 0
36 42 1 0
27 43 1 0
7 44 1 0
26 45 1 0
57 46 1 0
60 47 1 0
5 48 1 0
49 49 1 0
73 50 1 0
74 51 1 0
54 52 1 0
55 53 1 0
56 54 1 0
38 55 1 0
4 56 0 1
4 36 0 1
4 34 0 1
4 28 0 1
4 25 0 1
3 25 1 0
61 26 1 0
64 27 1 0
12 28 3 0
4 29 0 1
14 29 1 0
13 30 1 0
3 31 1 0
61 32 1 0
64 33 1 0
30 34 2 0
62 35 1 0
46 36 6 0
67 37 1 0
53 38 3 0
34 39 1 0
4 40 0 1
4 39 0 1
53 39 1 0
34 40 1 0
4 41 0 1
4 37 0 1
34 37 1 0
4 38 0 1
4 37 0 1
8 37 1 0
28 38 1 0
10 39 1 0
23 40 1 0
24 41 1 0
22 42 1 0
36 43 1 0
27 44 1 0
7 45 1 0
26 46 1 0
57 47 1 0
60 48 1 0
5 49 1 0
49 50 1 0
73 51 1 0
74 52 1 0
54 53 1 0
55 54 1 0
56 55 1 0
38 56 1 0
4 57 0 1
4 37 0 1
4 35 0 1
4 29 0 1
4 14 0 1
4 8 0 1
