1 0 1 0
25 1 1 0
60 2 1 0
75 3 1 0
0 4 1 0
21 5 1 0
58 6 4 0
23 7 1 0
4 8 0 1
4 7 0 1
76 7 1 0
4 8 0 1
19 7 3 0
4 8 0 1
20 8 1 0
22 9 1 0
2 10 1 0
52 11 4 0
56 12 1 0
4 13 0 1
56 12 1 0
4 13 0 1
54 12 2 0
69 13 1 0
4 14 0 1
53 13 4 0
43 14 1 0
4 15 0 1
4 14 0 1
42 14 1 0
41 15 2 0
82 16 1 0
81 17 1 0
78 18 2 0
79 19 1 0
76 20 1 0
4 21 0 1
31 19 2 0
4 20 0 1
4 20 0 1
87 16 1 0
43 17 1 0
4 18 0 1
4 14 0 1
51 12 1 0
16 13 3 0
4 14 0 1
18 14 9 0
17 15 1 0
49 16 2 0
48 17 2 0
50 18 1 0
82 19 1 0
81 20 1 0
78 21 2 0
80 22 1 0
59 23 1 0
37 24 1 0
4 25 0 1
31 22 4 0
4 23 0 1
4 23 0 1
4 23 0 1
4 23 0 1
88 18 1 0
86 19 1 0
87 20 1 0
43 21 1 0
4 22 0 1
4 17 0 1
17 15 1 0
49 16 2 0
48 17 2 0
50 18 1 0
82 19 1 0
81 20 1 0
79 21 1 0
76 22 1 0
4 23 0 1
88 18 1 0
86 19 3 0
87 20 1 0
43 21 1 0
4 22 0 1
4 20 0 1
89 20 1 0
34 21 1 0
13 22 1 0
27 23 1 0
28 24 1 0
26 25 1 0
44 26 1 0
33 27 1 0
7 28 1 0
32 29 1 0
68 30 1 0
70 31 1 0
5 32 1 0
57 33 1 0
83 34 1 0
84 35 1 0
64 36 1 0
65 37 1 0
66 38 1 0
85 39 5 0
4 40 0 1
24 40 1 0
43 41 1 0
4 42 0 1
4 40 0 1
8 40 1 0
34 41 1 0
13 42 1 0
27 43 1 0
28 44 1 0
26 45 1 0
44 46 1 0
33 47 1 0
7 48 1 0
32 49 1 0
68 50 1 0
70 51 1 0
5 52 1 0
57 53 1 0
83 54 1 0
84 55 1 0
64 56 1 0
35 57 3 0
6 58 1 0
43 59 1 0
4 60 0 1
4 58 0 1
43 58 1 0
4 59 0 1
4 40 0 1
4 17 0 1
17 15 1 0
3 16 1 0
71 17 1 0
74 18 1 0
36 19 2 0
72 20 1 0
55 21 6 0
77 22 1 0
62 23 3 0
43 24 1 0
4 25 0 1
4 24 0 1
62 24 1 0
43 25 1 0
4 26 0 1
4 22 0 1
43 22 1 0
4 23 0 1
4 22 0 1
8 22 1 0
34 23 1 0
13 24 1 0
27 25 1 0
28 26 1 0
26 27 1 0
44 28 1 0
33 29 1 0
7 30 1 0
32 31 1 0
68 32 1 0
70 33 1 0
5 34 1 0
57 35 1 0
83 36 1 0
84 37 1 0
64 38 1 0
65 39 1 0
66 40 1 0
47 41 1 0
4 42 0 1
4 22 0 1
4 20 0 1
17 15 1 0
3 16 1 0
71 17 1 0
74 18 1 0
36 19 2 0
72 20 1 0
12 21 3 0
46 22 1 0
35 23 1 0
43 24 1 0
4 25 0 1
14 22 1 0
4 23 0 1
34 22 1 0
13 23 1 0
27 24 1 0
28 25 1 0
26 26 1 0
44 27 1 0
33 28 1 0
7 29 1 0
32 30 1 0
68 31 1 0
70 32 1 0
5 33 1 0
57 34 1 0
83 35 1 0
84 36 1 0
64 37 1 0
65 38 1 0
10 39 1 0
11 40 3 0
4 41 0 1
67 41 1 0
59 42 1 0
37 43 1 0
4 44 0 1
30 41 2 0
29 42 3 0
4 43 0 1
34 43 1 0
13 44 1 0
27 45 1 0
28 46 1 0
26 47 1 0
44 48 1 0
33 49 1 0
7 50 1 0
32 51 1 0
68 52 1 0
70 53 1 0
5 54 1 0
57 55 1 0
83 56 1 0
84 57 1 0
64 58 1 0
65 59 1 0
66 60 1 0
47 61 1 0
4 62 0 1
4 43 0 1
29 42 3 0
4 43 0 1
34 43 1 0
13 44 1 0
27 45 1 0
28 46 1 0
26 47 1 0
44 48 1 0
33 49 1 0
7 50 1 0
32 51 1 0
68 52 1 0
70 53 1 0
5 54 1 0
57 55 1 0
83 56 1 0
84 57 1 0
64 58 1 0
65 59 1 0
66 60 1 0
47 61 1 0
4 62 0 1
4 43 0 1
4 20 0 1
17 15 1 0
3 16 1 0
71 17 1 0
39 18 1 0
15 19 9 0
4 20 0 1
4 20 0 1
38 20 1 0
48 21 2 0
50 22 1 0
82 23 1 0
80 24 1 0
59 25 1 0
45 26 1 0
4 27 0 1
88 22 1 0
86 23 3 0
87 24 1 0
43 25 1 0
4 26 0 1
4 24 0 1
89 24 1 0
34 25 1 0
13 26 1 0
27 27 1 0
28 28 1 0
26 29 1 0
44 30 1 0
33 31 1 0
7 32 1 0
32 33 1 0
68 34 1 0
70 35 1 0
5 36 1 0
57 37 1 0
83 38 1 0
84 39 1 0
64 40 1 0
65 41 1 0
66 42 1 0
47 43 1 0
4 44 0 1
4 20 0 1
34 20 1 0
13 21 1 0
27 22 1 0
28 23 1 0
26 24 1 0
44 25 1 0
33 26 1 0
7 27 1 0
32 28 1 0
68 29 3 0
68 30 1 0
70 31 1 0
5 32 1 0
57 33 1 0
83 34 1 0
84 35 1 0
64 36 1 0
35 37 1 0
43 38 1 0
4 39 0 1
4 30 0 1
70 30 1 0
5 31 1 0
57 32 1 0
83 33 1 0
84 34 1 0
64 35 1 0
65 36 1 0
66 37 1 0
47 38 1 0
4 39 0 1
4 20 0 1
40 20 1 0
73 21 1 0
72 22 1 0
63 23 2 0
64 24 1 0
35 25 1 0
43 26 1 0
4 27 0 1
4 24 0 1
4 20 0 1
3 20 1 0
71 21 1 0
74 22 1 0
16 23 3 0
4 24 0 1
18 24 1 0
17 25 1 0
3 26 1 0
71 27 1 0
39 28 1 0
15 29 9 0
4 30 0 1
4 30 0 1
38 30 1 0
48 31 2 0
50 32 1 0
82 33 1 0
80 34 1 0
59 35 1 0
45 36 1 0
4 37 0 1
88 32 1 0
86 33 3 0
87 34 1 0
43 35 1 0
4 36 0 1
4 34 0 1
89 34 1 0
34 35 1 0
13 36 1 0
27 37 1 0
28 38 1 0
26 39 1 0
44 40 1 0
33 41 1 0
7 42 1 0
32 43 1 0
68 44 1 0
70 45 1 0
5 46 1 0
57 47 1 0
83 48 1 0
84 49 1 0
64 50 1 0
65 51 1 0
66 52 1 0
47 53 1 0
4 54 0 1
4 30 0 1
34 30 1 0
13 31 1 0
27 32 1 0
28 33 1 0
26 34 1 0
44 35 1 0
33 36 1 0
7 37 1 0
32 38 1 0
68 39 3 0
68 40 1 0
70 41 1 0
5 42 1 0
57 43 1 0
83 44 1 0
84 45 1 0
64 46 1 0
35 47 1 0
43 48 1 0
4 49 0 1
4 40 0 1
70 40 1 0
5 41 1 0
57 42 1 0
83 43 1 0
84 44 1 0
64 45 1 0
65 46 1 0
66 47 1 0
47 48 1 0
4 49 0 1
4 30 0 1
40 30 1 0
73 31 1 0
72 32 1 0
63 33 2 0
64 34 1 0
35 35 1 0
43 36 1 0
4 37 0 1
4 34 0 1
4 30 0 1
3 30 1 0
71 31 1 0
74 32 1 0
16 33 3 0
4 34 0 1
18 34 1 0
17 35 1 0
3 36 1 0
71 37 1 0
74 38 1 0
36 39 2 0
72 40 1 0
12 41 3 0
46 42 1 0
9 43 4 0
66 44 4 0
35 45 1 0
43 46 1 0
4 47 0 1
4 45 0 1
34 45 1 0
13 46 1 0
27 47 1 0
28 48 1 0
26 49 1 0
44 50 1 0
33 51 1 0
7 52 1 0
32 53 1 0
68 54 1 0
70 55 1 0
5 56 1 0
57 57 1 0
83 58 1 0
84 59 1 0
64 60 1 0
35 61 1 0
43 62 1 0
4 63 0 1
4 45 0 1
4 44 0 1
34 44 1 0
13 45 1 0
27 46 1 0
28 47 1 0
26 48 1 0
44 49 1 0
33 50 1 0
7 51 1 0
32 52 1 0
68 53 1 0
70 54 1 0
5 55 1 0
57 56 1 0
83 57 1 0
84 58 1 0
64 59 1 0
35 60 1 0
43 61 1 0
4 62 0 1
4 44 0 1
14 42 1 0
4 43 0 1
34 42 1 0
13 43 1 0
27 44 1 0
28 45 1 0
26 46 1 0
44 47 1 0
33 48 1 0
7 49 1 0
32 50 1 0
68 51 1 0
70 52 1 0
5 53 1 0
57 54 1 0
83 55 1 0
84 56 1 0
64 57 1 0
65 58 1 0
66 59 5 0
77 60 1 0
62 61 1 0
43 62 1 0
4 63 0 1
4 60 0 1
43 60 1 0
4 61 0 1
4 60 0 1
4 60 0 1
4 40 0 1
4 34 0 1
4 24 0 1
17 15 1 0
49 16 2 0
48 17 2 0
50 18 1 0
82 19 1 0
80 20 1 0
59 21 1 0
37 22 1 0
4 23 0 1
88 18 1 0
86 19 1 0
87 20 1 0
43 21 1 0
4 22 0 1
4 17 0 1
17 15 1 0
3 16 1 0
71 17 1 0
74 18 1 0
36 19 2 0
72 20 1 0
12 21 3 0
46 22 1 0
35 23 1 0
43 24 1 0
4 25 0 1
14 22 1 0
4 23 0 1
34 22 1 0
13 23 1 0
27 24 1 0
28 25 1 0
26 26 1 0
44 27 1 0
33 28 1 0
7 29 1 0
32 30 1 0
68 31 1 0
70 32 1 0
5 33 1 0
57 34 1 0
83 35 1 0
84 36 1 0
64 37 1 0
65 38 1 0
66 39 1 0
47 40 1 0
4 41 0 1
4 20 0 1
17 15 1 0
3 16 1 0
71 17 1 0
39 18 1 0
15 19 9 0
4 20 0 1
4 20 0 1
38 20 1 0
48 21 2 0
50 22 1 0
82 23 1 0
80 24 1 0
59 25 1 0
45 26 1 0
4 27 0 1
88 22 1 0
86 23 3 0
87 24 1 0
43 25 1 0
4 26 0 1
4 24 0 1
89 24 1 0
34 25 1 0
13 26 1 0
27 27 1 0
28 28 1 0
26 29 1 0
44 30 1 0
33 31 1 0
7 32 1 0
32 33 1 0
68 34 1 0
70 35 1 0
5 36 1 0
57 37 1 0
83 38 1 0
84 39 1 0
64 40 1 0
65 41 1 0
66 42 1 0
47 43 1 0
4 44 0 1
4 20 0 1
34 20 1 0
13 21 1 0
27 22 1 0
28 23 1 0
26 24 1 0
44 25 1 0
33 26 1 0
7 27 1 0
32 28 1 0
68 29 3 0
68 30 1 0
70 31 1 0
5 32 1 0
57 33 1 0
83 34 1 0
84 35 1 0
64 36 1 0
35 37 1 0
43 38 1 0
4 39 0 1
4 30 0 1
70 30 1 0
5 31 1 0
57 32 1 0
83 33 1 0
84 34 1 0
64 35 1 0
35 36 3 0
6 37 1 0
43 38 1 0
4 39 0 1
4 37 0 1
43 37 1 0
4 38 0 1
4 20 0 1
40 20 1 0
73 21 1 0
72 22 1 0
12 23 3 0
46 24 1 0
35 25 1 0
43 26 1 0
4 27 0 1
14 24 1 0
4 25 0 1
34 24 1 0
13 25 1 0
27 26 1 0
28 27 1 0
26 28 1 0
44 29 1 0
33 30 1 0
7 31 1 0
32 32 1 0
68 33 1 0
70 34 1 0
5 35 3 0
5 36 1 0
57 37 1 0
83 38 1 0
84 39 1 0
64 40 1 0
35 41 1 0
43 42 1 0
4 43 0 1
4 36 0 1
57 36 1 0
83 37 1 0
84 38 1 0
64 39 1 0
65 40 1 0
66 41 1 0
47 42 1 0
4 43 0 1
4 20 0 1
3 20 1 0
71 21 1 0
74 22 1 0
16 23 3 0
4 24 0 1
18 24 1 0
17 25 1 0
3 26 1 0
71 27 1 0
74 28 1 0
36 29 2 0
72 30 1 0
12 31 3 0
46 32 1 0
35 33 1 0
43 34 1 0
4 35 0 1
14 32 1 0
4 33 0 1
34 32 1 0
13 33 1 0
27 34 1 0
28 35 1 0
26 36 1 0
44 37 1 0
33 38 1 0
7 39 1 0
32 40 1 0
68 41 1 0
70 42 1 0
5 43 1 0
57 44 1 0
83 45 1 0
84 46 1 0
64 47 1 0
65 48 1 0
66 49 5 0
35 50 1 0
43 51 1 0
4 52 0 1
4 50 0 1
34 50 1 0
13 51 1 0
27 52 1 0
28 53 1 0
26 54 1 0
44 55 1 0
33 56 1 0
7 57 1 0
32 58 1 0
68 59 1 0
70 60 1 0
5 61 1 0
57 62 1 0
83 63 1 0
84 64 1 0
64 65 1 0
35 66 1 0
43 67 1 0
4 68 0 1
4 50 0 1
61 50 3 0
4 51 0 1
34 51 1 0
13 52 1 0
27 53 1 0
28 54 1 0
26 55 1 0
44 56 1 0
33 57 1 0
7 58 1 0
32 59 1 0
68 60 1 0
70 61 1 0
5 62 1 0
57 63 1 0
83 64 1 0
84 65 1 0
64 66 1 0
35 67 1 0
43 68 1 0
4 69 0 1
4 51 0 1
4 30 0 1
4 24 0 1
17 15 1 0
3 16 1 0
71 17 1 0
74 18 1 0
36 19 2 0
72 20 1 0
55 21 6 0
77 22 1 0
62 23 3 0
43 24 1 0
4 25 0 1
4 24 0 1
62 24 1 0
43 25 1 0
4 26 0 1
4 22 0 1
43 22 1 0
4 23 0 1
4 22 0 1
8 22 1 0
34 23 1 0
13 24 1 0
27 25 1 0
28 26 1 0
26 27 1 0
44 28 1 0
33 29 1 0
7 30 1 0
32 31 1 0
68 32 1 0
70 33 1 0
5 34 3 0
5 35 1 0
57 36 1 0
83 37 1 0
84 38 1 0
64 39 1 0
65 40 1 0
66 41 1 0
47 42 1 0
4 43 0 1
4 35 0 1
57 35 1 0
83 36 1 0
84 37 1 0
64 38 1 0
35 39 1 0
43 40 1 0
4 41 0 1
4 22 0 1
4 20 0 1
4 14 0 1
4 8 0 1
