1 0 1 0
25 1 1 0
62 2 1 0
80 3 1 0
0 4 1 0
21 5 1 0
60 6 4 0
23 7 1 0
4 8 0 1
4 7 0 1
81 7 1 0
4 8 0 1
19 7 5 0
4 8 0 1
20 8 1 0
22 9 1 0
2 10 1 0
53 11 4 0
57 12 1 0
4 13 0 1
57 12 1 0
4 13 0 1
55 12 2 0
72 13 1 0
4 14 0 1
54 13 4 0
43 14 1 0
4 15 0 1
4 14 0 1
42 14 3 0
41 15 2 0
87 16 1 0
86 17 1 0
83 18 2 0
85 19 1 0
61 20 1 0
37 21 1 0
4 22 0 1
31 19 4 0
4 20 0 1
4 20 0 1
4 20 0 1
4 20 0 1
93 16 1 0
43 17 1 0
4 18 0 1
4 15 0 1
41 15 2 0
87 16 1 0
85 17 1 0
61 18 1 0
46 19 1 0
4 20 0 1
93 16 1 0
43 17 1 0
4 18 0 1
4 14 0 1
52 12 1 0
16 13 3 0
4 14 0 1
18 14 2 0
17 15 1 0
50 16 2 0
49 17 2 0
51 18 1 0
87 19 1 0
86 20 1 0
84 21 1 0
81 22 1 0
4 23 0 1
94 18 1 0
92 19 3 0
93 20 1 0
43 21 1 0
4 22 0 1
4 20 0 1
95 20 1 0
34 21 1 0
13 22 1 0
27 23 1 0
28 24 1 0
26 25 1 0
45 26 1 0
33 27 1 0
7 28 1 0
32 29 1 0
71 30 1 0
74 31 1 0
5 32 1 0
59 33 1 0
88 34 1 0
89 35 1 0
66 36 1 0
68 37 1 0
69 38 1 0
90 39 5 0
4 40 0 1
24 40 1 0
43 41 1 0
4 42 0 1
4 40 0 1
8 40 1 0
34 41 1 0
13 42 1 0
27 43 1 0
28 44 1 0
26 45 1 0
45 46 1 0
33 47 1 0
7 48 1 0
32 49 1 0
71 50 1 0
74 51 1 0
5 52 1 0
59 53 1 0
88 54 1 0
89 55 1 0
66 56 1 0
35 57 3 0
6 58 1 0
43 59 1 0
4 60 0 1
4 58 0 1
43 58 1 0
4 59 0 1
4 40 0 1
4 17 0 1
17 15 1 0
3 16 1 0
75 17 1 0
39 18 1 0
15 19 9 0
4 20 0 1
4 20 0 1
38 20 1 0
49 21 2 0
51 22 1 0
87 23 1 0
85 24 1 0
61 25 1 0
46 26 1 0
4 27 0 1
94 22 1 0
92 23 3 0
93 24 1 0
43 25 1 0
4 26 0 1
4 24 0 1
95 24 1 0
34 25 1 0
13 26 1 0
27 27 1 0
28 28 1 0
26 29 1 0
45 30 1 0
33 31 1 0
7 32 1 0
32 33 1 0
71 34 1 0
74 35 1 0
5 36 1 0
59 37 1 0
88 38 1 0
89 39 1 0
66 40 1 0
68 41 1 0
69 42 1 0
48 43 1 0
4 44 0 1
4 20 0 1
34 20 1 0
13 21 1 0
27 22 1 0
28 23 1 0
26 24 1 0
45 25 1 0
33 26 1 0
7 27 1 0
32 28 1 0
71 29 3 0
71 30 1 0
74 31 1 0
5 32 1 0
59 33 1 0
88 34 1 0
89 35 1 0
66 36 1 0
35 37 1 0
43 38 1 0
4 39 0 1
4 30 0 1
74 30 1 0
5 31 1 0
59 32 1 0
88 33 1 0
89 34 1 0
66 35 1 0
35 36 1 0
43 37 1 0
4 38 0 1
4 20 0 1
40 20 1 0
77 21 1 0
76 22 1 0
65 23 2 0
66 24 1 0
35 25 1 0
43 26 1 0
4 27 0 1
4 24 0 1
4 20 0 1
3 20 1 0
75 21 1 0
79 22 1 0
16 23 3 0
4 24 0 1
18 24 1 0
17 25 1 0
3 26 1 0
75 27 1 0
39 28 1 0
15 29 9 0
4 30 0 1
4 30 0 1
38 30 1 0
49 31 2 0
51 32 1 0
87 33 1 0
85 34 1 0
61 35 1 0
46 36 1 0
4 37 0 1
94 32 1 0
92 33 3 0
93 34 1 0
43 35 1 0
4 36 0 1
4 34 0 1
95 34 1 0
34 35 1 0
13 36 1 0
27 37 1 0
28 38 1 0
26 39 1 0
45 40 1 0
33 41 1 0
7 42 1 0
32 43 1 0
71 44 1 0
74 45 1 0
5 46 1 0
59 47 1 0
88 48 1 0
89 49 1 0
66 50 1 0
68 51 1 0
69 52 1 0
48 53 1 0
4 54 0 1
4 30 0 1
34 30 1 0
13 31 1 0
27 32 1 0
28 33 1 0
26 34 1 0
45 35 1 0
33 36 1 0
7 37 1 0
32 38 1 0
71 39 3 0
71 40 1 0
74 41 1 0
5 42 1 0
59 43 1 0
88 44 1 0
89 45 1 0
66 46 1 0
35 47 1 0
43 48 1 0
4 49 0 1
4 40 0 1
74 40 1 0
5 41 1 0
59 42 1 0
88 43 1 0
89 44 1 0
66 45 1 0
35 46 1 0
43 47 1 0
4 48 0 1
4 30 0 1
40 30 1 0
77 31 1 0
76 32 1 0
65 33 2 0
66 34 1 0
35 35 1 0
43 36 1 0
4 37 0 1
4 34 0 1
4 30 0 1
3 30 1 0
75 31 1 0
79 32 1 0
16 33 3 0
4 34 0 1
18 34 1 0
17 35 1 0
3 36 1 0
75 37 1 0
79 38 1 0
36 39 2 0
76 40 1 0
12 41 3 0
47 42 1 0
9 43 4 0
69 44 4 0
35 45 1 0
43 46 1 0
4 47 0 1
4 45 0 1
34 45 1 0
13 46 1 0
27 47 1 0
28 48 1 0
26 49 1 0
45 50 1 0
33 51 1 0
7 52 1 0
32 53 1 0
71 54 1 0
74 55 1 0
5 56 1 0
59 57 1 0
88 58 1 0
89 59 1 0
66 60 1 0
35 61 1 0
43 62 1 0
4 63 0 1
4 45 0 1
4 44 0 1
34 44 1 0
13 45 1 0
27 46 1 0
28 47 1 0
26 48 1 0
45 49 1 0
33 50 1 0
7 51 1 0
32 52 1 0
71 53 1 0
74 54 1 0
5 55 1 0
59 56 1 0
88 57 1 0
89 58 1 0
66 59 1 0
35 60 1 0
43 61 1 0
4 62 0 1
4 44 0 1
14 42 1 0
4 43 0 1
34 42 1 0
13 43 1 0
27 44 1 0
28 45 1 0
26 46 1 0
45 47 1 0
33 48 1 0
7 49 1 0
32 50 1 0
71 51 1 0
74 52 1 0
5 53 1 0
59 54 1 0
88 55 1 0
89 56 1 0
66 57 1 0
68 58 1 0
69 59 5 0
82 60 1 0
64 61 1 0
43 62 1 0
4 63 0 1
4 60 0 1
43 60 1 0
4 61 0 1
4 60 0 1
4 60 0 1
4 40 0 1
4 34 0 1
4 24 0 1
4 14 0 1
20 8 1 0
22 9 1 0
2 10 1 0
53 11 4 0
57 12 1 0
4 13 0 1
57 12 1 0
4 13 0 1
55 12 2 0
72 13 1 0
87 14 1 0
85 15 1 0
61 16 1 0
37 17 1 0
4 18 0 1
54 13 4 0
43 14 1 0
4 15 0 1
4 14 0 1
42 14 3 0
41 15 2 0
87 16 1 0
86 17 1 0
83 18 2 0
85 19 1 0
61 20 1 0
37 21 1 0
4 22 0 1
31 19 4 0
4 20 0 1
4 20 0 1
4 20 0 1
4 20 0 1
93 16 1 0
43 17 1 0
4 18 0 1
4 15 0 1
41 15 2 0
87 16 1 0
85 17 1 0
61 18 1 0
46 19 1 0
4 20 0 1
93 16 1 0
43 17 1 0
4 18 0 1
4 14 0 1
52 12 1 0
16 13 3 0
4 14 0 1
18 14 1 0
17 15 1 0
3 16 1 0
75 17 1 0
44 18 7 0
4 19 0 1
4 19 0 1
34 19 1 0
13 20 1 0
27 21 1 0
28 22 1 0
26 23 1 0
45 24 1 0
33 25 1 0
7 26 1 0
32 27 1 0
71 28 3 0
71 29 1 0
74 30 1 0
5 31 1 0
59 32 1 0
88 33 1 0
89 34 1 0
66 35 1 0
35 36 1 0
43 37 1 0
4 38 0 1
4 29 0 1
74 29 1 0
5 30 1 0
59 31 1 0
88 32 1 0
89 33 1 0
66 34 1 0
68 35 1 0
69 36 1 0
48 37 1 0
4 38 0 1
4 19 0 1
78 19 1 0
79 20 1 0
16 21 3 0
4 22 0 1
18 22 1 0
17 23 1 0
3 24 1 0
75 25 1 0
79 26 1 0
73 27 3 0
4 28 0 1
34 28 1 0
13 29 1 0
27 30 1 0
28 31 1 0
26 32 1 0
45 33 1 0
33 34 1 0
7 35 1 0
32 36 1 0
71 37 1 0
74 38 1 0
5 39 3 0
5 40 1 0
59 41 1 0
88 42 1 0
89 43 1 0
66 44 1 0
68 45 1 0
69 46 5 0
35 47 1 0
43 48 1 0
4 49 0 1
4 47 0 1
34 47 1 0
13 48 1 0
27 49 1 0
28 50 1 0
26 51 1 0
45 52 1 0
33 53 1 0
7 54 1 0
32 55 1 0
71 56 1 0
74 57 1 0
5 58 1 0
59 59 1 0
88 60 1 0
89 61 1 0
66 62 1 0
35 63 1 0
43 64 1 0
4 65 0 1
4 47 0 1
63 47 3 0
4 48 0 1
34 48 1 0
13 49 1 0
27 50 1 0
28 51 1 0
26 52 1 0
45 53 1 0
33 54 1 0
7 55 1 0
32 56 1 0
71 57 1 0
74 58 1 0
5 59 1 0
59 60 1 0
88 61 1 0
89 62 1 0
66 63 1 0
35 64 1 0
43 65 1 0
4 66 0 1
4 48 0 1
4 40 0 1
59 40 1 0
88 41 1 0
89 42 1 0
66 43 1 0
68 44 1 0
69 45 4 0
58 46 1 0
91 47 1 0
4 48 0 1
4 46 0 1
8 46 3 0
34 47 1 0
13 48 1 0
27 49 1 0
28 50 1 0
26 51 1 0
45 52 1 0
33 53 1 0
7 54 1 0
32 55 1 0
71 56 1 0
74 57 1 0
5 58 1 0
59 59 1 0
88 60 1 0
89 61 1 0
66 62 1 0
35 63 1 0
43 64 1 0
4 65 0 1
4 47 0 1
34 47 1 0
13 48 1 0
27 49 1 0
28 50 1 0
26 51 1 0
45 52 1 0
33 53 1 0
7 54 1 0
32 55 1 0
71 56 1 0
74 57 1 0
5 58 1 0
59 59 1 0
88 60 1 0
67 61 2 0
4 62 0 1
88 62 1 0
89 63 1 0
66 64 1 0
35 65 1 0
43 66 1 0
4 67 0 1
4 46 0 1
4 28 0 1
4 22 0 1
4 19 0 1
3 19 1 0
75 20 1 0
79 21 1 0
73 22 3 0
4 23 0 1
34 23 1 0
13 24 1 0
27 25 1 0
28 26 1 0
26 27 1 0
45 28 1 0
33 29 1 0
7 30 1 0
32 31 1 0
71 32 1 0
74 33 1 0
5 34 1 0
59 35 1 0
88 36 1 0
89 37 1 0
66 38 1 0
68 39 1 0
69 40 1 0
48 41 1 0
4 42 0 1
4 23 0 1
4 14 0 1
20 8 1 0
22 9 1 0
2 10 1 0
53 11 4 0
57 12 1 0
4 13 0 1
57 12 1 0
4 13 0 1
55 12 2 0
72 13 1 0
4 14 0 1
54 13 4 0
43 14 1 0
4 15 0 1
4 14 0 1
42 14 1 0
41 15 2 0
87 16 1 0
86 17 1 0
83 18 2 0
84 19 1 0
81 20 1 0
4 21 0 1
31 19 2 0
4 20 0 1
4 20 0 1
93 16 1 0
43 17 1 0
4 18 0 1
4 14 0 1
52 12 1 0
16 13 3 0
4 14 0 1
18 14 5 0
17 15 1 0
50 16 2 0
49 17 2 0
51 18 1 0
87 19 1 0
85 20 1 0
61 21 1 0
46 22 1 0
4 23 0 1
94 18 1 0
92 19 3 0
93 20 1 0
43 21 1 0
4 22 0 1
4 20 0 1
95 20 1 0
34 21 1 0
13 22 1 0
27 23 1 0
28 24 1 0
26 25 1 0
45 26 1 0
33 27 1 0
7 28 1 0
32 29 1 0
71 30 1 0
74 31 1 0
5 32 1 0
59 33 1 0
88 34 1 0
89 35 1 0
66 36 1 0
68 37 1 0
69 38 1 0
48 39 1 0
4 40 0 1
4 17 0 1
17 15 1 0
3 16 1 0
75 17 1 0
79 18 1 0
36 19 2 0
76 20 1 0
56 21 6 0
82 22 1 0
64 23 3 0
43 24 1 0
4 25 0 1
4 24 0 1
64 24 1 0
43 25 1 0
4 26 0 1
4 22 0 1
43 22 1 0
4 23 0 1
4 22 0 1
8 22 1 0
34 23 1 0
13 24 1 0
27 25 1 0
28 26 1 0
26 27 1 0
45 28 1 0
33 29 1 0
7 30 1 0
32 31 1 0
71 32 1 0
74 33 1 0
5 34 1 0
59 35 1 0
88 36 1 0
89 37 1 0
66 38 1 0
68 39 1 0
69 40 1 0
48 41 1 0
4 42 0 1
4 22 0 1
4 20 0 1
17 15 1 0
50 16 2 0
49 17 2 0
51 18 1 0
87 19 1 0
86 20 1 0
83 21 2 0
85 22 1 0
61 23 1 0
37 24 1 0
4 25 0 1
31 22 4 0
4 23 0 1
4 23 0 1
4 23 0 1
4 23 0 1
94 18 1 0
92 19 3 0
93 20 1 0
43 21 1 0
4 22 0 1
4 20 0 1
95 20 1 0
34 21 1 0
13 22 1 0
27 23 1 0
28 24 1 0
26 25 1 0
45 26 1 0
33 27 1 0
7 28 1 0
32 29 1 0
71 30 1 0
74 31 1 0
5 32 1 0
59 33 1 0
88 34 1 0
89 35 1 0
66 36 1 0
68 37 1 0
10 38 1 0
11 39 3 0
4 40 0 1
70 40 1 0
61 41 1 0
37 42 1 0
4 43 0 1
30 40 2 0
29 41 3 0
4 42 0 1
34 42 1 0
13 43 1 0
27 44 1 0
28 45 1 0
26 46 1 0
45 47 1 0
33 48 1 0
7 49 1 0
32 50 1 0
71 51 1 0
74 52 1 0
5 53 1 0
59 54 1 0
88 55 1 0
89 56 1 0
66 57 1 0
35 58 1 0
43 59 1 0
4 60 0 1
4 42 0 1
29 41 3 0
4 42 0 1
34 42 1 0
13 43 1 0
27 44 1 0
28 45 1 0
26 46 1 0
45 47 1 0
33 48 1 0
7 49 1 0
32 50 1 0
71 51 1 0
74 52 1 0
5 53 1 0
59 54 1 0
88 55 1 0
89 56 1 0
66 57 1 0
35 58 1 0
43 59 1 0
4 60 0 1
4 42 0 1
4 17 0 1
17 15 1 0
3 16 1 0
75 17 1 0
79 18 1 0
36 19 2 0
76 20 1 0
56 21 4 0
58 22 1 0
91 23 1 0
4 24 0 1
4 22 0 1
8 22 3 0
34 23 1 0
13 24 1 0
27 25 1 0
28 26 1 0
26 27 1 0
45 28 1 0
33 29 1 0
7 30 1 0
32 31 1 0
71 32 1 0
74 33 1 0
5 34 1 0
59 35 1 0
88 36 1 0
89 37 1 0
66 38 1 0
35 39 1 0
43 40 1 0
4 41 0 1
4 23 0 1
34 23 1 0
13 24 1 0
27 25 1 0
28 26 1 0
26 27 1 0
45 28 1 0
33 29 1 0
7 30 1 0
32 31 1 0
71 32 1 0
74 33 1 0
5 34 1 0
59 35 1 0
88 36 1 0
89 37 1 0
66 38 1 0
35 39 1 0
43 40 1 0
4 41 0 1
4 22 0 1
4 20 0 1
17 15 1 0
3 16 1 0
75 17 1 0
79 18 1 0
36 19 2 0
76 20 1 0
56 21 6 0
82 22 1 0
64 23 3 0
43 24 1 0
4 25 0 1
4 24 0 1
64 24 1 0
43 25 1 0
4 26 0 1
4 22 0 1
43 22 1 0
4 23 0 1
4 22 0 1
8 22 1 0
34 23 1 0
13 24 1 0
27 25 1 0
28 26 1 0
26 27 1 0
45 28 1 0
33 29 1 0
7 30 1 0
32 31 1 0
71 32 1 0
74 33 1 0
5 34 3 0
5 35 1 0
59 36 1 0
88 37 1 0
89 38 1 0
66 39 1 0
68 40 1 0
69 41 1 0
48 42 1 0
4 43 0 1
4 35 0 1
59 35 1 0
88 36 1 0
89 37 1 0
66 38 1 0
68 39 1 0
69 40 4 0
58 41 1 0
91 42 1 0
4 43 0 1
4 41 0 1
8 41 3 0
34 42 1 0
13 43 1 0
27 44 1 0
28 45 1 0
26 46 1 0
45 47 1 0
33 48 1 0
7 49 1 0
32 50 1 0
71 51 1 0
74 52 1 0
5 53 1 0
59 54 1 0
88 55 1 0
89 56 1 0
66 57 1 0
35 58 1 0
43 59 1 0
4 60 0 1
4 42 0 1
34 42 1 0
13 43 1 0
27 44 1 0
28 45 1 0
26 46 1 0
45 47 1 0
33 48 1 0
7 49 1 0
32 50 1 0
71 51 1 0
74 52 1 0
5 53 1 0
59 54 1 0
88 55 1 0
67 56 2 0
4 57 0 1
88 57 1 0
89 58 1 0
66 59 1 0
35 60 1 0
43 61 1 0
4 62 0 1
4 41 0 1
4 22 0 1
4 20 0 1
4 14 0 1
4 8 0 1
