1 0 1 0
24 1 1 0
56 2 1 0
70 3 1 0
0 4 1 0
20 5 1 0
54 6 4 0
22 7 1 0
4 8 0 1
4 7 0 1
71 7 1 0
4 8 0 1
18 7 3 0
4 8 0 1
19 8 1 0
21 9 1 0
2 10 1 0
48 11 4 0
52 12 1 0
4 13 0 1
52 12 1 0
4 13 0 1
50 12 2 0
65 13 1 0
4 14 0 1
49 13 4 0
39 14 1 0
4 15 0 1
4 14 0 1
38 14 1 0
37 15 2 0
77 16 1 0
76 17 1 0
73 18 2 0
74 19 1 0
71 20 1 0
4 21 0 1
30 19 2 0
4 20 0 1
4 20 0 1
82 16 1 0
39 17 1 0
4 18 0 1
4 14 0 1
47 12 1 0
15 13 3 0
4 14 0 1
17 14 9 0
16 15 1 0
45 16 2 0
44 17 2 0
46 18 1 0
77 19 1 0
76 20 1 0
74 21 1 0
71 22 1 0
4 23 0 1
83 18 1 0
81 19 3 0
82 20 1 0
39 21 1 0
4 22 0 1
4 20 0 1
84 20 1 0
33 21 1 0
13 22 1 0
26 23 1 0
27 24 1 0
25 25 1 0
40 26 1 0
32 27 1 0
7 28 1 0
31 29 1 0
64 30 1 0
66 31 1 0
5 32 1 0
53 33 1 0
78 34 1 0
79 35 1 0
60 36 1 0
61 37 1 0
62 38 1 0
80 39 5 0
4 40 0 1
23 40 1 0
39 41 1 0
4 42 0 1
4 40 0 1
8 40 1 0
33 41 1 0
13 42 1 0
26 43 1 0
27 44 1 0
25 45 1 0
40 46 1 0
32 47 1 0
7 48 1 0
31 49 1 0
64 50 1 0
66 51 1 0
5 52 1 0
53 53 1 0
78 54 1 0
79 55 1 0
60 56 1 0
34 57 3 0
6 58 1 0
39 59 1 0
4 60 0 1
4 58 0 1
39 58 1 0
4 59 0 1
4 40 0 1
4 17 0 1
16 15 1 0
45 16 2 0
44 17 2 0
46 18 1 0
77 19 1 0
76 20 1 0
73 21 2 0
75 22 1 0
55 23 1 0
36 24 1 0
4 25 0 1
30 22 4 0
4 23 0 1
4 23 0 1
4 23 0 1
4 23 0 1
83 18 1 0
81 19 3 0
82 20 1 0
39 21 1 0
4 22 0 1
4 20 0 1
84 20 1 0
33 21 1 0
13 22 1 0
26 23 1 0
27 24 1 0
25 25 1 0
40 26 1 0
32 27 1 0
7 28 1 0
31 29 1 0
64 30 1 0
66 31 1 0
5 32 1 0
53 33 1 0
78 34 1 0
79 35 1 0
60 36 1 0
61 37 1 0
10 38 1 0
11 39 3 0
4 40 0 1
63 40 1 0
55 41 1 0
36 42 1 0
4 43 0 1
29 40 2 0
28 41 3 0
4 42 0 1
33 42 1 0
13 43 1 0
26 44 1 0
27 45 1 0
25 46 1 0
40 47 1 0
32 48 1 0
7 49 1 0
31 50 1 0
64 51 1 0
66 52 1 0
5 53 1 0
53 54 1 0
78 55 1 0
79 56 1 0
60 57 1 0
61 58 1 0
62 59 1 0
43 60 1 0
4 61 0 1
4 42 0 1
28 41 3 0
4 42 0 1
33 42 1 0
13 43 1 0
26 44 1 0
27 45 1 0
25 46 1 0
40 47 1 0
32 48 1 0
7 49 1 0
31 50 1 0
64 51 1 0
66 52 1 0
5 53 1 0
53 54 1 0
78 55 1 0
79 56 1 0
60 57 1 0
61 58 1 0
62 59 1 0
43 60 1 0
4 61 0 1
4 42 0 1
4 17 0 1
16 15 1 0
45 16 2 0
44 17 2 0
46 18 1 0
77 19 1 0
75 20 1 0
55 21 1 0
41 22 1 0
4 23 0 1
83 18 1 0
81 19 3 0
82 20 1 0
39 21 1 0
4 22 0 1
4 20 0 1
84 20 1 0
33 21 1 0
13 22 1 0
26 23 1 0
27 24 1 0
25 25 1 0
40 26 1 0
32 27 1 0
7 28 1 0
31 29 1 0
64 30 1 0
66 31 1 0
5 32 1 0
53 33 1 0
78 34 1 0
79 35 1 0
60 36 1 0
61 37 1 0
62 38 1 0
43 39 1 0
4 40 0 1
4 17 0 1
16 15 1 0
45 16 2 0
44 17 2 0
46 18 1 0
77 19 1 0
75 20 1 0
55 21 1 0
36 22 1 0
4 23 0 1
83 18 1 0
81 19 3 0
82 20 1 0
39 21 1 0
4 22 0 1
4 20 0 1
84 20 1 0
33 21 1 0
13 22 1 0
26 23 1 0
27 24 1 0
25 25 1 0
40 26 1 0
32 27 1 0
7 28 1 0
31 29 1 0
64 30 1 0
66 31 1 0
5 32 1 0
53 33 1 0
78 34 1 0
79 35 1 0
60 36 1 0
61 37 1 0
62 38 1 0
43 39 1 0
4 40 0 1
4 17 0 1
16 15 1 0
3 16 1 0
67 17 1 0
69 18 1 0
35 19 2 0
68 20 1 0
51 21 6 0
72 22 1 0
58 23 3 0
39 24 1 0
4 25 0 1
4 24 0 1
58 24 1 0
39 25 1 0
4 26 0 1
4 22 0 1
39 22 1 0
4 23 0 1
4 22 0 1
8 22 1 0
33 23 1 0
13 24 1 0
26 25 1 0
27 26 1 0
25 27 1 0
40 28 1 0
32 29 1 0
7 30 1 0
31 31 1 0
64 32 1 0
66 33 1 0
5 34 1 0
53 35 1 0
78 36 1 0
79 37 1 0
60 38 1 0
61 39 1 0
62 40 1 0
43 41 1 0
4 42 0 1
4 22 0 1
4 20 0 1
16 15 1 0
3 16 1 0
67 17 1 0
85 18 5 0
4 19 0 1
4 19 0 1
33 19 1 0
13 20 1 0
26 21 1 0
27 22 1 0
25 23 1 0
40 24 1 0
32 25 1 0
7 26 1 0
31 27 1 0
64 28 3 0
64 29 1 0
66 30 1 0
5 31 1 0
53 32 1 0
78 33 1 0
79 34 1 0
60 35 1 0
34 36 1 0
39 37 1 0
4 38 0 1
4 29 0 1
66 29 1 0
5 30 1 0
53 31 1 0
78 32 1 0
79 33 1 0
60 34 1 0
61 35 1 0
62 36 1 0
43 37 1 0
4 38 0 1
4 19 0 1
3 19 1 0
67 20 1 0
69 21 1 0
15 22 3 0
4 23 0 1
17 23 3 0
16 24 1 0
45 25 2 0
44 26 2 0
46 27 1 0
77 28 1 0
75 29 1 0
55 30 1 0
41 31 1 0
4 32 0 1
83 27 1 0
81 28 3 0
82 29 1 0
39 30 1 0
4 31 0 1
4 29 0 1
84 29 1 0
33 30 1 0
13 31 1 0
26 32 1 0
27 33 1 0
25 34 1 0
40 35 1 0
32 36 1 0
7 37 1 0
31 38 1 0
64 39 1 0
66 40 1 0
5 41 1 0
53 42 1 0
78 43 1 0
79 44 1 0
60 45 1 0
61 46 1 0
62 47 1 0
43 48 1 0
4 49 0 1
4 26 0 1
16 24 1 0
3 25 1 0
67 26 1 0
85 27 5 0
4 28 0 1
4 28 0 1
33 28 1 0
13 29 1 0
26 30 1 0
27 31 1 0
25 32 1 0
40 33 1 0
32 34 1 0
7 35 1 0
31 36 1 0
64 37 3 0
64 38 1 0
66 39 1 0
5 40 1 0
53 41 1 0
78 42 1 0
79 43 1 0
60 44 1 0
34 45 1 0
39 46 1 0
4 47 0 1
4 38 0 1
66 38 1 0
5 39 1 0
53 40 1 0
78 41 1 0
79 42 1 0
60 43 1 0
61 44 1 0
62 45 1 0
43 46 1 0
4 47 0 1
4 28 0 1
3 28 1 0
67 29 1 0
69 30 1 0
15 31 3 0
4 32 0 1
17 32 2 0
16 33 1 0
3 34 1 0
67 35 1 0
69 36 1 0
35 37 2 0
68 38 1 0
12 39 3 0
42 40 1 0
9 41 4 0
62 42 4 0
34 43 1 0
39 44 1 0
4 45 0 1
4 43 0 1
33 43 1 0
13 44 1 0
26 45 1 0
27 46 1 0
25 47 1 0
40 48 1 0
32 49 1 0
7 50 1 0
31 51 1 0
64 52 1 0
66 53 1 0
5 54 1 0
53 55 1 0
78 56 1 0
79 57 1 0
60 58 1 0
34 59 1 0
39 60 1 0
4 61 0 1
4 43 0 1
4 42 0 1
33 42 1 0
13 43 1 0
26 44 1 0
27 45 1 0
25 46 1 0
40 47 1 0
32 48 1 0
7 49 1 0
31 50 1 0
64 51 1 0
66 52 1 0
5 53 1 0
53 54 1 0
78 55 1 0
79 56 1 0
60 57 1 0
34 58 1 0
39 59 1 0
4 60 0 1
4 42 0 1
14 40 1 0
4 41 0 1
33 40 1 0
13 41 1 0
26 42 1 0
27 43 1 0
25 44 1 0
40 45 1 0
32 46 1 0
7 47 1 0
31 48 1 0
64 49 1 0
66 50 1 0
5 51 1 0
53 52 1 0
78 53 1 0
79 54 1 0
60 55 1 0
61 56 1 0
62 57 5 0
72 58 1 0
58 59 1 0
39 60 1 0
4 61 0 1
4 58 0 1
39 58 1 0
4 59 0 1
4 58 0 1
4 58 0 1
4 38 0 1
16 33 1 0
3 34 1 0
67 35 1 0
69 36 1 0
35 37 2 0
68 38 1 0
59 39 2 0
60 40 1 0
34 41 1 0
39 42 1 0
4 43 0 1
4 40 0 1
4 38 0 1
4 32 0 1
16 24 1 0
3 25 1 0
67 26 1 0
69 27 1 0
35 28 2 0
68 29 1 0
59 30 2 0
60 31 1 0
34 32 1 0
39 33 1 0
4 34 0 1
4 31 0 1
4 29 0 1
4 23 0 1
16 15 1 0
3 16 1 0
67 17 1 0
69 18 1 0
35 19 2 0
68 20 1 0
12 21 3 0
42 22 1 0
34 23 1 0
39 24 1 0
4 25 0 1
14 22 1 0
4 23 0 1
33 22 1 0
13 23 1 0
26 24 1 0
27 25 1 0
25 26 1 0
40 27 1 0
32 28 1 0
7 29 1 0
31 30 1 0
64 31 1 0
66 32 1 0
5 33 1 0
53 34 1 0
78 35 1 0
79 36 1 0
60 37 1 0
61 38 1 0
62 39 1 0
43 40 1 0
4 41 0 1
4 20 0 1
16 15 1 0
3 16 1 0
67 17 1 0
85 18 5 0
4 19 0 1
4 19 0 1
33 19 1 0
13 20 1 0
26 21 1 0
27 22 1 0
25 23 1 0
40 24 1 0
32 25 1 0
7 26 1 0
31 27 1 0
64 28 3 0
64 29 1 0
66 30 1 0
5 31 1 0
53 32 1 0
78 33 1 0
79 34 1 0
60 35 1 0
34 36 1 0
39 37 1 0
4 38 0 1
4 29 0 1
66 29 1 0
5 30 1 0
53 31 1 0
78 32 1 0
79 33 1 0
60 34 1 0
34 35 3 0
6 36 1 0
39 37 1 0
4 38 0 1
4 36 0 1
39 36 1 0
4 37 0 1
4 19 0 1
3 19 1 0
67 20 1 0
69 21 1 0
15 22 3 0
4 23 0 1
17 23 2 0
16 24 1 0
3 25 1 0
67 26 1 0
69 27 1 0
35 28 2 0
68 29 1 0
12 30 3 0
42 31 1 0
34 32 1 0
39 33 1 0
4 34 0 1
14 31 1 0
4 32 0 1
33 31 1 0
13 32 1 0
26 33 1 0
27 34 1 0
25 35 1 0
40 36 1 0
32 37 1 0
7 38 1 0
31 39 1 0
64 40 1 0
66 41 1 0
5 42 1 0
53 43 1 0
78 44 1 0
79 45 1 0
60 46 1 0
61 47 1 0
62 48 5 0
34 49 1 0
39 50 1 0
4 51 0 1
4 49 0 1
33 49 1 0
13 50 1 0
26 51 1 0
27 52 1 0
25 53 1 0
40 54 1 0
32 55 1 0
7 56 1 0
31 57 1 0
64 58 1 0
66 59 1 0
5 60 1 0
53 61 1 0
78 62 1 0
79 63 1 0
60 64 1 0
34 65 1 0
39 66 1 0
4 67 0 1
4 49 0 1
57 49 3 0
4 50 0 1
33 50 1 0
13 51 1 0
26 52 1 0
27 53 1 0
25 54 1 0
40 55 1 0
32 56 1 0
7 57 1 0
31 58 1 0
64 59 1 0
66 60 1 0
5 61 1 0
53 62 1 0
78 63 1 0
79 64 1 0
60 65 1 0
34 66 1 0
39 67 1 0
4 68 0 1
4 50 0 1
4 29 0 1
16 24 1 0
3 25 1 0
67 26 1 0
69 27 1 0
35 28 2 0
68 29 1 0
59 30 2 0
60 31 1 0
34 32 1 0
39 33 1 0
4 34 0 1
4 31 0 1
4 29 0 1
4 23 0 1
16 15 1 0
3 16 1 0
67 17 1 0
69 18 1 0
35 19 2 0
68 20 1 0
51 21 6 0
72 22 1 0
58 23 3 0
39 24 1 0
4 25 0 1
4 24 0 1
58 24 1 0
39 25 1 0
4 26 0 1
4 22 0 1
39 22 1 0
4 23 0 1
4 22 0 1
8 22 1 0
33 23 1 0
13 24 1 0
26 25 1 0
27 26 1 0
25 27 1 0
40 28 1 0
32 29 1 0
7 30 1 0
31 31 1 0
64 32 1 0
66 33 1 0
5 34 3 0
5 35 1 0
53 36 1 0
78 37 1 0
79 38 1 0
60 39 1 0
61 40 1 0
62 41 1 0
43 42 1 0
4 43 0 1
4 35 0 1
53 35 1 0
78 36 1 0
79 37 1 0
60 38 1 0
34 39 1 0
39 40 1 0
4 41 0 1
4 22 0 1
4 20 0 1
4 14 0 1
4 8 0 1
