1 93 0 1 0
25 83 1 1 0
59 83 2 1 0
74 83 3 1 0
0 93 4 1 0
21 83 5 1 0
57 83 6 4 0
23 82 7 1 0
4 20 8 0 1
4 6 7 0 1
75 39 7 1 0
4 13 8 0 1
19 92 7 3 0
4 15 8 0 1
20 84 8 1 0
22 84 9 1 0
2 93 10 1 0
51 84 11 4 0
55 82 12 1 0
4 20 13 0 1
55 85 12 1 0
4 25 13 0 1
53 88 12 2 0
68 87 13 1 0
4 40 14 0 1
52 70 13 4 0
42 69 14 1 0
4 13 15 0 1
4 17 14 0 1
41 30 14 1 0
40 30 15 2 0
81 29 16 1 0
80 29 17 1 0
77 29 18 2 0
78 27 19 1 0
75 27 20 1 0
4 13 21 0 1
31 42 19 2 0
4 16 20 0 1
4 22 20 0 1
86 43 16 1 0
42 43 17 1 0
4 13 18 0 1
4 23 14 0 1
50 91 12 1 0
16 91 13 3 0
4 15 14 0 1
18 68 14 4 0
17 67 15 1 0
48 67 16 2 0
47 66 17 2 0
49 65 18 1 0
81 65 19 1 0
80 65 20 1 0
78 65 21 3 0
60 64 22 3 0
42 63 23 1 0
4 13 24 0 1
4 8 23 0 1
60 86 23 1 0
42 86 24 1 0
4 13 25 0 1
4 8 22 0 1
75 26 22 1 0
4 13 23 0 1
87 56 18 1 0
85 56 19 3 0
86 54 20 1 0
42 54 21 1 0
4 13 22 0 1
4 5 20 0 1
88 72 20 1 0
34 72 21 1 0
13 72 22 1 0
27 72 23 1 0
28 72 24 1 0
26 72 25 1 0
43 72 26 1 0
33 72 27 1 0
7 72 28 1 0
32 72 29 1 0
67 72 30 1 0
69 72 31 1 0
5 72 32 1 0
56 72 33 1 0
82 72 34 1 0
83 72 35 1 0
63 72 36 1 0
64 72 37 1 0
65 72 38 1 0
84 72 39 5 0
4 19 40 0 1
24 65 40 5 0
42 63 41 1 0
4 13 42 0 1
4 8 41 0 1
42 86 41 1 0
4 13 42 0 1
4 8 41 0 1
42 26 41 1 0
4 13 42 0 1
4 17 40 0 1
8 32 40 1 0
34 32 41 1 0
13 32 42 1 0
27 32 43 1 0
28 32 44 1 0
26 32 45 1 0
43 32 46 1 0
33 32 47 1 0
7 32 48 1 0
32 32 49 1 0
67 32 50 1 0
69 32 51 1 0
5 32 52 1 0
56 32 53 1 0
82 32 54 1 0
83 32 55 1 0
63 32 56 1 0
35 32 57 3 0
6 31 58 1 0
42 31 59 1 0
4 13 60 0 1
4 8 58 0 1
42 53 58 1 0
4 13 59 0 1
4 23 40 0 1
4 24 17 0 1
17 60 15 1 0
48 60 16 2 0
47 59 17 2 0
49 58 18 1 0
81 58 19 1 0
80 58 20 1 0
77 58 21 2 0
79 57 22 1 0
58 57 23 1 0
44 57 24 1 0
4 12 25 0 1
31 42 22 2 0
4 16 23 0 1
4 22 23 0 1
87 75 18 1 0
85 75 19 3 0
86 74 20 1 0
42 74 21 1 0
4 13 22 0 1
4 5 20 0 1
88 71 20 1 0
34 71 21 1 0
13 71 22 1 0
27 71 23 1 0
28 71 24 1 0
26 71 25 1 0
43 71 26 1 0
33 71 27 1 0
7 71 28 1 0
32 71 29 1 0
67 71 30 1 0
69 71 31 1 0
5 71 32 1 0
56 71 33 1 0
82 71 34 1 0
83 71 35 1 0
63 71 36 1 0
64 71 37 1 0
10 71 38 1 0
11 71 39 3 0
4 19 40 0 1
66 57 40 1 0
58 57 41 1 0
44 57 42 1 0
4 12 43 0 1
30 41 40 1 0
29 41 41 3 0
4 16 42 0 1
34 2 42 1 0
13 2 43 1 0
27 2 44 1 0
28 2 45 1 0
26 2 46 1 0
43 2 47 1 0
33 2 48 1 0
7 2 49 1 0
32 2 50 1 0
67 2 51 1 0
69 2 52 1 0
5 2 53 1 0
56 2 54 1 0
82 2 55 1 0
83 2 56 1 0
63 2 57 1 0
64 2 58 1 0
65 2 59 1 0
46 2 60 1 0
4 14 61 0 1
4 22 42 0 1
4 24 17 0 1
17 44 15 1 0
3 44 16 1 0
70 44 17 1 0
38 44 18 1 0
15 44 19 9 0
4 9 20 0 1
4 17 20 0 1
37 61 20 1 0
47 61 21 2 0
49 57 22 1 0
81 57 23 1 0
79 57 24 1 0
58 57 25 1 0
44 57 26 1 0
4 12 27 0 1
87 50 22 1 0
85 50 23 3 0
86 46 24 1 0
42 46 25 1 0
4 13 26 0 1
4 5 24 0 1
88 1 24 1 0
34 1 25 1 0
13 1 26 1 0
27 1 27 1 0
28 1 28 1 0
26 1 29 1 0
43 1 30 1 0
33 1 31 1 0
7 1 32 1 0
32 1 33 1 0
67 1 34 1 0
69 1 35 1 0
5 1 36 1 0
56 1 37 1 0
82 1 38 1 0
83 1 39 1 0
63 1 40 1 0
64 1 41 1 0
65 1 42 1 0
46 1 43 1 0
4 14 44 0 1
4 24 20 0 1
34 49 20 1 0
13 49 21 1 0
27 49 22 1 0
28 49 23 1 0
26 49 24 1 0
43 49 25 1 0
33 49 26 1 0
7 49 27 1 0
32 49 28 1 0
67 49 29 3 0
67 46 30 1 0
69 46 31 1 0
5 46 32 1 0
56 46 33 1 0
82 46 34 1 0
83 46 35 1 0
63 46 36 1 0
35 46 37 1 0
42 46 38 1 0
4 13 39 0 1
4 18 30 0 1
69 2 30 1 0
5 2 31 1 0
56 2 32 1 0
82 2 33 1 0
83 2 34 1 0
63 2 35 1 0
64 2 36 1 0
65 2 37 1 0
46 2 38 1 0
4 14 39 0 1
4 24 20 0 1
39 47 20 1 0
72 47 21 1 0
71 47 22 1 0
62 47 23 2 0
63 46 24 1 0
35 46 25 1 0
42 46 26 1 0
4 13 27 0 1
4 11 24 0 1
4 23 20 0 1
3 89 20 1 0
70 89 21 1 0
73 89 22 1 0
16 89 23 3 0
4 15 24 0 1
18 36 24 2 0
17 35 25 1 0
3 35 26 1 0
70 35 27 1 0
73 35 28 1 0
36 35 29 2 0
71 34 30 1 0
54 34 31 6 0
76 33 32 1 0
60 33 33 3 0
42 31 34 1 0
4 13 35 0 1
4 8 34 0 1
60 79 34 1 0
42 79 35 1 0
4 13 36 0 1
4 8 32 0 1
42 80 32 1 0
4 13 33 0 1
4 17 32 0 1
8 0 32 1 0
34 0 33 1 0
13 0 34 1 0
27 0 35 1 0
28 0 36 1 0
26 0 37 1 0
43 0 38 1 0
33 0 39 1 0
7 0 40 1 0
32 0 41 1 0
67 0 42 1 0
69 0 43 1 0
5 0 44 1 0
56 0 45 1 0
82 0 46 1 0
83 0 47 1 0
63 0 48 1 0
64 0 49 1 0
65 0 50 1 0
46 0 51 1 0
4 28 52 0 1
4 23 32 0 1
4 24 30 0 1
17 78 25 1 0
3 78 26 1 0
70 78 27 1 0
73 78 28 1 0
36 78 29 2 0
71 77 30 1 0
12 77 31 3 0
45 76 32 1 0
9 76 33 4 0
35 74 34 1 0
42 74 35 1 0
4 13 36 0 1
4 16 34 0 1
34 46 34 1 0
13 46 35 1 0
27 46 36 1 0
28 46 37 1 0
26 46 38 1 0
43 46 39 1 0
33 46 40 1 0
7 46 41 1 0
32 46 42 1 0
67 46 43 1 0
69 46 44 1 0
5 46 45 1 0
56 46 46 1 0
82 46 47 1 0
83 46 48 1 0
63 46 49 1 0
35 46 50 1 0
42 46 51 1 0
4 13 52 0 1
4 22 34 0 1
14 4 32 1 0
4 5 33 0 1
34 55 32 1 0
13 55 33 1 0
27 55 34 1 0
28 55 35 1 0
26 55 36 1 0
43 55 37 1 0
33 55 38 1 0
7 55 39 1 0
32 55 40 1 0
67 55 41 1 0
69 55 42 1 0
5 55 43 1 0
56 55 44 1 0
82 55 45 1 0
83 55 46 1 0
63 55 47 1 0
64 55 48 1 0
65 55 49 5 0
76 54 50 1 0
60 54 51 1 0
42 54 52 1 0
4 13 53 0 1
4 8 50 0 1
42 73 50 1 0
4 13 51 0 1
4 17 50 0 1
4 23 50 0 1
4 24 30 0 1
4 21 24 0 1
17 45 15 1 0
3 45 16 1 0
70 45 17 1 0
38 45 18 1 0
15 45 19 9 0
4 9 20 0 1
4 17 20 0 1
37 62 20 1 0
47 62 21 2 0
49 57 22 1 0
81 57 23 1 0
79 57 24 1 0
58 57 25 1 0
44 57 26 1 0
4 12 27 0 1
87 51 22 1 0
85 51 23 3 0
86 46 24 1 0
42 46 25 1 0
4 13 26 0 1
4 5 24 0 1
88 3 24 1 0
34 3 25 1 0
13 3 26 1 0
27 3 27 1 0
28 3 28 1 0
26 3 29 1 0
43 3 30 1 0
33 3 31 1 0
7 3 32 1 0
32 3 33 1 0
67 3 34 1 0
69 3 35 1 0
5 3 36 1 0
56 3 37 1 0
82 3 38 1 0
83 3 39 1 0
63 3 40 1 0
64 3 41 1 0
65 3 42 1 0
46 3 43 1 0
4 14 44 0 1
4 24 20 0 1
34 52 20 1 0
13 52 21 1 0
27 52 22 1 0
28 52 23 1 0
26 52 24 1 0
43 52 25 1 0
33 52 26 1 0
7 52 27 1 0
32 52 28 1 0
67 52 29 3 0
67 46 30 1 0
69 46 31 1 0
5 46 32 1 0
56 46 33 1 0
82 46 34 1 0
83 46 35 1 0
63 46 36 1 0
35 46 37 1 0
42 46 38 1 0
4 13 39 0 1
4 10 30 0 1
69 1 30 1 0
5 1 31 1 0
56 1 32 1 0
82 1 33 1 0
83 1 34 1 0
63 1 35 1 0
64 1 36 1 0
65 1 37 1 0
46 1 38 1 0
4 14 39 0 1
4 24 20 0 1
39 48 20 1 0
72 48 21 1 0
71 48 22 1 0
61 48 23 2 0
63 46 24 1 0
35 46 25 1 0
42 46 26 1 0
4 13 27 0 1
4 7 24 0 1
4 23 20 0 1
3 90 20 1 0
70 90 21 1 0
73 90 22 1 0
16 90 23 3 0
4 15 24 0 1
18 38 24 1 0
17 38 25 1 0
3 38 26 1 0
70 38 27 1 0
73 38 28 1 0
36 38 29 2 0
71 37 30 1 0
54 37 31 6 0
76 33 32 1 0
60 33 33 3 0
42 31 34 1 0
4 13 35 0 1
4 8 34 0 1
60 79 34 1 0
42 79 35 1 0
4 13 36 0 1
4 8 32 0 1
42 81 32 1 0
4 13 33 0 1
4 17 32 0 1
8 76 32 1 0
34 76 33 1 0
13 76 34 1 0
27 76 35 1 0
28 76 36 1 0
26 76 37 1 0
43 76 38 1 0
33 76 39 1 0
7 76 40 1 0
32 76 41 1 0
67 76 42 1 0
69 76 43 1 0
5 76 44 1 0
56 76 45 1 0
82 76 46 1 0
83 76 47 1 0
63 76 48 1 0
64 76 49 1 0
65 76 50 4 0
35 74 51 1 0
42 74 52 1 0
4 13 53 0 1
4 16 51 0 1
34 46 51 1 0
13 46 52 1 0
27 46 53 1 0
28 46 54 1 0
26 46 55 1 0
43 46 56 1 0
33 46 57 1 0
7 46 58 1 0
32 46 59 1 0
67 46 60 1 0
69 46 61 1 0
5 46 62 1 0
56 46 63 1 0
82 46 64 1 0
83 46 65 1 0
63 46 66 1 0
35 46 67 1 0
42 46 68 1 0
4 13 69 0 1
4 22 51 0 1
4 23 32 0 1
4 24 30 0 1
4 21 24 0 1
4 21 14 0 1
4 21 8 0 1
