1 0 1 0
25 1 1 0
62 2 1 0
79 3 1 0
0 4 1 0
21 5 1 0
60 6 4 0
23 7 1 0
4 8 0 1
4 7 0 1
80 7 1 0
4 8 0 1
19 7 4 0
4 8 0 1
20 8 1 0
22 9 1 0
2 10 1 0
53 11 4 0
57 12 1 0
4 13 0 1
57 12 1 0
4 13 0 1
55 12 2 0
71 13 1 0
4 14 0 1
54 13 4 0
43 14 1 0
4 15 0 1
4 14 0 1
42 14 1 0
41 15 2 0
86 16 1 0
85 17 1 0
82 18 2 0
83 19 1 0
80 20 1 0
4 21 0 1
31 19 2 0
4 20 0 1
4 20 0 1
92 16 1 0
43 17 1 0
4 18 0 1
4 14 0 1
52 12 1 0
16 13 3 0
4 14 0 1
18 14 5 0
17 15 1 0
50 16 2 0
49 17 2 0
51 18 1 0
86 19 1 0
85 20 1 0
83 21 1 0
80 22 1 0
4 23 0 1
93 18 1 0
91 19 3 0
92 20 1 0
43 21 1 0
4 22 0 1
4 20 0 1
94 20 1 0
34 21 1 0
13 22 1 0
27 23 1 0
28 24 1 0
26 25 1 0
45 26 1 0
33 27 1 0
7 28 1 0
32 29 1 0
70 30 1 0
73 31 1 0
5 32 1 0
59 33 1 0
87 34 1 0
88 35 1 0
66 36 1 0
67 37 1 0
68 38 1 0
89 39 5 0
4 40 0 1
24 40 1 0
43 41 1 0
4 42 0 1
4 40 0 1
8 40 1 0
34 41 1 0
13 42 1 0
27 43 1 0
28 44 1 0
26 45 1 0
45 46 1 0
33 47 1 0
7 48 1 0
32 49 1 0
70 50 1 0
73 51 1 0
5 52 1 0
59 53 1 0
87 54 1 0
88 55 1 0
66 56 1 0
35 57 3 0
6 58 1 0
43 59 1 0
4 60 0 1
4 58 0 1
43 58 1 0
4 59 0 1
4 40 0 1
4 17 0 1
17 15 1 0
50 16 2 0
49 17 2 0
51 18 1 0
86 19 1 0
84 20 1 0
61 21 1 0
37 22 1 0
4 23 0 1
93 18 1 0
91 19 3 0
92 20 2 0
43 21 1 0
4 22 0 1
31 21 4 0
4 22 0 1
4 22 0 1
4 22 0 1
4 22 0 1
4 20 0 1
94 20 1 0
34 21 1 0
13 22 1 0
27 23 1 0
28 24 1 0
26 25 1 0
45 26 1 0
33 27 1 0
7 28 1 0
32 29 1 0
70 30 1 0
73 31 1 0
5 32 1 0
59 33 1 0
87 34 1 0
88 35 1 0
66 36 1 0
67 37 1 0
10 38 1 0
11 39 3 0
4 40 0 1
69 40 1 0
61 41 1 0
37 42 1 0
4 43 0 1
30 40 2 0
29 41 3 0
4 42 0 1
34 42 1 0
13 43 1 0
27 44 1 0
28 45 1 0
26 46 1 0
45 47 1 0
33 48 1 0
7 49 1 0
32 50 1 0
70 51 1 0
73 52 1 0
5 53 1 0
59 54 1 0
87 55 1 0
88 56 1 0
66 57 1 0
67 58 1 0
68 59 1 0
48 60 1 0
4 61 0 1
4 42 0 1
29 41 3 0
4 42 0 1
34 42 1 0
13 43 1 0
27 44 1 0
28 45 1 0
26 46 1 0
45 47 1 0
33 48 1 0
7 49 1 0
32 50 1 0
70 51 1 0
73 52 1 0
5 53 1 0
59 54 1 0
87 55 1 0
88 56 1 0
66 57 1 0
67 58 1 0
68 59 1 0
48 60 1 0
4 61 0 1
4 42 0 1
4 17 0 1
17 15 1 0
3 16 1 0
74 17 1 0
39 18 1 0
15 19 9 0
4 20 0 1
4 20 0 1
38 20 1 0
49 21 2 0
51 22 1 0
86 23 1 0
84 24 1 0
61 25 1 0
46 26 1 0
4 27 0 1
93 22 1 0
91 23 3 0
92 24 1 0
43 25 1 0
4 26 0 1
4 24 0 1
94 24 1 0
34 25 1 0
13 26 1 0
27 27 1 0
28 28 1 0
26 29 1 0
45 30 1 0
33 31 1 0
7 32 1 0
32 33 1 0
70 34 1 0
73 35 1 0
5 36 1 0
59 37 1 0
87 38 1 0
88 39 1 0
66 40 1 0
67 41 1 0
68 42 1 0
48 43 1 0
4 44 0 1
4 20 0 1
34 20 1 0
13 21 1 0
27 22 1 0
28 23 1 0
26 24 1 0
45 25 1 0
33 26 1 0
7 27 1 0
32 28 1 0
70 29 3 0
70 30 1 0
73 31 1 0
5 32 1 0
59 33 1 0
87 34 1 0
88 35 1 0
66 36 1 0
35 37 1 0
43 38 1 0
4 39 0 1
4 30 0 1
73 30 1 0
5 31 1 0
59 32 1 0
87 33 1 0
88 34 1 0
66 35 1 0
67 36 1 0
68 37 1 0
48 38 1 0
4 39 0 1
4 20 0 1
40 20 1 0
76 21 1 0
75 22 1 0
65 23 2 0
66 24 1 0
35 25 1 0
43 26 1 0
4 27 0 1
4 24 0 1
4 20 0 1
3 20 1 0
74 21 1 0
78 22 1 0
16 23 3 0
4 24 0 1
18 24 1 0
17 25 1 0
3 26 1 0
74 27 1 0
39 28 1 0
15 29 9 0
4 30 0 1
4 30 0 1
38 30 1 0
49 31 2 0
51 32 1 0
86 33 1 0
84 34 1 0
61 35 1 0
46 36 1 0
4 37 0 1
93 32 1 0
91 33 3 0
92 34 1 0
43 35 1 0
4 36 0 1
4 34 0 1
94 34 1 0
34 35 1 0
13 36 1 0
27 37 1 0
28 38 1 0
26 39 1 0
45 40 1 0
33 41 1 0
7 42 1 0
32 43 1 0
70 44 1 0
73 45 1 0
5 46 1 0
59 47 1 0
87 48 1 0
88 49 1 0
66 50 1 0
67 51 1 0
68 52 1 0
48 53 1 0
4 54 0 1
4 30 0 1
34 30 1 0
13 31 1 0
27 32 1 0
28 33 1 0
26 34 1 0
45 35 1 0
33 36 1 0
7 37 1 0
32 38 1 0
70 39 3 0
70 40 1 0
73 41 1 0
5 42 1 0
59 43 1 0
87 44 1 0
88 45 1 0
66 46 1 0
35 47 1 0
43 48 1 0
4 49 0 1
4 40 0 1
73 40 1 0
5 41 1 0
59 42 1 0
87 43 1 0
88 44 1 0
66 45 1 0
67 46 1 0
68 47 1 0
48 48 1 0
4 49 0 1
4 30 0 1
40 30 1 0
76 31 1 0
75 32 1 0
65 33 2 0
66 34 1 0
35 35 1 0
43 36 1 0
4 37 0 1
4 34 0 1
4 30 0 1
3 30 1 0
74 31 1 0
78 32 1 0
16 33 3 0
4 34 0 1
18 34 1 0
17 35 1 0
3 36 1 0
74 37 1 0
78 38 1 0
36 39 2 0
75 40 1 0
12 41 3 0
47 42 1 0
9 43 4 0
68 44 4 0
35 45 1 0
43 46 1 0
4 47 0 1
4 45 0 1
34 45 1 0
13 46 1 0
27 47 1 0
28 48 1 0
26 49 1 0
45 50 1 0
33 51 1 0
7 52 1 0
32 53 1 0
70 54 1 0
73 55 1 0
5 56 1 0
59 57 1 0
87 58 1 0
88 59 1 0
66 60 1 0
35 61 1 0
43 62 1 0
4 63 0 1
4 45 0 1
4 44 0 1
34 44 1 0
13 45 1 0
27 46 1 0
28 47 1 0
26 48 1 0
45 49 1 0
33 50 1 0
7 51 1 0
32 52 1 0
70 53 1 0
73 54 1 0
5 55 1 0
59 56 1 0
87 57 1 0
88 58 1 0
66 59 1 0
35 60 1 0
43 61 1 0
4 62 0 1
4 44 0 1
14 42 1 0
4 43 0 1
34 42 1 0
13 43 1 0
27 44 1 0
28 45 1 0
26 46 1 0
45 47 1 0
33 48 1 0
7 49 1 0
32 50 1 0
70 51 1 0
73 52 1 0
5 53 1 0
59 54 1 0
87 55 1 0
88 56 1 0
66 57 1 0
67 58 1 0
68 59 5 0
81 60 1 0
64 61 1 0
43 62 1 0
4 63 0 1
4 60 0 1
43 60 1 0
4 61 0 1
4 60 0 1
4 60 0 1
4 40 0 1
4 34 0 1
4 24 0 1
17 15 1 0
3 16 1 0
74 17 1 0
39 18 1 0
15 19 9 0
4 20 0 1
4 20 0 1
38 20 1 0
49 21 2 0
51 22 1 0
86 23 1 0
84 24 1 0
61 25 1 0
46 26 1 0
4 27 0 1
93 22 1 0
91 23 3 0
92 24 1 0
43 25 1 0
4 26 0 1
4 24 0 1
94 24 1 0
34 25 1 0
13 26 1 0
27 27 1 0
28 28 1 0
26 29 1 0
45 30 1 0
33 31 1 0
7 32 1 0
32 33 1 0
70 34 1 0
73 35 1 0
5 36 1 0
59 37 1 0
87 38 1 0
88 39 1 0
66 40 1 0
67 41 1 0
68 42 1 0
48 43 1 0
4 44 0 1
4 20 0 1
34 20 1 0
13 21 1 0
27 22 1 0
28 23 1 0
26 24 1 0
45 25 1 0
33 26 1 0
7 27 1 0
32 28 1 0
70 29 3 0
70 30 1 0
73 31 1 0
5 32 1 0
59 33 1 0
87 34 1 0
88 35 1 0
66 36 1 0
35 37 1 0
43 38 1 0
4 39 0 1
4 30 0 1
73 30 1 0
5 31 1 0
59 32 1 0
87 33 1 0
88 34 1 0
66 35 1 0
67 36 1 0
68 37 1 0
48 38 1 0
4 39 0 1
4 20 0 1
40 20 1 0
76 21 1 0
75 22 1 0
65 23 2 0
66 24 1 0
35 25 1 0
43 26 1 0
4 27 0 1
4 24 0 1
4 20 0 1
3 20 1 0
74 21 1 0
78 22 1 0
16 23 3 0
4 24 0 1
18 24 2 0
17 25 1 0
3 26 1 0
74 27 1 0
39 28 1 0
15 29 9 0
4 30 0 1
4 30 0 1
38 30 1 0
49 31 2 0
51 32 1 0
86 33 1 0
84 34 1 0
61 35 1 0
46 36 1 0
4 37 0 1
93 32 1 0
91 33 3 0
92 34 1 0
43 35 1 0
4 36 0 1
4 34 0 1
94 34 1 0
34 35 1 0
13 36 1 0
27 37 1 0
28 38 1 0
26 39 1 0
45 40 1 0
33 41 1 0
7 42 1 0
32 43 1 0
70 44 1 0
73 45 1 0
5 46 1 0
59 47 1 0
87 48 1 0
88 49 1 0
66 50 1 0
67 51 1 0
68 52 1 0
48 53 1 0
4 54 0 1
4 30 0 1
34 30 1 0
13 31 1 0
27 32 1 0
28 33 1 0
26 34 1 0
45 35 1 0
33 36 1 0
7 37 1 0
32 38 1 0
70 39 3 0
70 40 1 0
73 41 1 0
5 42 1 0
59 43 1 0
87 44 1 0
88 45 1 0
66 46 1 0
35 47 1 0
43 48 1 0
4 49 0 1
4 40 0 1
73 40 1 0
5 41 1 0
59 42 1 0
87 43 1 0
88 44 1 0
66 45 1 0
67 46 1 0
68 47 1 0
48 48 1 0
4 49 0 1
4 30 0 1
40 30 1 0
76 31 1 0
75 32 1 0
65 33 2 0
66 34 1 0
35 35 1 0
43 36 1 0
4 37 0 1
4 34 0 1
4 30 0 1
3 30 1 0
74 31 1 0
78 32 1 0
16 33 3 0
4 34 0 1
18 34 2 0
17 35 1 0
3 36 1 0
74 37 1 0
44 38 7 0
4 39 0 1
4 39 0 1
34 39 1 0
13 40 1 0
27 41 1 0
28 42 1 0
26 43 1 0
45 44 1 0
33 45 1 0
7 46 1 0
32 47 3 0
32 48 1 0
70 49 1 0
73 50 1 0
5 51 1 0
59 52 3 0
59 53 1 0
87 54 1 0
88 55 1 0
66 56 1 0
67 57 1 0
68 58 5 0
35 59 1 0
43 60 1 0
4 61 0 1
4 59 0 1
34 59 1 0
13 60 1 0
27 61 1 0
28 62 1 0
26 63 1 0
45 64 1 0
33 65 1 0
7 66 1 0
32 67 1 0
70 68 1 0
73 69 1 0
5 70 1 0
59 71 1 0
87 72 1 0
88 73 1 0
66 74 1 0
35 75 1 0
43 76 1 0
4 77 0 1
4 59 0 1
63 59 3 0
4 60 0 1
34 60 1 0
13 61 1 0
27 62 1 0
28 63 1 0
26 64 1 0
45 65 1 0
33 66 1 0
7 67 1 0
32 68 1 0
70 69 1 0
73 70 1 0
5 71 1 0
59 72 1 0
87 73 1 0
88 74 1 0
66 75 1 0
35 76 1 0
43 77 1 0
4 78 0 1
4 60 0 1
4 53 0 1
87 53 1 0
88 54 1 0
66 55 1 0
67 56 1 0
68 57 1 0
48 58 1 0
4 59 0 1
4 48 0 1
70 48 1 0
73 49 1 0
5 50 1 0
59 51 1 0
87 52 1 0
88 53 1 0
66 54 1 0
67 55 1 0
68 56 1 0
48 57 1 0
4 58 0 1
4 39 0 1
77 39 1 0
78 40 1 0
16 41 3 0
4 42 0 1
18 42 3 0
17 43 1 0
50 44 2 0
49 45 2 0
51 46 1 0
86 47 1 0
85 48 1 0
83 49 1 0
80 50 1 0
4 51 0 1
93 46 1 0
91 47 3 0
92 48 1 0
43 49 1 0
4 50 0 1
4 48 0 1
94 48 1 0
34 49 1 0
13 50 1 0
27 51 1 0
28 52 1 0
26 53 1 0
45 54 1 0
33 55 1 0
7 56 1 0
32 57 1 0
70 58 1 0
73 59 1 0
5 60 1 0
59 61 1 0
87 62 1 0
88 63 1 0
66 64 1 0
67 65 1 0
68 66 1 0
89 67 5 0
4 68 0 1
24 68 1 0
43 69 1 0
4 70 0 1
4 68 0 1
8 68 1 0
34 69 1 0
13 70 1 0
27 71 1 0
28 72 1 0
26 73 1 0
45 74 1 0
33 75 1 0
7 76 1 0
32 77 1 0
70 78 1 0
73 79 1 0
5 80 1 0
59 81 1 0
87 82 1 0
88 83 1 0
66 84 1 0
67 85 1 0
68 86 1 0
48 87 1 0
4 88 0 1
4 68 0 1
4 45 0 1
17 43 1 0
50 44 2 0
49 45 2 0
51 46 1 0
86 47 1 0
85 48 1 0
83 49 1 0
80 50 1 0
4 51 0 1
93 46 1 0
91 47 3 0
92 48 1 0
43 49 1 0
4 50 0 1
4 48 0 1
94 48 1 0
34 49 1 0
13 50 1 0
27 51 1 0
28 52 1 0
26 53 1 0
45 54 1 0
33 55 1 0
7 56 1 0
32 57 1 0
70 58 1 0
73 59 1 0
5 60 1 0
59 61 1 0
87 62 1 0
88 63 1 0
66 64 1 0
67 65 1 0
68 66 6 0
81 67 1 0
64 68 1 0
43 69 1 0
4 70 0 1
4 67 0 1
43 67 1 0
4 68 0 1
4 67 0 1
8 67 1 0
34 68 1 0
13 69 1 0
27 70 1 0
28 71 1 0
26 72 1 0
45 73 1 0
33 74 1 0
7 75 1 0
32 76 1 0
70 77 1 0
73 78 1 0
5 79 1 0
59 80 1 0
87 81 1 0
88 82 1 0
66 83 1 0
67 84 1 0
68 85 5 0
35 86 1 0
43 87 1 0
4 88 0 1
4 86 0 1
34 86 1 0
13 87 1 0
27 88 1 0
28 89 1 0
26 90 1 0
45 91 1 0
33 92 1 0
7 93 1 0
32 94 1 0
70 95 1 0
73 96 1 0
5 97 1 0
59 98 1 0
87 99 1 0
88 100 1 0
66 101 1 0
35 102 1 0
43 103 1 0
4 104 0 1
4 86 0 1
63 86 3 0
4 87 0 1
34 87 1 0
13 88 1 0
27 89 1 0
28 90 1 0
26 91 1 0
45 92 1 0
33 93 1 0
7 94 1 0
32 95 1 0
70 96 1 0
73 97 1 0
5 98 1 0
59 99 1 0
87 100 1 0
88 101 1 0
66 102 1 0
35 103 1 0
43 104 1 0
4 105 0 1
4 87 0 1
4 67 0 1
4 45 0 1
17 43 1 0
3 44 1 0
74 45 1 0
78 46 1 0
36 47 2 0
75 48 1 0
56 49 6 0
81 50 1 0
64 51 3 0
43 52 1 0
4 53 0 1
4 52 0 1
64 52 1 0
43 53 1 0
4 54 0 1
4 50 0 1
43 50 1 0
4 51 0 1
4 50 0 1
8 50 1 0
34 51 1 0
13 52 1 0
27 53 1 0
28 54 1 0
26 55 1 0
45 56 1 0
33 57 1 0
7 58 1 0
32 59 1 0
70 60 1 0
73 61 1 0
5 62 1 0
59 63 1 0
87 64 1 0
88 65 1 0
66 66 1 0
35 67 1 0
43 68 1 0
4 69 0 1
4 50 0 1
4 48 0 1
4 42 0 1
4 39 0 1
3 39 1 0
74 40 1 0
78 41 1 0
16 42 3 0
4 43 0 1
18 43 1 0
17 44 1 0
3 45 1 0
74 46 1 0
78 47 1 0
36 48 2 0
75 49 1 0
56 50 6 0
81 51 1 0
64 52 3 0
43 53 1 0
4 54 0 1
4 53 0 1
64 53 1 0
43 54 1 0
4 55 0 1
4 51 0 1
43 51 1 0
4 52 0 1
4 51 0 1
8 51 1 0
34 52 1 0
13 53 1 0
27 54 1 0
28 55 1 0
26 56 1 0
45 57 1 0
33 58 1 0
7 59 1 0
32 60 1 0
70 61 1 0
73 62 1 0
5 63 1 0
59 64 1 0
87 65 1 0
88 66 1 0
66 67 1 0
67 68 1 0
68 69 5 0
35 70 1 0
43 71 1 0
4 72 0 1
4 70 0 1
34 70 1 0
13 71 1 0
27 72 1 0
28 73 1 0
26 74 1 0
45 75 1 0
33 76 1 0
7 77 1 0
32 78 1 0
70 79 1 0
73 80 1 0
5 81 1 0
59 82 1 0
87 83 1 0
88 84 1 0
66 85 1 0
35 86 1 0
43 87 1 0
4 88 0 1
4 70 0 1
63 70 3 0
4 71 0 1
34 71 1 0
13 72 1 0
27 73 1 0
28 74 1 0
26 75 1 0
45 76 1 0
33 77 1 0
7 78 1 0
32 79 1 0
70 80 1 0
73 81 1 0
5 82 1 0
59 83 1 0
87 84 1 0
88 85 1 0
66 86 1 0
35 87 1 0
43 88 1 0
4 89 0 1
4 71 0 1
4 51 0 1
4 49 0 1
4 43 0 1
17 35 1 0
3 36 1 0
74 37 1 0
78 38 1 0
36 39 2 0
75 40 1 0
56 41 6 0
81 42 1 0
64 43 3 0
43 44 1 0
4 45 0 1
4 44 0 1
64 44 1 0
43 45 1 0
4 46 0 1
4 42 0 1
43 42 1 0
4 43 0 1
4 42 0 1
8 42 1 0
34 43 1 0
13 44 1 0
27 45 1 0
28 46 1 0
26 47 1 0
45 48 1 0
33 49 1 0
7 50 1 0
32 51 1 0
70 52 1 0
73 53 1 0
5 54 1 0
59 55 1 0
87 56 1 0
88 57 1 0
66 58 1 0
67 59 1 0
68 60 1 0
48 61 1 0
4 62 0 1
4 42 0 1
4 40 0 1
4 34 0 1
17 25 1 0
3 26 1 0
74 27 1 0
78 28 1 0
36 29 2 0
75 30 1 0
56 31 6 0
81 32 1 0
64 33 3 0
43 34 1 0
4 35 0 1
4 34 0 1
64 34 1 0
43 35 1 0
4 36 0 1
4 32 0 1
43 32 1 0
4 33 0 1
4 32 0 1
8 32 1 0
34 33 1 0
13 34 1 0
27 35 1 0
28 36 1 0
26 37 1 0
45 38 1 0
33 39 1 0
7 40 1 0
32 41 1 0
70 42 1 0
73 43 1 0
5 44 1 0
59 45 1 0
87 46 1 0
88 47 1 0
66 48 1 0
67 49 1 0
68 50 1 0
48 51 1 0
4 52 0 1
4 32 0 1
4 30 0 1
4 24 0 1
17 15 1 0
3 16 1 0
74 17 1 0
78 18 1 0
36 19 2 0
75 20 1 0
56 21 6 0
81 22 1 0
64 23 3 0
43 24 1 0
4 25 0 1
4 24 0 1
64 24 1 0
43 25 1 0
4 26 0 1
4 22 0 1
43 22 1 0
4 23 0 1
4 22 0 1
8 22 1 0
34 23 1 0
13 24 1 0
27 25 1 0
28 26 1 0
26 27 1 0
45 28 1 0
33 29 1 0
7 30 1 0
32 31 1 0
70 32 1 0
73 33 1 0
5 34 3 0
5 35 1 0
59 36 1 0
87 37 1 0
88 38 1 0
66 39 1 0
67 40 1 0
68 41 1 0
48 42 1 0
4 43 0 1
4 35 0 1
59 35 1 0
87 36 1 0
88 37 1 0
66 38 1 0
67 39 1 0
68 40 4 0
58 41 1 0
90 42 1 0
4 43 0 1
4 41 0 1
8 41 1 0
34 42 1 0
13 43 1 0
27 44 1 0
28 45 1 0
26 46 1 0
45 47 1 0
33 48 1 0
7 49 1 0
32 50 1 0
70 51 1 0
73 52 1 0
5 53 1 0
59 54 1 0
87 55 1 0
88 56 1 0
66 57 1 0
35 58 1 0
43 59 1 0
4 60 0 1
4 41 0 1
4 22 0 1
4 20 0 1
4 14 0 1
20 8 1 0
22 9 1 0
2 10 1 0
53 11 4 0
57 12 1 0
4 13 0 1
57 12 1 0
4 13 0 1
55 12 2 0
71 13 1 0
86 14 1 0
84 15 1 0
61 16 1 0
37 17 1 0
4 18 0 1
54 13 4 0
43 14 1 0
4 15 0 1
4 14 0 1
42 14 1 0
41 15 2 0
86 16 1 0
85 17 1 0
82 18 2 0
84 19 1 0
61 20 1 0
37 21 1 0
4 22 0 1
31 19 4 0
4 20 0 1
4 20 0 1
4 20 0 1
4 20 0 1
92 16 1 0
43 17 1 0
4 18 0 1
4 14 0 1
52 12 1 0
16 13 3 0
4 14 0 1
18 14 3 0
17 15 1 0
50 16 2 0
49 17 2 0
51 18 1 0
86 19 1 0
84 20 1 0
61 21 1 0
37 22 1 0
4 23 0 1
93 18 1 0
91 19 3 0
92 20 1 0
43 21 1 0
4 22 0 1
4 20 0 1
94 20 1 0
34 21 1 0
13 22 1 0
27 23 1 0
28 24 1 0
26 25 1 0
45 26 1 0
33 27 1 0
7 28 1 0
32 29 1 0
70 30 1 0
73 31 1 0
5 32 1 0
59 33 1 0
87 34 1 0
88 35 1 0
66 36 1 0
67 37 1 0
68 38 1 0
48 39 1 0
4 40 0 1
4 17 0 1
17 15 1 0
3 16 1 0
74 17 1 0
39 18 1 0
15 19 9 0
4 20 0 1
4 20 0 1
38 20 1 0
49 21 2 0
51 22 1 0
86 23 1 0
84 24 1 0
61 25 1 0
46 26 1 0
4 27 0 1
93 22 1 0
91 23 3 0
92 24 1 0
43 25 1 0
4 26 0 1
4 24 0 1
94 24 1 0
34 25 1 0
13 26 1 0
27 27 1 0
28 28 1 0
26 29 1 0
45 30 1 0
33 31 1 0
7 32 1 0
32 33 1 0
70 34 1 0
73 35 1 0
5 36 1 0
59 37 1 0
87 38 1 0
88 39 1 0
66 40 1 0
67 41 1 0
68 42 1 0
48 43 1 0
4 44 0 1
4 20 0 1
34 20 1 0
13 21 1 0
27 22 1 0
28 23 1 0
26 24 1 0
45 25 1 0
33 26 1 0
7 27 1 0
32 28 1 0
70 29 3 0
70 30 1 0
73 31 1 0
5 32 1 0
59 33 1 0
87 34 1 0
88 35 1 0
66 36 1 0
35 37 1 0
43 38 1 0
4 39 0 1
4 30 0 1
73 30 1 0
5 31 1 0
59 32 1 0
87 33 1 0
88 34 1 0
66 35 1 0
35 36 3 0
6 37 1 0
43 38 1 0
4 39 0 1
4 37 0 1
43 37 1 0
4 38 0 1
4 20 0 1
40 20 1 0
76 21 1 0
75 22 1 0
65 23 2 0
66 24 1 0
35 25 1 0
43 26 1 0
4 27 0 1
4 24 0 1
4 20 0 1
3 20 1 0
74 21 1 0
78 22 1 0
16 23 3 0
4 24 0 1
18 24 1 0
17 25 1 0
3 26 1 0
74 27 1 0
78 28 1 0
36 29 2 0
75 30 1 0
12 31 3 0
47 32 1 0
35 33 1 0
43 34 1 0
4 35 0 1
14 32 1 0
4 33 0 1
34 32 1 0
13 33 1 0
27 34 1 0
28 35 1 0
26 36 1 0
45 37 1 0
33 38 1 0
7 39 1 0
32 40 1 0
70 41 1 0
73 42 1 0
5 43 1 0
59 44 1 0
87 45 1 0
88 46 1 0
66 47 1 0
67 48 1 0
68 49 5 0
35 50 1 0
43 51 1 0
4 52 0 1
4 50 0 1
34 50 1 0
13 51 1 0
27 52 1 0
28 53 1 0
26 54 1 0
45 55 1 0
33 56 1 0
7 57 1 0
32 58 1 0
70 59 1 0
73 60 1 0
5 61 1 0
59 62 1 0
87 63 1 0
88 64 1 0
66 65 1 0
35 66 1 0
43 67 1 0
4 68 0 1
4 50 0 1
63 50 3 0
4 51 0 1
34 51 1 0
13 52 1 0
27 53 1 0
28 54 1 0
26 55 1 0
45 56 1 0
33 57 1 0
7 58 1 0
32 59 1 0
70 60 1 0
73 61 1 0
5 62 1 0
59 63 1 0
87 64 1 0
88 65 1 0
66 66 1 0
35 67 1 0
43 68 1 0
4 69 0 1
4 51 0 1
4 30 0 1
4 24 0 1
17 15 1 0
3 16 1 0
74 17 1 0
78 18 1 0
72 19 3 0
4 20 0 1
34 20 1 0
13 21 1 0
27 22 1 0
28 23 1 0
26 24 1 0
45 25 1 0
33 26 1 0
7 27 1 0
32 28 1 0
70 29 1 0
73 30 1 0
5 31 1 0
59 32 1 0
87 33 1 0
88 34 1 0
66 35 1 0
35 36 1 0
43 37 1 0
4 38 0 1
4 20 0 1
4 14 0 1
4 8 0 1
