1 117 0 1 0
25 69 1 1 0
61 69 2 1 0
77 94 3 1 0
0 117 4 1 0
21 94 5 1 0
59 94 6 4 0
23 93 7 1 0
4 24 8 0 1
4 10 7 0 1
78 23 7 1 0
4 16 8 0 1
19 115 7 4 0
4 18 8 0 1
20 96 8 1 0
22 96 9 1 0
2 117 10 1 0
52 96 11 4 0
56 93 12 1 0
4 24 13 0 1
56 101 12 1 0
4 30 13 0 1
54 110 12 2 0
70 109 13 1 0
4 45 14 0 1
53 81 13 4 0
43 80 14 1 0
4 16 15 0 1
4 20 14 0 1
42 37 14 1 0
41 37 15 2 0
84 36 16 1 0
83 36 17 1 0
80 36 18 2 0
81 34 19 1 0
78 34 20 1 0
4 16 21 0 1
31 48 19 2 0
4 19 20 0 1
4 26 20 0 1
90 51 16 1 0
43 51 17 1 0
4 16 18 0 1
4 28 14 0 1
51 111 12 1 0
16 111 13 3 0
4 18 14 0 1
18 57 14 5 0
17 56 15 1 0
49 56 16 2 0
48 55 17 2 0
50 53 18 1 0
84 53 19 1 0
83 53 20 1 0
80 53 21 2 0
82 52 22 1 0
60 52 23 1 0
37 52 24 1 0
4 12 25 0 1
31 49 22 4 0
4 19 23 0 1
4 26 23 0 1
4 19 23 0 1
4 26 23 0 1
91 83 18 1 0
89 83 19 3 0
90 82 20 1 0
43 82 21 1 0
4 16 22 0 1
4 9 20 0 1
92 89 20 1 0
34 89 21 1 0
13 89 22 1 0
27 89 23 1 0
28 89 24 1 0
26 89 25 1 0
44 89 26 1 0
33 89 27 1 0
7 89 28 1 0
32 89 29 1 0
69 89 30 1 0
72 89 31 1 0
5 89 32 1 0
58 89 33 1 0
85 89 34 1 0
86 89 35 1 0
65 89 36 1 0
66 89 37 1 0
10 89 38 1 0
11 89 39 3 0
4 22 40 0 1
68 52 40 1 0
60 52 41 1 0
37 52 42 1 0
4 12 43 0 1
30 47 40 2 0
29 46 41 3 0
4 19 42 0 1
34 5 42 1 0
13 5 43 1 0
27 5 44 1 0
28 5 45 1 0
26 5 46 1 0
44 5 47 1 0
33 5 48 1 0
7 5 49 1 0
32 5 50 1 0
69 5 51 1 0
72 5 52 1 0
5 5 53 1 0
58 5 54 1 0
85 5 55 1 0
86 5 56 1 0
65 5 57 1 0
66 5 58 1 0
67 5 59 1 0
47 5 60 1 0
4 17 61 0 1
4 26 42 0 1
29 46 41 3 0
4 19 42 0 1
34 5 42 1 0
13 5 43 1 0
27 5 44 1 0
28 5 45 1 0
26 5 46 1 0
44 5 47 1 0
33 5 48 1 0
7 5 49 1 0
32 5 50 1 0
69 5 51 1 0
72 5 52 1 0
5 5 53 1 0
58 5 54 1 0
85 5 55 1 0
86 5 56 1 0
65 5 57 1 0
66 5 58 1 0
67 5 59 1 0
47 5 60 1 0
4 17 61 0 1
4 26 42 0 1
4 29 17 0 1
17 33 15 1 0
49 33 16 2 0
48 32 17 2 0
50 31 18 1 0
84 31 19 1 0
83 31 20 1 0
81 31 21 1 0
78 31 22 1 0
4 16 23 0 1
91 100 18 1 0
89 100 19 3 0
90 98 20 1 0
43 98 21 1 0
4 16 22 0 1
4 9 20 0 1
92 88 20 1 0
34 88 21 1 0
13 88 22 1 0
27 88 23 1 0
28 88 24 1 0
26 88 25 1 0
44 88 26 1 0
33 88 27 1 0
7 88 28 1 0
32 88 29 1 0
69 88 30 1 0
72 88 31 1 0
5 88 32 1 0
58 88 33 1 0
85 88 34 1 0
86 88 35 1 0
65 88 36 1 0
66 88 37 1 0
67 88 38 1 0
87 88 39 5 0
4 22 40 0 1
24 31 40 1 0
43 31 41 1 0
4 16 42 0 1
4 20 40 0 1
8 39 40 1 0
34 39 41 1 0
13 39 42 1 0
27 39 43 1 0
28 39 44 1 0
26 39 45 1 0
44 39 46 1 0
33 39 47 1 0
7 39 48 1 0
32 39 49 1 0
69 39 50 1 0
72 39 51 1 0
5 39 52 1 0
58 39 53 1 0
85 39 54 1 0
86 39 55 1 0
65 39 56 1 0
35 39 57 3 0
6 38 58 1 0
43 38 59 1 0
4 16 60 0 1
4 11 58 0 1
43 70 58 1 0
4 16 59 0 1
4 28 40 0 1
4 29 17 0 1
17 42 15 1 0
3 42 16 1 0
73 42 17 1 0
76 42 18 1 0
36 42 19 2 0
74 41 20 1 0
55 41 21 6 0
79 40 22 1 0
63 40 23 3 0
43 38 24 1 0
4 16 25 0 1
4 11 24 0 1
63 91 24 1 0
43 91 25 1 0
4 16 26 0 1
4 11 22 0 1
43 92 22 1 0
4 16 23 0 1
4 20 22 0 1
8 0 22 1 0
34 0 23 1 0
13 0 24 1 0
27 0 25 1 0
28 0 26 1 0
26 0 27 1 0
44 0 28 1 0
33 0 29 1 0
7 0 30 1 0
32 0 31 1 0
69 0 32 1 0
72 0 33 1 0
5 0 34 1 0
58 0 35 1 0
85 0 36 1 0
86 0 37 1 0
65 0 38 1 0
66 0 39 1 0
67 0 40 1 0
47 0 41 1 0
4 35 42 0 1
4 28 22 0 1
4 29 20 0 1
17 62 15 1 0
3 62 16 1 0
73 62 17 1 0
39 62 18 1 0
15 62 19 9 0
4 13 20 0 1
4 20 20 0 1
38 72 20 1 0
48 72 21 2 0
50 71 22 1 0
84 71 23 1 0
82 71 24 1 0
60 71 25 1 0
45 71 26 1 0
4 15 27 0 1
91 68 22 1 0
89 68 23 3 0
90 65 24 1 0
43 65 25 1 0
4 16 26 0 1
4 9 24 0 1
92 4 24 1 0
34 4 25 1 0
13 4 26 1 0
27 4 27 1 0
28 4 28 1 0
26 4 29 1 0
44 4 30 1 0
33 4 31 1 0
7 4 32 1 0
32 4 33 1 0
69 4 34 1 0
72 4 35 1 0
5 4 36 1 0
58 4 37 1 0
85 4 38 1 0
86 4 39 1 0
65 4 40 1 0
66 4 41 1 0
67 4 42 1 0
47 4 43 1 0
4 17 44 0 1
4 29 20 0 1
34 67 20 1 0
13 67 21 1 0
27 67 22 1 0
28 67 23 1 0
26 67 24 1 0
44 67 25 1 0
33 67 26 1 0
7 67 27 1 0
32 67 28 1 0
69 67 29 3 0
69 65 30 1 0
72 65 31 1 0
5 65 32 1 0
58 65 33 1 0
85 65 34 1 0
86 65 35 1 0
65 65 36 1 0
35 65 37 1 0
43 65 38 1 0
4 16 39 0 1
4 21 30 0 1
72 5 30 1 0
5 5 31 1 0
58 5 32 1 0
85 5 33 1 0
86 5 34 1 0
65 5 35 1 0
66 5 36 1 0
67 5 37 1 0
47 5 38 1 0
4 17 39 0 1
4 29 20 0 1
40 66 20 1 0
75 66 21 1 0
74 66 22 1 0
64 66 23 2 0
65 65 24 1 0
35 65 25 1 0
43 65 26 1 0
4 16 27 0 1
4 14 24 0 1
4 28 20 0 1
3 113 20 1 0
73 113 21 1 0
76 113 22 1 0
16 113 23 3 0
4 18 24 0 1
18 64 24 1 0
17 64 25 1 0
3 64 26 1 0
73 64 27 1 0
39 64 28 1 0
15 64 29 9 0
4 13 30 0 1
4 20 30 0 1
38 73 30 1 0
48 73 31 2 0
50 71 32 1 0
84 71 33 1 0
82 71 34 1 0
60 71 35 1 0
45 71 36 1 0
4 15 37 0 1
91 77 32 1 0
89 77 33 3 0
90 74 34 1 0
43 74 35 1 0
4 16 36 0 1
4 9 34 0 1
92 4 34 1 0
34 4 35 1 0
13 4 36 1 0
27 4 37 1 0
28 4 38 1 0
26 4 39 1 0
44 4 40 1 0
33 4 41 1 0
7 4 42 1 0
32 4 43 1 0
69 4 44 1 0
72 4 45 1 0
5 4 46 1 0
58 4 47 1 0
85 4 48 1 0
86 4 49 1 0
65 4 50 1 0
66 4 51 1 0
67 4 52 1 0
47 4 53 1 0
4 17 54 0 1
4 29 30 0 1
34 76 30 1 0
13 76 31 1 0
27 76 32 1 0
28 76 33 1 0
26 76 34 1 0
44 76 35 1 0
33 76 36 1 0
7 76 37 1 0
32 76 38 1 0
69 76 39 3 0
69 74 40 1 0
72 74 41 1 0
5 74 42 1 0
58 74 43 1 0
85 74 44 1 0
86 74 45 1 0
65 74 46 1 0
35 74 47 1 0
43 74 48 1 0
4 16 49 0 1
4 21 40 0 1
72 5 40 1 0
5 5 41 1 0
58 5 42 1 0
85 5 43 1 0
86 5 44 1 0
65 5 45 1 0
66 5 46 1 0
67 5 47 1 0
47 5 48 1 0
4 17 49 0 1
4 29 30 0 1
40 75 30 1 0
75 75 31 1 0
74 75 32 1 0
64 75 33 2 0
65 74 34 1 0
35 74 35 1 0
43 74 36 1 0
4 16 37 0 1
4 14 34 0 1
4 28 30 0 1
3 114 30 1 0
73 114 31 1 0
76 114 32 1 0
16 114 33 3 0
4 18 34 0 1
18 87 34 1 0
17 87 35 1 0
3 87 36 1 0
73 87 37 1 0
76 87 38 1 0
36 87 39 2 0
74 86 40 1 0
12 86 41 3 0
46 85 42 1 0
9 85 43 4 0
67 84 44 4 0
35 82 45 1 0
43 82 46 1 0
4 16 47 0 1
4 19 45 0 1
34 65 45 1 0
13 65 46 1 0
27 65 47 1 0
28 65 48 1 0
26 65 49 1 0
44 65 50 1 0
33 65 51 1 0
7 65 52 1 0
32 65 53 1 0
69 65 54 1 0
72 65 55 1 0
5 65 56 1 0
58 65 57 1 0
85 65 58 1 0
86 65 59 1 0
65 65 60 1 0
35 65 61 1 0
43 65 62 1 0
4 16 63 0 1
4 26 45 0 1
4 19 44 0 1
34 74 44 1 0
13 74 45 1 0
27 74 46 1 0
28 74 47 1 0
26 74 48 1 0
44 74 49 1 0
33 74 50 1 0
7 74 51 1 0
32 74 52 1 0
69 74 53 1 0
72 74 54 1 0
5 74 55 1 0
58 74 56 1 0
85 74 57 1 0
86 74 58 1 0
65 74 59 1 0
35 74 60 1 0
43 74 61 1 0
4 16 62 0 1
4 26 44 0 1
14 6 42 1 0
4 9 43 0 1
34 99 42 1 0
13 99 43 1 0
27 99 44 1 0
28 99 45 1 0
26 99 46 1 0
44 99 47 1 0
33 99 48 1 0
7 99 49 1 0
32 99 50 1 0
69 99 51 1 0
72 99 52 1 0
5 99 53 1 0
58 99 54 1 0
85 99 55 1 0
86 99 56 1 0
65 99 57 1 0
66 99 58 1 0
67 99 59 5 0
79 98 60 1 0
63 98 61 1 0
43 98 62 1 0
4 16 63 0 1
4 11 60 0 1
43 90 60 1 0
4 16 61 0 1
4 20 60 0 1
4 28 60 0 1
4 29 40 0 1
4 25 34 0 1
4 25 24 0 1
17 44 15 1 0
3 44 16 1 0
73 44 17 1 0
76 44 18 1 0
36 44 19 2 0
74 43 20 1 0
55 43 21 6 0
79 40 22 1 0
63 40 23 3 0
43 38 24 1 0
4 16 25 0 1
4 11 24 0 1
63 91 24 1 0
43 91 25 1 0
4 16 26 0 1
4 11 22 0 1
43 92 22 1 0
4 16 23 0 1
4 20 22 0 1
8 2 22 1 0
34 2 23 1 0
13 2 24 1 0
27 2 25 1 0
28 2 26 1 0
26 2 27 1 0
44 2 28 1 0
33 2 29 1 0
7 2 30 1 0
32 2 31 1 0
69 2 32 1 0
72 2 33 1 0
5 2 34 3 0
5 1 35 1 0
58 1 36 1 0
85 1 37 1 0
86 1 38 1 0
65 1 39 1 0
66 1 40 1 0
67 1 41 1 0
47 1 42 1 0
4 35 43 0 1
4 7 35 0 1
58 108 35 1 0
85 108 36 1 0
86 108 37 1 0
65 108 38 1 0
66 108 39 1 0
67 108 40 4 0
57 106 41 1 0
88 106 42 1 0
4 16 43 0 1
4 20 41 0 1
8 82 41 1 0
34 82 42 1 0
13 82 43 1 0
27 82 44 1 0
28 82 45 1 0
26 82 46 1 0
44 82 47 1 0
33 82 48 1 0
7 82 49 1 0
32 82 50 1 0
69 82 51 1 0
72 82 52 1 0
5 82 53 1 0
58 82 54 1 0
85 82 55 1 0
86 82 56 1 0
65 82 57 1 0
35 82 58 1 0
43 82 59 1 0
4 16 60 0 1
4 28 41 0 1
4 28 22 0 1
4 29 20 0 1
4 25 14 0 1
20 95 8 1 0
22 95 9 1 0
2 117 10 1 0
52 95 11 4 0
56 93 12 1 0
4 24 13 0 1
56 101 12 1 0
4 30 13 0 1
54 61 12 2 0
70 52 13 1 0
84 52 14 1 0
82 52 15 1 0
60 52 16 1 0
37 52 17 1 0
4 12 18 0 1
53 107 13 4 0
43 106 14 1 0
4 16 15 0 1
4 20 14 0 1
42 54 14 1 0
41 54 15 2 0
84 53 16 1 0
83 53 17 1 0
80 53 18 2 0
82 52 19 1 0
60 52 20 1 0
37 52 21 1 0
4 12 22 0 1
31 49 19 4 0
4 19 20 0 1
4 26 20 0 1
4 19 20 0 1
4 26 20 0 1
90 78 16 1 0
43 78 17 1 0
4 16 18 0 1
4 28 14 0 1
51 112 12 1 0
16 112 13 3 0
4 18 14 0 1
18 60 14 3 0
17 59 15 1 0
49 59 16 2 0
48 58 17 2 0
50 52 18 1 0
84 52 19 1 0
82 52 20 1 0
60 52 21 1 0
37 52 22 1 0
4 12 23 0 1
91 105 18 1 0
89 105 19 3 0
90 102 20 1 0
43 102 21 1 0
4 16 22 0 1
4 9 20 0 1
92 4 20 1 0
34 4 21 1 0
13 4 22 1 0
27 4 23 1 0
28 4 24 1 0
26 4 25 1 0
44 4 26 1 0
33 4 27 1 0
7 4 28 1 0
32 4 29 1 0
69 4 30 1 0
72 4 31 1 0
5 4 32 1 0
58 4 33 1 0
85 4 34 1 0
86 4 35 1 0
65 4 36 1 0
66 4 37 1 0
67 4 38 1 0
47 4 39 1 0
4 17 40 0 1
4 29 17 0 1
17 63 15 1 0
3 63 16 1 0
73 63 17 1 0
39 63 18 1 0
15 63 19 9 0
4 13 20 0 1
4 20 20 0 1
38 72 20 1 0
48 72 21 2 0
50 71 22 1 0
84 71 23 1 0
82 71 24 1 0
60 71 25 1 0
45 71 26 1 0
4 15 27 0 1
91 68 22 1 0
89 68 23 3 0
90 65 24 1 0
43 65 25 1 0
4 16 26 0 1
4 9 24 0 1
92 4 24 1 0
34 4 25 1 0
13 4 26 1 0
27 4 27 1 0
28 4 28 1 0
26 4 29 1 0
44 4 30 1 0
33 4 31 1 0
7 4 32 1 0
32 4 33 1 0
69 4 34 1 0
72 4 35 1 0
5 4 36 1 0
58 4 37 1 0
85 4 38 1 0
86 4 39 1 0
65 4 40 1 0
66 4 41 1 0
67 4 42 1 0
47 4 43 1 0
4 17 44 0 1
4 29 20 0 1
34 67 20 1 0
13 67 21 1 0
27 67 22 1 0
28 67 23 1 0
26 67 24 1 0
44 67 25 1 0
33 67 26 1 0
7 67 27 1 0
32 67 28 1 0
69 67 29 3 0
69 65 30 1 0
72 65 31 1 0
5 65 32 1 0
58 65 33 1 0
85 65 34 1 0
86 65 35 1 0
65 65 36 1 0
35 65 37 1 0
43 65 38 1 0
4 16 39 0 1
4 21 30 0 1
72 5 30 1 0
5 5 31 1 0
58 5 32 1 0
85 5 33 1 0
86 5 34 1 0
65 5 35 1 0
66 5 36 1 0
67 5 37 1 0
47 5 38 1 0
4 17 39 0 1
4 29 20 0 1
40 66 20 1 0
75 66 21 1 0
74 66 22 1 0
64 66 23 2 0
65 65 24 1 0
35 65 25 1 0
43 65 26 1 0
4 16 27 0 1
4 14 24 0 1
4 28 20 0 1
3 116 20 1 0
73 116 21 1 0
76 116 22 1 0
16 116 23 3 0
4 18 24 0 1
18 104 24 1 0
17 104 25 1 0
3 104 26 1 0
73 104 27 1 0
76 104 28 1 0
36 104 29 2 0
74 103 30 1 0
12 103 31 3 0
46 102 32 1 0
35 102 33 1 0
43 102 34 1 0
4 16 35 0 1
14 3 32 1 0
4 8 33 0 1
34 79 32 1 0
13 79 33 1 0
27 79 34 1 0
28 79 35 1 0
26 79 36 1 0
44 79 37 1 0
33 79 38 1 0
7 79 39 1 0
32 79 40 1 0
69 79 41 1 0
72 79 42 1 0
5 79 43 1 0
58 79 44 1 0
85 79 45 1 0
86 79 46 1 0
65 79 47 1 0
66 79 48 1 0
67 79 49 5 0
35 78 50 1 0
43 78 51 1 0
4 16 52 0 1
4 19 50 0 1
34 65 50 1 0
13 65 51 1 0
27 65 52 1 0
28 65 53 1 0
26 65 54 1 0
44 65 55 1 0
33 65 56 1 0
7 65 57 1 0
32 65 58 1 0
69 65 59 1 0
72 65 60 1 0
5 65 61 1 0
58 65 62 1 0
85 65 63 1 0
86 65 64 1 0
65 65 65 1 0
35 65 66 1 0
43 65 67 1 0
4 16 68 0 1
4 26 50 0 1
62 50 50 3 0
4 19 51 0 1
34 65 51 1 0
13 65 52 1 0
27 65 53 1 0
28 65 54 1 0
26 65 55 1 0
44 65 56 1 0
33 65 57 1 0
7 65 58 1 0
32 65 59 1 0
69 65 60 1 0
72 65 61 1 0
5 65 62 1 0
58 65 63 1 0
85 65 64 1 0
86 65 65 1 0
65 65 66 1 0
35 65 67 1 0
43 65 68 1 0
4 16 69 0 1
4 26 51 0 1
4 29 30 0 1
4 25 24 0 1
17 97 15 1 0
3 97 16 1 0
73 97 17 1 0
76 97 18 1 0
71 97 19 3 0
4 27 20 0 1
34 102 20 1 0
13 102 21 1 0
27 102 22 1 0
28 102 23 1 0
26 102 24 1 0
44 102 25 1 0
33 102 26 1 0
7 102 27 1 0
32 102 28 1 0
69 102 29 1 0
72 102 30 1 0
5 102 31 1 0
58 102 32 1 0
85 102 33 1 0
86 102 34 1 0
65 102 35 1 0
35 102 36 1 0
43 102 37 1 0
4 16 38 0 1
4 29 20 0 1
4 25 14 0 1
4 25 8 0 1
