1 0 1 0
25 1 1 0
64 2 1 0
80 3 1 0
0 4 1 0
21 5 1 0
62 6 4 0
23 7 1 0
4 8 0 1
4 7 0 1
81 7 1 0
4 8 0 1
19 7 5 0
4 8 0 1
20 8 1 0
22 9 1 0
37 10 4 0
38 11 1 0
4 12 0 1
87 11 1 0
86 12 1 0
84 13 1 0
81 14 1 0
4 15 0 1
94 11 1 0
92 12 3 0
93 13 1 0
45 14 1 0
4 15 0 1
4 13 0 1
95 13 1 0
34 14 1 0
13 15 1 0
27 16 1 0
28 17 1 0
26 18 1 0
47 19 1 0
33 20 1 0
7 21 1 0
32 22 1 0
72 23 1 0
75 24 1 0
5 25 1 0
61 26 1 0
88 27 1 0
89 28 1 0
68 29 1 0
69 30 1 0
70 31 1 0
90 32 5 0
4 33 0 1
24 33 1 0
45 34 1 0
4 35 0 1
4 33 0 1
8 33 1 0
34 34 1 0
13 35 1 0
27 36 1 0
28 37 1 0
26 38 1 0
47 39 1 0
33 40 1 0
7 41 1 0
32 42 1 0
72 43 1 0
75 44 1 0
5 45 1 0
61 46 1 0
88 47 1 0
89 48 1 0
68 49 1 0
35 50 3 0
6 51 1 0
45 52 1 0
4 53 0 1
4 51 0 1
45 51 1 0
4 52 0 1
4 33 0 1
4 11 0 1
20 8 1 0
22 9 1 0
2 10 1 0
55 11 4 0
59 12 1 0
4 13 0 1
59 12 1 0
4 13 0 1
57 12 2 0
73 13 1 0
87 14 1 0
85 15 1 0
63 16 1 0
39 17 1 0
4 18 0 1
56 13 4 0
45 14 1 0
4 15 0 1
4 14 0 1
44 14 1 0
43 15 2 0
87 16 1 0
86 17 1 0
83 18 2 0
85 19 1 0
63 20 1 0
39 21 1 0
4 22 0 1
31 19 4 0
4 20 0 1
4 20 0 1
4 20 0 1
4 20 0 1
93 16 1 0
45 17 1 0
4 18 0 1
4 14 0 1
54 12 1 0
16 13 3 0
4 14 0 1
18 14 3 0
17 15 1 0
52 16 2 0
51 17 2 0
53 18 1 0
87 19 1 0
85 20 1 0
63 21 1 0
39 22 1 0
4 23 0 1
94 18 1 0
92 19 3 0
93 20 1 0
45 21 1 0
4 22 0 1
4 20 0 1
95 20 1 0
34 21 1 0
13 22 1 0
27 23 1 0
28 24 1 0
26 25 1 0
47 26 1 0
33 27 1 0
7 28 1 0
32 29 1 0
72 30 1 0
75 31 1 0
5 32 1 0
61 33 1 0
88 34 1 0
89 35 1 0
68 36 1 0
69 37 1 0
70 38 1 0
50 39 1 0
4 40 0 1
4 17 0 1
17 15 1 0
3 16 1 0
76 17 1 0
41 18 1 0
15 19 9 0
4 20 0 1
4 20 0 1
40 20 1 0
51 21 2 0
53 22 1 0
87 23 1 0
85 24 1 0
63 25 1 0
48 26 1 0
4 27 0 1
94 22 1 0
92 23 3 0
93 24 1 0
45 25 1 0
4 26 0 1
4 24 0 1
95 24 1 0
34 25 1 0
13 26 1 0
27 27 1 0
28 28 1 0
26 29 1 0
47 30 1 0
33 31 1 0
7 32 1 0
32 33 1 0
72 34 1 0
75 35 1 0
5 36 1 0
61 37 1 0
88 38 1 0
89 39 1 0
68 40 1 0
69 41 1 0
70 42 1 0
50 43 1 0
4 44 0 1
4 20 0 1
34 20 1 0
13 21 1 0
27 22 1 0
28 23 1 0
26 24 1 0
47 25 1 0
33 26 1 0
7 27 1 0
32 28 1 0
72 29 3 0
72 30 1 0
75 31 1 0
5 32 1 0
61 33 1 0
88 34 1 0
89 35 1 0
68 36 1 0
35 37 1 0
45 38 1 0
4 39 0 1
4 30 0 1
75 30 1 0
5 31 1 0
61 32 1 0
88 33 1 0
89 34 1 0
68 35 1 0
69 36 1 0
70 37 1 0
50 38 1 0
4 39 0 1
4 20 0 1
42 20 1 0
78 21 1 0
77 22 1 0
67 23 2 0
68 24 1 0
35 25 1 0
45 26 1 0
4 27 0 1
4 24 0 1
4 20 0 1
3 20 1 0
76 21 1 0
79 22 1 0
16 23 3 0
4 24 0 1
18 24 1 0
17 25 1 0
3 26 1 0
76 27 1 0
41 28 1 0
15 29 9 0
4 30 0 1
4 30 0 1
40 30 1 0
51 31 2 0
53 32 1 0
87 33 1 0
85 34 1 0
63 35 1 0
48 36 1 0
4 37 0 1
94 32 1 0
92 33 3 0
93 34 1 0
45 35 1 0
4 36 0 1
4 34 0 1
95 34 1 0
34 35 1 0
13 36 1 0
27 37 1 0
28 38 1 0
26 39 1 0
47 40 1 0
33 41 1 0
7 42 1 0
32 43 1 0
72 44 1 0
75 45 1 0
5 46 1 0
61 47 1 0
88 48 1 0
89 49 1 0
68 50 1 0
69 51 1 0
70 52 1 0
50 53 1 0
4 54 0 1
4 30 0 1
34 30 1 0
13 31 1 0
27 32 1 0
28 33 1 0
26 34 1 0
47 35 1 0
33 36 1 0
7 37 1 0
32 38 1 0
72 39 3 0
72 40 1 0
75 41 1 0
5 42 1 0
61 43 1 0
88 44 1 0
89 45 1 0
68 46 1 0
35 47 1 0
45 48 1 0
4 49 0 1
4 40 0 1
75 40 1 0
5 41 1 0
61 42 1 0
88 43 1 0
89 44 1 0
68 45 1 0
69 46 1 0
70 47 1 0
50 48 1 0
4 49 0 1
4 30 0 1
42 30 1 0
78 31 1 0
77 32 1 0
67 33 2 0
68 34 1 0
35 35 1 0
45 36 1 0
4 37 0 1
4 34 0 1
4 30 0 1
3 30 1 0
76 31 1 0
79 32 1 0
16 33 3 0
4 34 0 1
18 34 2 0
17 35 1 0
3 36 1 0
76 37 1 0
79 38 1 0
36 39 2 0
77 40 1 0
12 41 3 0
49 42 1 0
9 43 4 0
70 44 4 0
35 45 1 0
45 46 1 0
4 47 0 1
4 45 0 1
34 45 1 0
13 46 1 0
27 47 1 0
28 48 1 0
26 49 1 0
47 50 1 0
33 51 1 0
7 52 1 0
32 53 1 0
72 54 1 0
75 55 1 0
5 56 1 0
61 57 1 0
88 58 1 0
89 59 1 0
68 60 1 0
35 61 1 0
45 62 1 0
4 63 0 1
4 45 0 1
4 44 0 1
34 44 1 0
13 45 1 0
27 46 1 0
28 47 1 0
26 48 1 0
47 49 1 0
33 50 1 0
7 51 1 0
32 52 1 0
72 53 1 0
75 54 1 0
5 55 1 0
61 56 1 0
88 57 1 0
89 58 1 0
68 59 1 0
35 60 1 0
45 61 1 0
4 62 0 1
4 44 0 1
14 42 1 0
4 43 0 1
34 42 1 0
13 43 1 0
27 44 1 0
28 45 1 0
26 46 1 0
47 47 1 0
33 48 1 0
7 49 1 0
32 50 1 0
72 51 1 0
75 52 1 0
5 53 1 0
61 54 1 0
88 55 1 0
89 56 1 0
68 57 1 0
69 58 1 0
70 59 5 0
82 60 1 0
66 61 1 0
45 62 1 0
4 63 0 1
4 60 0 1
45 60 1 0
4 61 0 1
4 60 0 1
4 60 0 1
4 40 0 1
17 35 1 0
3 36 1 0
76 37 1 0
46 38 5 0
4 39 0 1
4 39 0 1
34 39 1 0
13 40 1 0
27 41 1 0
28 42 1 0
26 43 1 0
47 44 1 0
33 45 1 0
7 46 1 0
32 47 3 0
32 48 1 0
72 49 1 0
75 50 1 0
5 51 1 0
61 52 1 0
88 53 1 0
89 54 1 0
68 55 1 0
35 56 1 0
45 57 1 0
4 58 0 1
4 48 0 1
72 48 1 0
75 49 1 0
5 50 1 0
61 51 1 0
88 52 1 0
89 53 1 0
68 54 1 0
35 55 1 0
45 56 1 0
4 57 0 1
4 39 0 1
3 39 1 0
76 40 1 0
79 41 1 0
16 42 3 0
4 43 0 1
18 43 1 0
17 44 1 0
3 45 1 0
76 46 1 0
79 47 1 0
36 48 2 0
77 49 1 0
12 50 3 0
49 51 1 0
35 52 1 0
45 53 1 0
4 54 0 1
14 51 1 0
4 52 0 1
34 51 1 0
13 52 1 0
27 53 1 0
28 54 1 0
26 55 1 0
47 56 1 0
33 57 1 0
7 58 1 0
32 59 1 0
72 60 1 0
75 61 1 0
5 62 1 0
61 63 1 0
88 64 1 0
89 65 1 0
68 66 1 0
69 67 1 0
70 68 5 0
35 69 1 0
45 70 1 0
4 71 0 1
4 69 0 1
34 69 1 0
13 70 1 0
27 71 1 0
28 72 1 0
26 73 1 0
47 74 1 0
33 75 1 0
7 76 1 0
32 77 1 0
72 78 1 0
75 79 1 0
5 80 1 0
61 81 1 0
88 82 1 0
89 83 1 0
68 84 1 0
35 85 1 0
45 86 1 0
4 87 0 1
4 69 0 1
65 69 3 0
4 70 0 1
34 70 1 0
13 71 1 0
27 72 1 0
28 73 1 0
26 74 1 0
47 75 1 0
33 76 1 0
7 77 1 0
32 78 1 0
72 79 1 0
75 80 1 0
5 81 1 0
61 82 1 0
88 83 1 0
89 84 1 0
68 85 1 0
35 86 1 0
45 87 1 0
4 88 0 1
4 70 0 1
4 49 0 1
4 43 0 1
4 34 0 1
4 24 0 1
17 15 1 0
3 16 1 0
76 17 1 0
79 18 1 0
74 19 3 0
4 20 0 1
34 20 1 0
13 21 1 0
27 22 1 0
28 23 1 0
26 24 1 0
47 25 1 0
33 26 1 0
7 27 1 0
32 28 1 0
72 29 1 0
75 30 1 0
5 31 1 0
61 32 1 0
88 33 1 0
89 34 1 0
68 35 1 0
35 36 1 0
45 37 1 0
4 38 0 1
4 20 0 1
4 14 0 1
20 8 1 0
22 9 1 0
2 10 1 0
55 11 4 0
59 12 1 0
4 13 0 1
59 12 1 0
4 13 0 1
57 12 2 0
73 13 1 0
4 14 0 1
56 13 4 0
45 14 1 0
4 15 0 1
4 14 0 1
44 14 1 0
43 15 2 0
87 16 1 0
86 17 1 0
83 18 2 0
84 19 1 0
81 20 1 0
4 21 0 1
31 19 2 0
4 20 0 1
4 20 0 1
93 16 1 0
45 17 1 0
4 18 0 1
4 14 0 1
54 12 1 0
16 13 3 0
4 14 0 1
18 14 3 0
17 15 1 0
52 16 2 0
51 17 2 0
53 18 1 0
87 19 1 0
86 20 1 0
83 21 2 0
85 22 1 0
63 23 1 0
39 24 1 0
4 25 0 1
31 22 4 0
4 23 0 1
4 23 0 1
4 23 0 1
4 23 0 1
94 18 1 0
92 19 3 0
93 20 1 0
45 21 1 0
4 22 0 1
4 20 0 1
95 20 1 0
34 21 1 0
13 22 1 0
27 23 1 0
28 24 1 0
26 25 1 0
47 26 1 0
33 27 1 0
7 28 1 0
32 29 1 0
72 30 1 0
75 31 1 0
5 32 1 0
61 33 1 0
88 34 1 0
89 35 1 0
68 36 1 0
69 37 1 0
10 38 1 0
11 39 3 0
4 40 0 1
71 40 1 0
63 41 1 0
39 42 1 0
4 43 0 1
30 40 2 0
29 41 3 0
4 42 0 1
34 42 1 0
13 43 1 0
27 44 1 0
28 45 1 0
26 46 1 0
47 47 1 0
33 48 1 0
7 49 1 0
32 50 1 0
72 51 1 0
75 52 1 0
5 53 1 0
61 54 1 0
88 55 1 0
89 56 1 0
68 57 1 0
69 58 1 0
70 59 1 0
50 60 1 0
4 61 0 1
4 42 0 1
29 41 3 0
4 42 0 1
34 42 1 0
13 43 1 0
27 44 1 0
28 45 1 0
26 46 1 0
47 47 1 0
33 48 1 0
7 49 1 0
32 50 1 0
72 51 1 0
75 52 1 0
5 53 1 0
61 54 1 0
88 55 1 0
89 56 1 0
68 57 1 0
69 58 1 0
70 59 1 0
50 60 1 0
4 61 0 1
4 42 0 1
4 17 0 1
17 15 1 0
3 16 1 0
76 17 1 0
79 18 1 0
36 19 2 0
77 20 1 0
58 21 6 0
82 22 1 0
66 23 3 0
45 24 1 0
4 25 0 1
4 24 0 1
66 24 1 0
45 25 1 0
4 26 0 1
4 22 0 1
45 22 1 0
4 23 0 1
4 22 0 1
8 22 1 0
34 23 1 0
13 24 1 0
27 25 1 0
28 26 1 0
26 27 1 0
47 28 1 0
33 29 1 0
7 30 1 0
32 31 1 0
72 32 1 0
75 33 1 0
5 34 1 0
61 35 1 0
88 36 1 0
89 37 1 0
68 38 1 0
69 39 1 0
70 40 1 0
50 41 1 0
4 42 0 1
4 22 0 1
4 20 0 1
17 15 1 0
3 16 1 0
76 17 1 0
79 18 1 0
36 19 2 0
77 20 1 0
58 21 6 0
82 22 1 0
66 23 3 0
45 24 1 0
4 25 0 1
4 24 0 1
66 24 1 0
45 25 1 0
4 26 0 1
4 22 0 1
45 22 1 0
4 23 0 1
4 22 0 1
8 22 1 0
34 23 1 0
13 24 1 0
27 25 1 0
28 26 1 0
26 27 1 0
47 28 1 0
33 29 1 0
7 30 1 0
32 31 1 0
72 32 1 0
75 33 1 0
5 34 3 0
5 35 1 0
61 36 1 0
88 37 1 0
89 38 1 0
68 39 1 0
69 40 1 0
70 41 1 0
50 42 1 0
4 43 0 1
4 35 0 1
61 35 1 0
88 36 1 0
89 37 1 0
68 38 1 0
69 39 1 0
70 40 4 0
60 41 1 0
91 42 1 0
4 43 0 1
4 41 0 1
8 41 1 0
34 42 1 0
13 43 1 0
27 44 1 0
28 45 1 0
26 46 1 0
47 47 1 0
33 48 1 0
7 49 1 0
32 50 1 0
72 51 1 0
75 52 1 0
5 53 1 0
61 54 1 0
88 55 1 0
89 56 1 0
68 57 1 0
35 58 1 0
45 59 1 0
4 60 0 1
4 41 0 1
4 22 0 1
4 20 0 1
4 14 0 1
4 8 0 1
