1 107 0 1 0
25 61 1 1 0
60 61 2 1 0
75 90 3 1 0
0 107 4 1 0
21 90 5 1 0
58 90 6 4 0
23 89 7 1 0
4 25 8 0 1
4 10 7 0 1
76 24 7 1 0
4 17 8 0 1
19 105 7 3 0
4 19 8 0 1
20 91 8 1 0
22 91 9 1 0
2 107 10 1 0
52 91 11 4 0
56 89 12 1 0
4 25 13 0 1
56 95 12 1 0
4 30 13 0 1
54 101 12 2 0
69 100 13 1 0
4 46 14 0 1
53 76 13 4 0
42 75 14 1 0
4 17 15 0 1
4 21 14 0 1
41 38 14 1 0
40 38 15 2 0
82 37 16 1 0
81 37 17 1 0
78 37 18 2 0
79 35 19 1 0
76 35 20 1 0
4 17 21 0 1
31 49 19 2 0
4 20 20 0 1
4 27 20 0 1
87 52 16 1 0
42 52 17 1 0
4 17 18 0 1
4 28 14 0 1
51 102 12 1 0
16 102 13 3 0
4 19 14 0 1
18 34 14 6 0
17 33 15 1 0
49 33 16 2 0
48 32 17 2 0
50 31 18 1 0
82 31 19 1 0
81 31 20 1 0
79 31 21 1 0
76 31 22 1 0
4 17 23 0 1
88 94 18 1 0
86 94 19 3 0
87 92 20 1 0
42 92 21 1 0
4 17 22 0 1
4 9 20 0 1
89 84 20 1 0
34 84 21 1 0
13 84 22 1 0
27 84 23 1 0
28 84 24 1 0
26 84 25 1 0
44 84 26 1 0
33 84 27 1 0
7 84 28 1 0
32 84 29 1 0
68 84 30 1 0
70 84 31 1 0
5 84 32 1 0
57 84 33 1 0
83 84 34 1 0
84 84 35 1 0
64 84 36 1 0
65 84 37 1 0
66 84 38 1 0
85 84 39 5 0
4 23 40 0 1
24 31 40 1 0
42 31 41 1 0
4 17 42 0 1
4 21 40 0 1
8 40 40 1 0
34 40 41 1 0
13 40 42 1 0
27 40 43 1 0
28 40 44 1 0
26 40 45 1 0
44 40 46 1 0
33 40 47 1 0
7 40 48 1 0
32 40 49 1 0
68 40 50 1 0
70 40 51 1 0
5 40 52 1 0
57 40 53 1 0
83 40 54 1 0
84 40 55 1 0
64 40 56 1 0
35 40 57 3 0
6 39 58 1 0
42 39 59 1 0
4 17 60 0 1
4 11 58 0 1
42 62 58 1 0
4 17 59 0 1
4 28 40 0 1
4 29 17 0 1
17 66 15 1 0
49 66 16 2 0
48 65 17 2 0
50 64 18 1 0
82 64 19 1 0
81 64 20 1 0
78 64 21 2 0
80 63 22 1 0
59 63 23 1 0
45 63 24 1 0
4 16 25 0 1
31 50 22 4 0
4 20 23 0 1
4 27 23 0 1
4 20 23 0 1
4 27 23 0 1
88 78 18 1 0
86 78 19 3 0
87 77 20 1 0
42 77 21 1 0
4 17 22 0 1
4 9 20 0 1
89 85 20 1 0
34 85 21 1 0
13 85 22 1 0
27 85 23 1 0
28 85 24 1 0
26 85 25 1 0
44 85 26 1 0
33 85 27 1 0
7 85 28 1 0
32 85 29 1 0
68 85 30 1 0
70 85 31 1 0
5 85 32 1 0
57 85 33 1 0
83 85 34 1 0
84 85 35 1 0
64 85 36 1 0
65 85 37 1 0
10 85 38 1 0
11 85 39 3 0
4 23 40 0 1
67 63 40 1 0
59 63 41 1 0
45 63 42 1 0
4 16 43 0 1
30 48 40 2 0
29 47 41 3 0
4 20 42 0 1
34 5 42 1 0
13 5 43 1 0
27 5 44 1 0
28 5 45 1 0
26 5 46 1 0
44 5 47 1 0
33 5 48 1 0
7 5 49 1 0
32 5 50 1 0
68 5 51 1 0
70 5 52 1 0
5 5 53 1 0
57 5 54 1 0
83 5 55 1 0
84 5 56 1 0
64 5 57 1 0
65 5 58 1 0
66 5 59 1 0
47 5 60 1 0
4 18 61 0 1
4 27 42 0 1
29 47 41 3 0
4 20 42 0 1
34 5 42 1 0
13 5 43 1 0
27 5 44 1 0
28 5 45 1 0
26 5 46 1 0
44 5 47 1 0
33 5 48 1 0
7 5 49 1 0
32 5 50 1 0
68 5 51 1 0
70 5 52 1 0
5 5 53 1 0
57 5 54 1 0
83 5 55 1 0
84 5 56 1 0
64 5 57 1 0
65 5 58 1 0
66 5 59 1 0
47 5 60 1 0
4 18 61 0 1
4 27 42 0 1
4 29 17 0 1
17 70 15 1 0
49 70 16 2 0
48 69 17 2 0
50 63 18 1 0
82 63 19 1 0
80 63 20 1 0
59 63 21 1 0
45 63 22 1 0
4 16 23 0 1
88 99 18 1 0
86 99 19 3 0
87 96 20 1 0
42 96 21 1 0
4 17 22 0 1
4 9 20 0 1
89 4 20 1 0
34 4 21 1 0
13 4 22 1 0
27 4 23 1 0
28 4 24 1 0
26 4 25 1 0
44 4 26 1 0
33 4 27 1 0
7 4 28 1 0
32 4 29 1 0
68 4 30 1 0
70 4 31 1 0
5 4 32 1 0
57 4 33 1 0
83 4 34 1 0
84 4 35 1 0
64 4 36 1 0
65 4 37 1 0
66 4 38 1 0
47 4 39 1 0
4 18 40 0 1
4 29 17 0 1
17 43 15 1 0
3 43 16 1 0
71 43 17 1 0
74 43 18 1 0
36 43 19 2 0
72 42 20 1 0
55 42 21 6 0
77 41 22 1 0
62 41 23 3 0
42 39 24 1 0
4 17 25 0 1
4 11 24 0 1
62 87 24 1 0
42 87 25 1 0
4 17 26 0 1
4 11 22 0 1
42 88 22 1 0
4 17 23 0 1
4 21 22 0 1
8 0 22 1 0
34 0 23 1 0
13 0 24 1 0
27 0 25 1 0
28 0 26 1 0
26 0 27 1 0
44 0 28 1 0
33 0 29 1 0
7 0 30 1 0
32 0 31 1 0
68 0 32 1 0
70 0 33 1 0
5 0 34 1 0
57 0 35 1 0
83 0 36 1 0
84 0 37 1 0
64 0 38 1 0
65 0 39 1 0
66 0 40 1 0
47 0 41 1 0
4 36 42 0 1
4 28 22 0 1
4 29 20 0 1
17 53 15 1 0
3 53 16 1 0
71 53 17 1 0
38 53 18 1 0
15 53 19 9 0
4 13 20 0 1
4 21 20 0 1
37 67 20 1 0
48 67 21 2 0
50 63 22 1 0
82 63 23 1 0
80 63 24 1 0
59 63 25 1 0
45 63 26 1 0
4 16 27 0 1
88 58 22 1 0
86 58 23 3 0
87 55 24 1 0
42 55 25 1 0
4 17 26 0 1
4 9 24 0 1
89 4 24 1 0
34 4 25 1 0
13 4 26 1 0
27 4 27 1 0
28 4 28 1 0
26 4 29 1 0
44 4 30 1 0
33 4 31 1 0
7 4 32 1 0
32 4 33 1 0
68 4 34 1 0
70 4 35 1 0
5 4 36 1 0
57 4 37 1 0
83 4 38 1 0
84 4 39 1 0
64 4 40 1 0
65 4 41 1 0
66 4 42 1 0
47 4 43 1 0
4 18 44 0 1
4 29 20 0 1
34 57 20 1 0
13 57 21 1 0
27 57 22 1 0
28 57 23 1 0
26 57 24 1 0
44 57 25 1 0
33 57 26 1 0
7 57 27 1 0
32 57 28 1 0
68 57 29 3 0
68 55 30 1 0
70 55 31 1 0
5 55 32 1 0
57 55 33 1 0
83 55 34 1 0
84 55 35 1 0
64 55 36 1 0
35 55 37 1 0
42 55 38 1 0
4 17 39 0 1
4 22 30 0 1
70 5 30 1 0
5 5 31 1 0
57 5 32 1 0
83 5 33 1 0
84 5 34 1 0
64 5 35 1 0
65 5 36 1 0
66 5 37 1 0
47 5 38 1 0
4 18 39 0 1
4 29 20 0 1
39 56 20 1 0
73 56 21 1 0
72 56 22 1 0
63 56 23 2 0
64 55 24 1 0
35 55 25 1 0
42 55 26 1 0
4 17 27 0 1
4 15 24 0 1
4 28 20 0 1
3 103 20 1 0
71 103 21 1 0
74 103 22 1 0
16 103 23 3 0
4 19 24 0 1
18 54 24 1 0
17 54 25 1 0
3 54 26 1 0
71 54 27 1 0
38 54 28 1 0
15 54 29 9 0
4 13 30 0 1
4 21 30 0 1
37 68 30 1 0
48 68 31 2 0
50 63 32 1 0
82 63 33 1 0
80 63 34 1 0
59 63 35 1 0
45 63 36 1 0
4 16 37 0 1
88 74 32 1 0
86 74 33 3 0
87 71 34 1 0
42 71 35 1 0
4 17 36 0 1
4 9 34 0 1
89 4 34 1 0
34 4 35 1 0
13 4 36 1 0
27 4 37 1 0
28 4 38 1 0
26 4 39 1 0
44 4 40 1 0
33 4 41 1 0
7 4 42 1 0
32 4 43 1 0
68 4 44 1 0
70 4 45 1 0
5 4 46 1 0
57 4 47 1 0
83 4 48 1 0
84 4 49 1 0
64 4 50 1 0
65 4 51 1 0
66 4 52 1 0
47 4 53 1 0
4 18 54 0 1
4 29 30 0 1
34 73 30 1 0
13 73 31 1 0
27 73 32 1 0
28 73 33 1 0
26 73 34 1 0
44 73 35 1 0
33 73 36 1 0
7 73 37 1 0
32 73 38 1 0
68 73 39 3 0
68 71 40 1 0
70 71 41 1 0
5 71 42 1 0
57 71 43 1 0
83 71 44 1 0
84 71 45 1 0
64 71 46 1 0
35 71 47 1 0
42 71 48 1 0
4 17 49 0 1
4 22 40 0 1
70 5 40 1 0
5 5 41 1 0
57 5 42 1 0
83 5 43 1 0
84 5 44 1 0
64 5 45 1 0
65 5 46 1 0
66 5 47 1 0
47 5 48 1 0
4 18 49 0 1
4 29 30 0 1
39 72 30 1 0
73 72 31 1 0
72 72 32 1 0
63 72 33 2 0
64 71 34 1 0
35 71 35 1 0
42 71 36 1 0
4 17 37 0 1
4 15 34 0 1
4 28 30 0 1
3 104 30 1 0
71 104 31 1 0
74 104 32 1 0
16 104 33 3 0
4 19 34 0 1
18 83 34 2 0
17 82 35 1 0
3 82 36 1 0
71 82 37 1 0
74 82 38 1 0
36 82 39 2 0
72 81 40 1 0
12 81 41 3 0
46 80 42 1 0
9 80 43 4 0
66 79 44 4 0
35 77 45 1 0
42 77 46 1 0
4 17 47 0 1
4 20 45 0 1
34 55 45 1 0
13 55 46 1 0
27 55 47 1 0
28 55 48 1 0
26 55 49 1 0
44 55 50 1 0
33 55 51 1 0
7 55 52 1 0
32 55 53 1 0
68 55 54 1 0
70 55 55 1 0
5 55 56 1 0
57 55 57 1 0
83 55 58 1 0
84 55 59 1 0
64 55 60 1 0
35 55 61 1 0
42 55 62 1 0
4 17 63 0 1
4 27 45 0 1
4 20 44 0 1
34 71 44 1 0
13 71 45 1 0
27 71 46 1 0
28 71 47 1 0
26 71 48 1 0
44 71 49 1 0
33 71 50 1 0
7 71 51 1 0
32 71 52 1 0
68 71 53 1 0
70 71 54 1 0
5 71 55 1 0
57 71 56 1 0
83 71 57 1 0
84 71 58 1 0
64 71 59 1 0
35 71 60 1 0
42 71 61 1 0
4 17 62 0 1
4 27 44 0 1
14 6 42 1 0
4 9 43 0 1
34 93 42 1 0
13 93 43 1 0
27 93 44 1 0
28 93 45 1 0
26 93 46 1 0
44 93 47 1 0
33 93 48 1 0
7 93 49 1 0
32 93 50 1 0
68 93 51 1 0
70 93 52 1 0
5 93 53 1 0
57 93 54 1 0
83 93 55 1 0
84 93 56 1 0
64 93 57 1 0
65 93 58 1 0
66 93 59 5 0
77 92 60 1 0
62 92 61 1 0
42 92 62 1 0
4 17 63 0 1
4 11 60 0 1
42 86 60 1 0
4 17 61 0 1
4 21 60 0 1
4 28 60 0 1
4 29 40 0 1
17 60 35 1 0
3 60 36 1 0
71 60 37 1 0
43 60 38 5 0
4 14 39 0 1
4 21 39 0 1
34 59 39 1 0
13 59 40 1 0
27 59 41 1 0
28 59 42 1 0
26 59 43 1 0
44 59 44 1 0
33 59 45 1 0
7 59 46 1 0
32 59 47 3 0
32 55 48 1 0
68 55 49 1 0
70 55 50 1 0
5 55 51 1 0
57 55 52 1 0
83 55 53 1 0
84 55 54 1 0
64 55 55 1 0
35 55 56 1 0
42 55 57 1 0
4 17 58 0 1
4 12 48 0 1
68 71 48 1 0
70 71 49 1 0
5 71 50 1 0
57 71 51 1 0
83 71 52 1 0
84 71 53 1 0
64 71 54 1 0
35 71 55 1 0
42 71 56 1 0
4 17 57 0 1
4 28 39 0 1
3 106 39 1 0
71 106 40 1 0
74 106 41 1 0
16 106 42 3 0
4 19 43 0 1
18 98 43 1 0
17 98 44 1 0
3 98 45 1 0
71 98 46 1 0
74 98 47 1 0
36 98 48 2 0
72 97 49 1 0
12 97 50 3 0
46 96 51 1 0
35 96 52 1 0
42 96 53 1 0
4 17 54 0 1
14 3 51 1 0
4 8 52 0 1
34 80 51 1 0
13 80 52 1 0
27 80 53 1 0
28 80 54 1 0
26 80 55 1 0
44 80 56 1 0
33 80 57 1 0
7 80 58 1 0
32 80 59 1 0
68 80 60 1 0
70 80 61 1 0
5 80 62 1 0
57 80 63 1 0
83 80 64 1 0
84 80 65 1 0
64 80 66 1 0
65 80 67 1 0
66 80 68 5 0
35 77 69 1 0
42 77 70 1 0
4 17 71 0 1
4 20 69 0 1
34 55 69 1 0
13 55 70 1 0
27 55 71 1 0
28 55 72 1 0
26 55 73 1 0
44 55 74 1 0
33 55 75 1 0
7 55 76 1 0
32 55 77 1 0
68 55 78 1 0
70 55 79 1 0
5 55 80 1 0
57 55 81 1 0
83 55 82 1 0
84 55 83 1 0
64 55 84 1 0
35 55 85 1 0
42 55 86 1 0
4 17 87 0 1
4 27 69 0 1
61 51 69 3 0
4 20 70 0 1
34 71 70 1 0
13 71 71 1 0
27 71 72 1 0
28 71 73 1 0
26 71 74 1 0
44 71 75 1 0
33 71 76 1 0
7 71 77 1 0
32 71 78 1 0
68 71 79 1 0
70 71 80 1 0
5 71 81 1 0
57 71 82 1 0
83 71 83 1 0
84 71 84 1 0
64 71 85 1 0
35 71 86 1 0
42 71 87 1 0
4 17 88 0 1
4 27 70 0 1
4 29 49 0 1
4 26 43 0 1
4 26 34 0 1
4 26 24 0 1
17 45 15 1 0
3 45 16 1 0
71 45 17 1 0
74 45 18 1 0
36 45 19 2 0
72 44 20 1 0
55 44 21 6 0
77 41 22 1 0
62 41 23 3 0
42 39 24 1 0
4 17 25 0 1
4 11 24 0 1
62 87 24 1 0
42 87 25 1 0
4 17 26 0 1
4 11 22 0 1
42 88 22 1 0
4 17 23 0 1
4 21 22 0 1
8 2 22 1 0
34 2 23 1 0
13 2 24 1 0
27 2 25 1 0
28 2 26 1 0
26 2 27 1 0
44 2 28 1 0
33 2 29 1 0
7 2 30 1 0
32 2 31 1 0
68 2 32 1 0
70 2 33 1 0
5 2 34 3 0
5 1 35 1 0
57 1 36 1 0
83 1 37 1 0
84 1 38 1 0
64 1 39 1 0
65 1 40 1 0
66 1 41 1 0
47 1 42 1 0
4 36 43 0 1
4 7 35 0 1
57 96 35 1 0
83 96 36 1 0
84 96 37 1 0
64 96 38 1 0
35 96 39 1 0
42 96 40 1 0
4 17 41 0 1
4 28 22 0 1
4 29 20 0 1
4 26 14 0 1
4 26 8 0 1
