1 124 0 1 0
25 77 1 1 0
62 77 2 1 0
78 102 3 1 0
0 124 4 1 0
21 102 5 1 0
60 102 6 4 0
23 101 7 1 0
4 25 8 0 1
4 10 7 0 1
79 113 7 1 0
4 18 8 0 1
19 123 7 4 0
4 20 8 0 1
20 104 8 1 0
22 104 9 1 0
2 124 10 1 0
53 104 11 4 0
57 101 12 1 0
4 25 13 0 1
57 109 12 1 0
4 31 13 0 1
55 115 12 2 0
71 114 13 1 0
4 47 14 0 1
54 89 13 4 0
43 88 14 1 0
4 18 15 0 1
4 22 14 0 1
42 39 14 1 0
41 39 15 2 0
85 38 16 1 0
84 38 17 1 0
81 38 18 2 0
82 36 19 1 0
79 36 20 1 0
4 18 21 0 1
31 50 19 2 0
4 21 20 0 1
4 27 20 0 1
91 53 16 1 0
43 53 17 1 0
4 18 18 0 1
4 29 14 0 1
52 116 12 1 0
16 116 13 3 0
4 20 14 0 1
18 35 14 5 0
17 34 15 1 0
50 34 16 2 0
49 33 17 2 0
51 32 18 1 0
85 32 19 1 0
84 32 20 1 0
82 32 21 1 0
79 32 22 1 0
4 18 23 0 1
92 108 18 1 0
90 108 19 3 0
91 106 20 1 0
43 106 21 1 0
4 18 22 0 1
4 9 20 0 1
93 96 20 1 0
34 96 21 1 0
13 96 22 1 0
27 96 23 1 0
28 96 24 1 0
26 96 25 1 0
45 96 26 1 0
33 96 27 1 0
7 96 28 1 0
32 96 29 1 0
70 96 30 1 0
73 96 31 1 0
5 96 32 1 0
59 96 33 1 0
86 96 34 1 0
87 96 35 1 0
66 96 36 1 0
67 96 37 1 0
68 96 38 1 0
88 96 39 5 0
4 24 40 0 1
24 32 40 1 0
43 32 41 1 0
4 18 42 0 1
4 22 40 0 1
8 41 40 1 0
34 41 41 1 0
13 41 42 1 0
27 41 43 1 0
28 41 44 1 0
26 41 45 1 0
45 41 46 1 0
33 41 47 1 0
7 41 48 1 0
32 41 49 1 0
70 41 50 1 0
73 41 51 1 0
5 41 52 1 0
59 41 53 1 0
86 41 54 1 0
87 41 55 1 0
66 41 56 1 0
35 41 57 3 0
6 40 58 1 0
43 40 59 1 0
4 18 60 0 1
4 11 58 0 1
43 78 58 1 0
4 18 59 0 1
4 29 40 0 1
4 30 17 0 1
17 58 15 1 0
50 58 16 2 0
49 57 17 2 0
51 55 18 1 0
85 55 19 1 0
84 55 20 1 0
81 55 21 2 0
83 54 22 1 0
61 54 23 1 0
37 54 24 1 0
4 12 25 0 1
31 51 22 4 0
4 21 23 0 1
4 27 23 0 1
4 21 23 0 1
4 27 23 0 1
92 91 18 1 0
90 91 19 3 0
91 90 20 1 0
43 90 21 1 0
4 18 22 0 1
4 9 20 0 1
93 97 20 1 0
34 97 21 1 0
13 97 22 1 0
27 97 23 1 0
28 97 24 1 0
26 97 25 1 0
45 97 26 1 0
33 97 27 1 0
7 97 28 1 0
32 97 29 1 0
70 97 30 1 0
73 97 31 1 0
5 97 32 1 0
59 97 33 1 0
86 97 34 1 0
87 97 35 1 0
66 97 36 1 0
67 97 37 1 0
10 97 38 1 0
11 97 39 3 0
4 24 40 0 1
69 54 40 1 0
61 54 41 1 0
37 54 42 1 0
4 12 43 0 1
30 49 40 2 0
29 48 41 3 0
4 21 42 0 1
34 5 42 1 0
13 5 43 1 0
27 5 44 1 0
28 5 45 1 0
26 5 46 1 0
45 5 47 1 0
33 5 48 1 0
7 5 49 1 0
32 5 50 1 0
70 5 51 1 0
73 5 52 1 0
5 5 53 1 0
59 5 54 1 0
86 5 55 1 0
87 5 56 1 0
66 5 57 1 0
67 5 58 1 0
68 5 59 1 0
48 5 60 1 0
4 19 61 0 1
4 27 42 0 1
29 48 41 3 0
4 21 42 0 1
34 5 42 1 0
13 5 43 1 0
27 5 44 1 0
28 5 45 1 0
26 5 46 1 0
45 5 47 1 0
33 5 48 1 0
7 5 49 1 0
32 5 50 1 0
70 5 51 1 0
73 5 52 1 0
5 5 53 1 0
59 5 54 1 0
86 5 55 1 0
87 5 56 1 0
66 5 57 1 0
67 5 58 1 0
68 5 59 1 0
48 5 60 1 0
4 19 61 0 1
4 27 42 0 1
4 30 17 0 1
17 44 15 1 0
3 44 16 1 0
74 44 17 1 0
77 44 18 1 0
36 44 19 2 0
75 43 20 1 0
56 43 21 6 0
80 42 22 1 0
64 42 23 3 0
43 40 24 1 0
4 18 25 0 1
4 11 24 0 1
64 99 24 1 0
43 99 25 1 0
4 18 26 0 1
4 11 22 0 1
43 100 22 1 0
4 18 23 0 1
4 22 22 0 1
8 0 22 1 0
34 0 23 1 0
13 0 24 1 0
27 0 25 1 0
28 0 26 1 0
26 0 27 1 0
45 0 28 1 0
33 0 29 1 0
7 0 30 1 0
32 0 31 1 0
70 0 32 1 0
73 0 33 1 0
5 0 34 1 0
59 0 35 1 0
86 0 36 1 0
87 0 37 1 0
66 0 38 1 0
67 0 39 1 0
68 0 40 1 0
48 0 41 1 0
4 37 42 0 1
4 29 22 0 1
4 30 20 0 1
17 64 15 1 0
3 64 16 1 0
74 64 17 1 0
39 64 18 1 0
15 64 19 9 0
4 14 20 0 1
4 22 20 0 1
38 80 20 1 0
49 80 21 2 0
51 79 22 1 0
85 79 23 1 0
83 79 24 1 0
61 79 25 1 0
46 79 26 1 0
4 17 27 0 1
92 74 22 1 0
90 74 23 3 0
91 71 24 1 0
43 71 25 1 0
4 18 26 0 1
4 9 24 0 1
93 4 24 1 0
34 4 25 1 0
13 4 26 1 0
27 4 27 1 0
28 4 28 1 0
26 4 29 1 0
45 4 30 1 0
33 4 31 1 0
7 4 32 1 0
32 4 33 1 0
70 4 34 1 0
73 4 35 1 0
5 4 36 1 0
59 4 37 1 0
86 4 38 1 0
87 4 39 1 0
66 4 40 1 0
67 4 41 1 0
68 4 42 1 0
48 4 43 1 0
4 19 44 0 1
4 30 20 0 1
34 73 20 1 0
13 73 21 1 0
27 73 22 1 0
28 73 23 1 0
26 73 24 1 0
45 73 25 1 0
33 73 26 1 0
7 73 27 1 0
32 73 28 1 0
70 73 29 3 0
70 71 30 1 0
73 71 31 1 0
5 71 32 1 0
59 71 33 1 0
86 71 34 1 0
87 71 35 1 0
66 71 36 1 0
35 71 37 1 0
43 71 38 1 0
4 18 39 0 1
4 23 30 0 1
73 5 30 1 0
5 5 31 1 0
59 5 32 1 0
86 5 33 1 0
87 5 34 1 0
66 5 35 1 0
67 5 36 1 0
68 5 37 1 0
48 5 38 1 0
4 19 39 0 1
4 30 20 0 1
40 72 20 1 0
76 72 21 1 0
75 72 22 1 0
65 72 23 2 0
66 71 24 1 0
35 71 25 1 0
43 71 26 1 0
4 18 27 0 1
4 16 24 0 1
4 29 20 0 1
3 119 20 1 0
74 119 21 1 0
77 119 22 1 0
16 119 23 3 0
4 20 24 0 1
18 66 24 1 0
17 66 25 1 0
3 66 26 1 0
74 66 27 1 0
39 66 28 1 0
15 66 29 9 0
4 14 30 0 1
4 22 30 0 1
38 81 30 1 0
49 81 31 2 0
51 79 32 1 0
85 79 33 1 0
83 79 34 1 0
61 79 35 1 0
46 79 36 1 0
4 17 37 0 1
92 85 32 1 0
90 85 33 3 0
91 82 34 1 0
43 82 35 1 0
4 18 36 0 1
4 9 34 0 1
93 4 34 1 0
34 4 35 1 0
13 4 36 1 0
27 4 37 1 0
28 4 38 1 0
26 4 39 1 0
45 4 40 1 0
33 4 41 1 0
7 4 42 1 0
32 4 43 1 0
70 4 44 1 0
73 4 45 1 0
5 4 46 1 0
59 4 47 1 0
86 4 48 1 0
87 4 49 1 0
66 4 50 1 0
67 4 51 1 0
68 4 52 1 0
48 4 53 1 0
4 19 54 0 1
4 30 30 0 1
34 84 30 1 0
13 84 31 1 0
27 84 32 1 0
28 84 33 1 0
26 84 34 1 0
45 84 35 1 0
33 84 36 1 0
7 84 37 1 0
32 84 38 1 0
70 84 39 3 0
70 82 40 1 0
73 82 41 1 0
5 82 42 1 0
59 82 43 1 0
86 82 44 1 0
87 82 45 1 0
66 82 46 1 0
35 82 47 1 0
43 82 48 1 0
4 18 49 0 1
4 23 40 0 1
73 5 40 1 0
5 5 41 1 0
59 5 42 1 0
86 5 43 1 0
87 5 44 1 0
66 5 45 1 0
67 5 46 1 0
68 5 47 1 0
48 5 48 1 0
4 19 49 0 1
4 30 30 0 1
40 83 30 1 0
76 83 31 1 0
75 83 32 1 0
65 83 33 2 0
66 82 34 1 0
35 82 35 1 0
43 82 36 1 0
4 18 37 0 1
4 16 34 0 1
4 29 30 0 1
3 122 30 1 0
74 122 31 1 0
77 122 32 1 0
16 122 33 3 0
4 20 34 0 1
18 95 34 1 0
17 95 35 1 0
3 95 36 1 0
74 95 37 1 0
77 95 38 1 0
36 95 39 2 0
75 94 40 1 0
12 94 41 3 0
47 93 42 1 0
9 93 43 4 0
68 92 44 4 0
35 90 45 1 0
43 90 46 1 0
4 18 47 0 1
4 21 45 0 1
34 71 45 1 0
13 71 46 1 0
27 71 47 1 0
28 71 48 1 0
26 71 49 1 0
45 71 50 1 0
33 71 51 1 0
7 71 52 1 0
32 71 53 1 0
70 71 54 1 0
73 71 55 1 0
5 71 56 1 0
59 71 57 1 0
86 71 58 1 0
87 71 59 1 0
66 71 60 1 0
35 71 61 1 0
43 71 62 1 0
4 18 63 0 1
4 27 45 0 1
4 21 44 0 1
34 82 44 1 0
13 82 45 1 0
27 82 46 1 0
28 82 47 1 0
26 82 48 1 0
45 82 49 1 0
33 82 50 1 0
7 82 51 1 0
32 82 52 1 0
70 82 53 1 0
73 82 54 1 0
5 82 55 1 0
59 82 56 1 0
86 82 57 1 0
87 82 58 1 0
66 82 59 1 0
35 82 60 1 0
43 82 61 1 0
4 18 62 0 1
4 27 44 0 1
14 6 42 1 0
4 9 43 0 1
34 107 42 1 0
13 107 43 1 0
27 107 44 1 0
28 107 45 1 0
26 107 46 1 0
45 107 47 1 0
33 107 48 1 0
7 107 49 1 0
32 107 50 1 0
70 107 51 1 0
73 107 52 1 0
5 107 53 1 0
59 107 54 1 0
86 107 55 1 0
87 107 56 1 0
66 107 57 1 0
67 107 58 1 0
68 107 59 5 0
80 106 60 1 0
64 106 61 1 0
43 106 62 1 0
4 18 63 0 1
4 11 60 0 1
43 98 60 1 0
4 18 61 0 1
4 22 60 0 1
4 29 60 0 1
4 30 40 0 1
4 26 34 0 1
4 26 24 0 1
17 46 15 1 0
3 46 16 1 0
74 46 17 1 0
77 46 18 1 0
36 46 19 2 0
75 45 20 1 0
56 45 21 6 0
80 42 22 1 0
64 42 23 3 0
43 40 24 1 0
4 18 25 0 1
4 11 24 0 1
64 99 24 1 0
43 99 25 1 0
4 18 26 0 1
4 11 22 0 1
43 100 22 1 0
4 18 23 0 1
4 22 22 0 1
8 2 22 1 0
34 2 23 1 0
13 2 24 1 0
27 2 25 1 0
28 2 26 1 0
26 2 27 1 0
45 2 28 1 0
33 2 29 1 0
7 2 30 1 0
32 2 31 1 0
70 2 32 1 0
73 2 33 1 0
5 2 34 3 0
5 1 35 1 0
59 1 36 1 0
86 1 37 1 0
87 1 38 1 0
66 1 39 1 0
67 1 40 1 0
68 1 41 1 0
48 1 42 1 0
4 37 43 0 1
4 7 35 0 1
59 112 35 1 0
86 112 36 1 0
87 112 37 1 0
66 112 38 1 0
67 112 39 1 0
68 112 40 4 0
58 110 41 1 0
89 110 42 1 0
4 18 43 0 1
4 22 41 0 1
8 90 41 1 0
34 90 42 1 0
13 90 43 1 0
27 90 44 1 0
28 90 45 1 0
26 90 46 1 0
45 90 47 1 0
33 90 48 1 0
7 90 49 1 0
32 90 50 1 0
70 90 51 1 0
73 90 52 1 0
5 90 53 1 0
59 90 54 1 0
86 90 55 1 0
87 90 56 1 0
66 90 57 1 0
35 90 58 1 0
43 90 59 1 0
4 18 60 0 1
4 29 41 0 1
4 29 22 0 1
4 30 20 0 1
4 26 14 0 1
20 103 8 1 0
22 103 9 1 0
2 124 10 1 0
53 103 11 4 0
57 101 12 1 0
4 25 13 0 1
57 109 12 1 0
4 31 13 0 1
55 62 12 2 0
71 54 13 1 0
85 54 14 1 0
83 54 15 1 0
61 54 16 1 0
37 54 17 1 0
4 12 18 0 1
54 111 13 4 0
43 110 14 1 0
4 18 15 0 1
4 22 14 0 1
42 56 14 1 0
41 56 15 2 0
85 55 16 1 0
84 55 17 1 0
81 55 18 2 0
83 54 19 1 0
61 54 20 1 0
37 54 21 1 0
4 12 22 0 1
31 51 19 4 0
4 21 20 0 1
4 27 20 0 1
4 21 20 0 1
4 27 20 0 1
91 86 16 1 0
43 86 17 1 0
4 18 18 0 1
4 29 14 0 1
52 117 12 1 0
16 117 13 3 0
4 20 14 0 1
18 61 14 3 0
17 60 15 1 0
50 60 16 2 0
49 59 17 2 0
51 54 18 1 0
85 54 19 1 0
83 54 20 1 0
61 54 21 1 0
37 54 22 1 0
4 12 23 0 1
92 70 18 1 0
90 70 19 3 0
91 67 20 1 0
43 67 21 1 0
4 18 22 0 1
4 9 20 0 1
93 4 20 1 0
34 4 21 1 0
13 4 22 1 0
27 4 23 1 0
28 4 24 1 0
26 4 25 1 0
45 4 26 1 0
33 4 27 1 0
7 4 28 1 0
32 4 29 1 0
70 4 30 1 0
73 4 31 1 0
5 4 32 1 0
59 4 33 1 0
86 4 34 1 0
87 4 35 1 0
66 4 36 1 0
67 4 37 1 0
68 4 38 1 0
48 4 39 1 0
4 19 40 0 1
4 30 17 0 1
17 63 15 1 0
3 63 16 1 0
74 63 17 1 0
39 63 18 1 0
15 63 19 9 0
4 14 20 0 1
4 22 20 0 1
38 80 20 1 0
49 80 21 2 0
51 79 22 1 0
85 79 23 1 0
83 79 24 1 0
61 79 25 1 0
46 79 26 1 0
4 17 27 0 1
92 74 22 1 0
90 74 23 3 0
91 71 24 1 0
43 71 25 1 0
4 18 26 0 1
4 9 24 0 1
93 4 24 1 0
34 4 25 1 0
13 4 26 1 0
27 4 27 1 0
28 4 28 1 0
26 4 29 1 0
45 4 30 1 0
33 4 31 1 0
7 4 32 1 0
32 4 33 1 0
70 4 34 1 0
73 4 35 1 0
5 4 36 1 0
59 4 37 1 0
86 4 38 1 0
87 4 39 1 0
66 4 40 1 0
67 4 41 1 0
68 4 42 1 0
48 4 43 1 0
4 19 44 0 1
4 30 20 0 1
34 73 20 1 0
13 73 21 1 0
27 73 22 1 0
28 73 23 1 0
26 73 24 1 0
45 73 25 1 0
33 73 26 1 0
7 73 27 1 0
32 73 28 1 0
70 73 29 3 0
70 71 30 1 0
73 71 31 1 0
5 71 32 1 0
59 71 33 1 0
86 71 34 1 0
87 71 35 1 0
66 71 36 1 0
35 71 37 1 0
43 71 38 1 0
4 18 39 0 1
4 23 30 0 1
73 5 30 1 0
5 5 31 1 0
59 5 32 1 0
86 5 33 1 0
87 5 34 1 0
66 5 35 1 0
67 5 36 1 0
68 5 37 1 0
48 5 38 1 0
4 19 39 0 1
4 30 20 0 1
40 72 20 1 0
76 72 21 1 0
75 72 22 1 0
65 72 23 2 0
66 71 24 1 0
35 71 25 1 0
43 71 26 1 0
4 18 27 0 1
4 16 24 0 1
4 29 20 0 1
3 118 20 1 0
74 118 21 1 0
77 118 22 1 0
16 118 23 3 0
4 20 24 0 1
18 65 24 1 0
17 65 25 1 0
3 65 26 1 0
74 65 27 1 0
39 65 28 1 0
15 65 29 9 0
4 14 30 0 1
4 22 30 0 1
38 81 30 1 0
49 81 31 2 0
51 79 32 1 0
85 79 33 1 0
83 79 34 1 0
61 79 35 1 0
46 79 36 1 0
4 17 37 0 1
92 85 32 1 0
90 85 33 3 0
91 82 34 1 0
43 82 35 1 0
4 18 36 0 1
4 9 34 0 1
93 4 34 1 0
34 4 35 1 0
13 4 36 1 0
27 4 37 1 0
28 4 38 1 0
26 4 39 1 0
45 4 40 1 0
33 4 41 1 0
7 4 42 1 0
32 4 43 1 0
70 4 44 1 0
73 4 45 1 0
5 4 46 1 0
59 4 47 1 0
86 4 48 1 0
87 4 49 1 0
66 4 50 1 0
67 4 51 1 0
68 4 52 1 0
48 4 53 1 0
4 19 54 0 1
4 30 30 0 1
34 84 30 1 0
13 84 31 1 0
27 84 32 1 0
28 84 33 1 0
26 84 34 1 0
45 84 35 1 0
33 84 36 1 0
7 84 37 1 0
32 84 38 1 0
70 84 39 3 0
70 82 40 1 0
73 82 41 1 0
5 82 42 1 0
59 82 43 1 0
86 82 44 1 0
87 82 45 1 0
66 82 46 1 0
35 82 47 1 0
43 82 48 1 0
4 18 49 0 1
4 23 40 0 1
73 5 40 1 0
5 5 41 1 0
59 5 42 1 0
86 5 43 1 0
87 5 44 1 0
66 5 45 1 0
67 5 46 1 0
68 5 47 1 0
48 5 48 1 0
4 19 49 0 1
4 30 30 0 1
40 83 30 1 0
76 83 31 1 0
75 83 32 1 0
65 83 33 2 0
66 82 34 1 0
35 82 35 1 0
43 82 36 1 0
4 18 37 0 1
4 16 34 0 1
4 29 30 0 1
3 121 30 1 0
74 121 31 1 0
77 121 32 1 0
16 121 33 3 0
4 20 34 0 1
18 76 34 1 0
17 76 35 1 0
3 76 36 1 0
74 76 37 1 0
44 76 38 5 0
4 15 39 0 1
4 22 39 0 1
34 75 39 1 0
13 75 40 1 0
27 75 41 1 0
28 75 42 1 0
26 75 43 1 0
45 75 44 1 0
33 75 45 1 0
7 75 46 1 0
32 75 47 3 0
32 71 48 1 0
70 71 49 1 0
73 71 50 1 0
5 71 51 1 0
59 71 52 1 0
86 71 53 1 0
87 71 54 1 0
66 71 55 1 0
35 71 56 1 0
43 71 57 1 0
4 18 58 0 1
4 13 48 0 1
70 82 48 1 0
73 82 49 1 0
5 82 50 1 0
59 82 51 1 0
86 82 52 1 0
87 82 53 1 0
66 82 54 1 0
35 82 55 1 0
43 82 56 1 0
4 18 57 0 1
4 29 39 0 1
3 120 39 1 0
74 120 40 1 0
77 120 41 1 0
16 120 42 3 0
4 20 43 0 1
18 69 43 1 0
17 69 44 1 0
3 69 45 1 0
74 69 46 1 0
77 69 47 1 0
36 69 48 2 0
75 68 49 1 0
12 68 50 3 0
47 67 51 1 0
35 67 52 1 0
43 67 53 1 0
4 18 54 0 1
14 3 51 1 0
4 8 52 0 1
34 87 51 1 0
13 87 52 1 0
27 87 53 1 0
28 87 54 1 0
26 87 55 1 0
45 87 56 1 0
33 87 57 1 0
7 87 58 1 0
32 87 59 1 0
70 87 60 1 0
73 87 61 1 0
5 87 62 1 0
59 87 63 1 0
86 87 64 1 0
87 87 65 1 0
66 87 66 1 0
67 87 67 1 0
68 87 68 5 0
35 86 69 1 0
43 86 70 1 0
4 18 71 0 1
4 21 69 0 1
34 71 69 1 0
13 71 70 1 0
27 71 71 1 0
28 71 72 1 0
26 71 73 1 0
45 71 74 1 0
33 71 75 1 0
7 71 76 1 0
32 71 77 1 0
70 71 78 1 0
73 71 79 1 0
5 71 80 1 0
59 71 81 1 0
86 71 82 1 0
87 71 83 1 0
66 71 84 1 0
35 71 85 1 0
43 71 86 1 0
4 18 87 0 1
4 27 69 0 1
63 52 69 3 0
4 21 70 0 1
34 82 70 1 0
13 82 71 1 0
27 82 72 1 0
28 82 73 1 0
26 82 74 1 0
45 82 75 1 0
33 82 76 1 0
7 82 77 1 0
32 82 78 1 0
70 82 79 1 0
73 82 80 1 0
5 82 81 1 0
59 82 82 1 0
86 82 83 1 0
87 82 84 1 0
66 82 85 1 0
35 82 86 1 0
43 82 87 1 0
4 18 88 0 1
4 27 70 0 1
4 30 49 0 1
4 26 43 0 1
4 26 34 0 1
4 26 24 0 1
17 105 15 1 0
3 105 16 1 0
74 105 17 1 0
77 105 18 1 0
72 105 19 3 0
4 28 20 0 1
34 67 20 1 0
13 67 21 1 0
27 67 22 1 0
28 67 23 1 0
26 67 24 1 0
45 67 25 1 0
33 67 26 1 0
7 67 27 1 0
32 67 28 1 0
70 67 29 1 0
73 67 30 1 0
5 67 31 1 0
59 67 32 1 0
86 67 33 1 0
87 67 34 1 0
66 67 35 1 0
35 67 36 1 0
43 67 37 1 0
4 18 38 0 1
4 30 20 0 1
4 26 14 0 1
4 26 8 0 1
