1 0 1 0
25 1 1 0
61 2 1 0
77 3 1 0
0 4 1 0
21 5 1 0
59 6 4 0
23 7 1 0
4 8 0 1
4 7 0 1
78 7 1 0
4 8 0 1
19 7 4 0
4 8 0 1
20 8 1 0
22 9 1 0
2 10 1 0
52 11 4 0
56 12 1 0
4 13 0 1
56 12 1 0
4 13 0 1
54 12 2 0
70 13 1 0
4 14 0 1
53 13 4 0
43 14 1 0
4 15 0 1
4 14 0 1
42 14 1 0
41 15 2 0
84 16 1 0
83 17 1 0
80 18 2 0
81 19 1 0
78 20 1 0
4 21 0 1
31 19 2 0
4 20 0 1
4 20 0 1
90 16 1 0
43 17 1 0
4 18 0 1
4 14 0 1
51 12 1 0
16 13 3 0
4 14 0 1
18 14 5 0
17 15 1 0
49 16 2 0
48 17 2 0
50 18 1 0
84 19 1 0
83 20 1 0
81 21 1 0
78 22 1 0
4 23 0 1
91 18 1 0
89 19 3 0
90 20 1 0
43 21 1 0
4 22 0 1
4 20 0 1
92 20 1 0
34 21 1 0
13 22 1 0
27 23 1 0
28 24 1 0
26 25 1 0
44 26 1 0
33 27 1 0
7 28 1 0
32 29 1 0
69 30 1 0
72 31 1 0
5 32 1 0
58 33 1 0
85 34 1 0
86 35 1 0
65 36 1 0
66 37 1 0
67 38 1 0
87 39 5 0
4 40 0 1
24 40 1 0
43 41 1 0
4 42 0 1
4 40 0 1
8 40 1 0
34 41 1 0
13 42 1 0
27 43 1 0
28 44 1 0
26 45 1 0
44 46 1 0
33 47 1 0
7 48 1 0
32 49 1 0
69 50 1 0
72 51 1 0
5 52 1 0
58 53 1 0
85 54 1 0
86 55 1 0
65 56 1 0
35 57 3 0
6 58 1 0
43 59 1 0
4 60 0 1
4 58 0 1
43 58 1 0
4 59 0 1
4 40 0 1
4 17 0 1
17 15 1 0
49 16 2 0
48 17 2 0
50 18 1 0
84 19 1 0
83 20 1 0
80 21 2 0
82 22 1 0
60 23 1 0
37 24 1 0
4 25 0 1
31 22 4 0
4 23 0 1
4 23 0 1
4 23 0 1
4 23 0 1
91 18 1 0
89 19 3 0
90 20 1 0
43 21 1 0
4 22 0 1
4 20 0 1
92 20 1 0
34 21 1 0
13 22 1 0
27 23 1 0
28 24 1 0
26 25 1 0
44 26 1 0
33 27 1 0
7 28 1 0
32 29 1 0
69 30 1 0
72 31 1 0
5 32 1 0
58 33 1 0
85 34 1 0
86 35 1 0
65 36 1 0
66 37 1 0
10 38 1 0
11 39 3 0
4 40 0 1
68 40 1 0
60 41 1 0
37 42 1 0
4 43 0 1
30 40 2 0
29 41 3 0
4 42 0 1
34 42 1 0
13 43 1 0
27 44 1 0
28 45 1 0
26 46 1 0
44 47 1 0
33 48 1 0
7 49 1 0
32 50 1 0
69 51 1 0
72 52 1 0
5 53 1 0
58 54 1 0
85 55 1 0
86 56 1 0
65 57 1 0
66 58 1 0
67 59 1 0
47 60 1 0
4 61 0 1
4 42 0 1
29 41 3 0
4 42 0 1
34 42 1 0
13 43 1 0
27 44 1 0
28 45 1 0
26 46 1 0
44 47 1 0
33 48 1 0
7 49 1 0
32 50 1 0
69 51 1 0
72 52 1 0
5 53 1 0
58 54 1 0
85 55 1 0
86 56 1 0
65 57 1 0
66 58 1 0
67 59 1 0
47 60 1 0
4 61 0 1
4 42 0 1
4 17 0 1
17 15 1 0
3 16 1 0
73 17 1 0
76 18 1 0
36 19 2 0
74 20 1 0
55 21 6 0
79 22 1 0
63 23 3 0
43 24 1 0
4 25 0 1
4 24 0 1
63 24 1 0
43 25 1 0
4 26 0 1
4 22 0 1
43 22 1 0
4 23 0 1
4 22 0 1
8 22 1 0
34 23 1 0
13 24 1 0
27 25 1 0
28 26 1 0
26 27 1 0
44 28 1 0
33 29 1 0
7 30 1 0
32 31 1 0
69 32 1 0
72 33 1 0
5 34 1 0
58 35 1 0
85 36 1 0
86 37 1 0
65 38 1 0
66 39 1 0
67 40 1 0
47 41 1 0
4 42 0 1
4 22 0 1
4 20 0 1
17 15 1 0
3 16 1 0
73 17 1 0
39 18 1 0
15 19 9 0
4 20 0 1
4 20 0 1
38 20 1 0
48 21 2 0
50 22 1 0
84 23 1 0
82 24 1 0
60 25 1 0
45 26 1 0
4 27 0 1
91 22 1 0
89 23 3 0
90 24 1 0
43 25 1 0
4 26 0 1
4 24 0 1
92 24 1 0
34 25 1 0
13 26 1 0
27 27 1 0
28 28 1 0
26 29 1 0
44 30 1 0
33 31 1 0
7 32 1 0
32 33 1 0
69 34 1 0
72 35 1 0
5 36 1 0
58 37 1 0
85 38 1 0
86 39 1 0
65 40 1 0
66 41 1 0
67 42 1 0
47 43 1 0
4 44 0 1
4 20 0 1
34 20 1 0
13 21 1 0
27 22 1 0
28 23 1 0
26 24 1 0
44 25 1 0
33 26 1 0
7 27 1 0
32 28 1 0
69 29 3 0
69 30 1 0
72 31 1 0
5 32 1 0
58 33 1 0
85 34 1 0
86 35 1 0
65 36 1 0
35 37 1 0
43 38 1 0
4 39 0 1
4 30 0 1
72 30 1 0
5 31 1 0
58 32 1 0
85 33 1 0
86 34 1 0
65 35 1 0
66 36 1 0
67 37 1 0
47 38 1 0
4 39 0 1
4 20 0 1
40 20 1 0
75 21 1 0
74 22 1 0
64 23 2 0
65 24 1 0
35 25 1 0
43 26 1 0
4 27 0 1
4 24 0 1
4 20 0 1
3 20 1 0
73 21 1 0
76 22 1 0
16 23 3 0
4 24 0 1
18 24 1 0
17 25 1 0
3 26 1 0
73 27 1 0
39 28 1 0
15 29 9 0
4 30 0 1
4 30 0 1
38 30 1 0
48 31 2 0
50 32 1 0
84 33 1 0
82 34 1 0
60 35 1 0
45 36 1 0
4 37 0 1
91 32 1 0
89 33 3 0
90 34 1 0
43 35 1 0
4 36 0 1
4 34 0 1
92 34 1 0
34 35 1 0
13 36 1 0
27 37 1 0
28 38 1 0
26 39 1 0
44 40 1 0
33 41 1 0
7 42 1 0
32 43 1 0
69 44 1 0
72 45 1 0
5 46 1 0
58 47 1 0
85 48 1 0
86 49 1 0
65 50 1 0
66 51 1 0
67 52 1 0
47 53 1 0
4 54 0 1
4 30 0 1
34 30 1 0
13 31 1 0
27 32 1 0
28 33 1 0
26 34 1 0
44 35 1 0
33 36 1 0
7 37 1 0
32 38 1 0
69 39 3 0
69 40 1 0
72 41 1 0
5 42 1 0
58 43 1 0
85 44 1 0
86 45 1 0
65 46 1 0
35 47 1 0
43 48 1 0
4 49 0 1
4 40 0 1
72 40 1 0
5 41 1 0
58 42 1 0
85 43 1 0
86 44 1 0
65 45 1 0
66 46 1 0
67 47 1 0
47 48 1 0
4 49 0 1
4 30 0 1
40 30 1 0
75 31 1 0
74 32 1 0
64 33 2 0
65 34 1 0
35 35 1 0
43 36 1 0
4 37 0 1
4 34 0 1
4 30 0 1
3 30 1 0
73 31 1 0
76 32 1 0
16 33 3 0
4 34 0 1
18 34 1 0
17 35 1 0
3 36 1 0
73 37 1 0
76 38 1 0
36 39 2 0
74 40 1 0
12 41 3 0
46 42 1 0
9 43 4 0
67 44 4 0
35 45 1 0
43 46 1 0
4 47 0 1
4 45 0 1
34 45 1 0
13 46 1 0
27 47 1 0
28 48 1 0
26 49 1 0
44 50 1 0
33 51 1 0
7 52 1 0
32 53 1 0
69 54 1 0
72 55 1 0
5 56 1 0
58 57 1 0
85 58 1 0
86 59 1 0
65 60 1 0
35 61 1 0
43 62 1 0
4 63 0 1
4 45 0 1
4 44 0 1
34 44 1 0
13 45 1 0
27 46 1 0
28 47 1 0
26 48 1 0
44 49 1 0
33 50 1 0
7 51 1 0
32 52 1 0
69 53 1 0
72 54 1 0
5 55 1 0
58 56 1 0
85 57 1 0
86 58 1 0
65 59 1 0
35 60 1 0
43 61 1 0
4 62 0 1
4 44 0 1
14 42 1 0
4 43 0 1
34 42 1 0
13 43 1 0
27 44 1 0
28 45 1 0
26 46 1 0
44 47 1 0
33 48 1 0
7 49 1 0
32 50 1 0
69 51 1 0
72 52 1 0
5 53 1 0
58 54 1 0
85 55 1 0
86 56 1 0
65 57 1 0
66 58 1 0
67 59 5 0
79 60 1 0
63 61 1 0
43 62 1 0
4 63 0 1
4 60 0 1
43 60 1 0
4 61 0 1
4 60 0 1
4 60 0 1
4 40 0 1
4 34 0 1
4 24 0 1
17 15 1 0
3 16 1 0
73 17 1 0
76 18 1 0
36 19 2 0
74 20 1 0
55 21 6 0
79 22 1 0
63 23 3 0
43 24 1 0
4 25 0 1
4 24 0 1
63 24 1 0
43 25 1 0
4 26 0 1
4 22 0 1
43 22 1 0
4 23 0 1
4 22 0 1
8 22 1 0
34 23 1 0
13 24 1 0
27 25 1 0
28 26 1 0
26 27 1 0
44 28 1 0
33 29 1 0
7 30 1 0
32 31 1 0
69 32 1 0
72 33 1 0
5 34 3 0
5 35 1 0
58 36 1 0
85 37 1 0
86 38 1 0
65 39 1 0
66 40 1 0
67 41 1 0
47 42 1 0
4 43 0 1
4 35 0 1
58 35 1 0
85 36 1 0
86 37 1 0
65 38 1 0
66 39 1 0
67 40 4 0
57 41 1 0
88 42 1 0
4 43 0 1
4 41 0 1
8 41 1 0
34 42 1 0
13 43 1 0
27 44 1 0
28 45 1 0
26 46 1 0
44 47 1 0
33 48 1 0
7 49 1 0
32 50 1 0
69 51 1 0
72 52 1 0
5 53 1 0
58 54 1 0
85 55 1 0
86 56 1 0
65 57 1 0
35 58 1 0
43 59 1 0
4 60 0 1
4 41 0 1
4 22 0 1
4 20 0 1
4 14 0 1
20 8 1 0
22 9 1 0
2 10 1 0
52 11 4 0
56 12 1 0
4 13 0 1
56 12 1 0
4 13 0 1
54 12 2 0
70 13 1 0
84 14 1 0
82 15 1 0
60 16 1 0
37 17 1 0
4 18 0 1
53 13 4 0
43 14 1 0
4 15 0 1
4 14 0 1
42 14 1 0
41 15 2 0
84 16 1 0
83 17 1 0
80 18 2 0
82 19 1 0
60 20 1 0
37 21 1 0
4 22 0 1
31 19 4 0
4 20 0 1
4 20 0 1
4 20 0 1
4 20 0 1
90 16 1 0
43 17 1 0
4 18 0 1
4 14 0 1
51 12 1 0
16 13 3 0
4 14 0 1
18 14 3 0
17 15 1 0
49 16 2 0
48 17 2 0
50 18 1 0
84 19 1 0
82 20 1 0
60 21 1 0
37 22 1 0
4 23 0 1
91 18 1 0
89 19 3 0
90 20 1 0
43 21 1 0
4 22 0 1
4 20 0 1
92 20 1 0
34 21 1 0
13 22 1 0
27 23 1 0
28 24 1 0
26 25 1 0
44 26 1 0
33 27 1 0
7 28 1 0
32 29 1 0
69 30 1 0
72 31 1 0
5 32 1 0
58 33 1 0
85 34 1 0
86 35 1 0
65 36 1 0
66 37 1 0
67 38 1 0
47 39 1 0
4 40 0 1
4 17 0 1
17 15 1 0
3 16 1 0
73 17 1 0
39 18 1 0
15 19 9 0
4 20 0 1
4 20 0 1
38 20 1 0
48 21 2 0
50 22 1 0
84 23 1 0
82 24 1 0
60 25 1 0
45 26 1 0
4 27 0 1
91 22 1 0
89 23 3 0
90 24 1 0
43 25 1 0
4 26 0 1
4 24 0 1
92 24 1 0
34 25 1 0
13 26 1 0
27 27 1 0
28 28 1 0
26 29 1 0
44 30 1 0
33 31 1 0
7 32 1 0
32 33 1 0
69 34 1 0
72 35 1 0
5 36 1 0
58 37 1 0
85 38 1 0
86 39 1 0
65 40 1 0
66 41 1 0
67 42 1 0
47 43 1 0
4 44 0 1
4 20 0 1
34 20 1 0
13 21 1 0
27 22 1 0
28 23 1 0
26 24 1 0
44 25 1 0
33 26 1 0
7 27 1 0
32 28 1 0
69 29 3 0
69 30 1 0
72 31 1 0
5 32 1 0
58 33 1 0
85 34 1 0
86 35 1 0
65 36 1 0
35 37 1 0
43 38 1 0
4 39 0 1
4 30 0 1
72 30 1 0
5 31 1 0
58 32 1 0
85 33 1 0
86 34 1 0
65 35 1 0
35 36 3 0
6 37 1 0
43 38 1 0
4 39 0 1
4 37 0 1
43 37 1 0
4 38 0 1
4 20 0 1
40 20 1 0
75 21 1 0
74 22 1 0
64 23 2 0
65 24 1 0
35 25 1 0
43 26 1 0
4 27 0 1
4 24 0 1
4 20 0 1
3 20 1 0
73 21 1 0
76 22 1 0
36 23 2 0
74 24 1 0
12 25 3 0
46 26 1 0
35 27 1 0
43 28 1 0
4 29 0 1
14 26 1 0
4 27 0 1
34 26 1 0
13 27 1 0
27 28 1 0
28 29 1 0
26 30 1 0
44 31 1 0
33 32 1 0
7 33 1 0
32 34 1 0
69 35 1 0
72 36 1 0
5 37 1 0
58 38 1 0
85 39 1 0
86 40 1 0
65 41 1 0
66 42 1 0
67 43 5 0
35 44 1 0
43 45 1 0
4 46 0 1
4 44 0 1
34 44 1 0
13 45 1 0
27 46 1 0
28 47 1 0
26 48 1 0
44 49 1 0
33 50 1 0
7 51 1 0
32 52 1 0
69 53 1 0
72 54 1 0
5 55 1 0
58 56 1 0
85 57 1 0
86 58 1 0
65 59 1 0
35 60 1 0
43 61 1 0
4 62 0 1
4 44 0 1
62 44 3 0
4 45 0 1
34 45 1 0
13 46 1 0
27 47 1 0
28 48 1 0
26 49 1 0
44 50 1 0
33 51 1 0
7 52 1 0
32 53 1 0
69 54 1 0
72 55 1 0
5 56 1 0
58 57 1 0
85 58 1 0
86 59 1 0
65 60 1 0
35 61 1 0
43 62 1 0
4 63 0 1
4 45 0 1
4 24 0 1
17 15 1 0
3 16 1 0
73 17 1 0
76 18 1 0
71 19 3 0
4 20 0 1
34 20 1 0
13 21 1 0
27 22 1 0
28 23 1 0
26 24 1 0
44 25 1 0
33 26 1 0
7 27 1 0
32 28 1 0
69 29 1 0
72 30 1 0
5 31 1 0
58 32 1 0
85 33 1 0
86 34 1 0
65 35 1 0
35 36 1 0
43 37 1 0
4 38 0 1
4 20 0 1
4 14 0 1
4 8 0 1
