1 0 1 0
24 1 1 0
60 2 1 0
76 3 1 0
0 4 1 0
21 5 1 0
58 6 3 0
4 7 0 1
77 7 1 0
4 8 0 1
19 7 4 0
4 8 0 1
20 8 1 0
22 9 1 0
2 10 1 0
51 11 4 0
55 12 1 0
4 13 0 1
55 12 1 0
4 13 0 1
53 12 2 0
69 13 1 0
4 14 0 1
52 13 4 0
42 14 1 0
4 15 0 1
4 14 0 1
41 14 1 0
40 15 2 0
83 16 1 0
82 17 1 0
79 18 2 0
80 19 1 0
77 20 1 0
4 21 0 1
30 19 2 0
4 20 0 1
4 20 0 1
89 16 1 0
42 17 1 0
4 18 0 1
4 14 0 1
50 12 1 0
16 13 3 0
4 14 0 1
18 14 5 0
17 15 1 0
48 16 2 0
47 17 2 0
49 18 1 0
83 19 1 0
82 20 1 0
80 21 1 0
77 22 1 0
4 23 0 1
90 18 1 0
88 19 3 0
89 20 1 0
42 21 1 0
4 22 0 1
4 20 0 1
91 20 1 0
33 21 1 0
13 22 1 0
26 23 1 0
27 24 1 0
25 25 1 0
43 26 1 0
32 27 1 0
7 28 1 0
31 29 1 0
68 30 1 0
71 31 1 0
5 32 1 0
57 33 1 0
84 34 1 0
85 35 1 0
64 36 1 0
65 37 1 0
66 38 1 0
86 39 5 0
4 40 0 1
23 40 1 0
42 41 1 0
4 42 0 1
4 40 0 1
8 40 1 0
33 41 1 0
13 42 1 0
26 43 1 0
27 44 1 0
25 45 1 0
43 46 1 0
32 47 1 0
7 48 1 0
31 49 1 0
68 50 1 0
71 51 1 0
5 52 1 0
57 53 1 0
84 54 1 0
85 55 1 0
64 56 1 0
34 57 3 0
6 58 1 0
42 59 1 0
4 60 0 1
4 58 0 1
42 58 1 0
4 59 0 1
4 40 0 1
4 17 0 1
17 15 1 0
3 16 1 0
72 17 1 0
75 18 1 0
35 19 2 0
73 20 1 0
54 21 6 0
78 22 1 0
62 23 3 0
42 24 1 0
4 25 0 1
4 24 0 1
62 24 1 0
42 25 1 0
4 26 0 1
4 22 0 1
42 22 1 0
4 23 0 1
4 22 0 1
8 22 1 0
33 23 1 0
13 24 1 0
26 25 1 0
27 26 1 0
25 27 1 0
43 28 1 0
32 29 1 0
7 30 1 0
31 31 1 0
68 32 1 0
71 33 1 0
5 34 1 0
57 35 1 0
84 36 1 0
85 37 1 0
64 38 1 0
65 39 1 0
66 40 1 0
46 41 1 0
4 42 0 1
4 22 0 1
4 20 0 1
17 15 1 0
48 16 2 0
47 17 2 0
49 18 1 0
83 19 1 0
82 20 1 0
79 21 2 0
81 22 1 0
59 23 1 0
36 24 1 0
4 25 0 1
30 22 4 0
4 23 0 1
4 23 0 1
4 23 0 1
4 23 0 1
90 18 1 0
88 19 3 0
89 20 1 0
42 21 1 0
4 22 0 1
4 20 0 1
91 20 1 0
33 21 1 0
13 22 1 0
26 23 1 0
27 24 1 0
25 25 1 0
43 26 1 0
32 27 1 0
7 28 1 0
31 29 1 0
68 30 1 0
71 31 1 0
5 32 1 0
57 33 1 0
84 34 1 0
85 35 1 0
64 36 1 0
65 37 1 0
10 38 1 0
11 39 3 0
4 40 0 1
67 40 1 0
59 41 1 0
36 42 1 0
4 43 0 1
29 40 2 0
28 41 3 0
4 42 0 1
33 42 1 0
13 43 1 0
26 44 1 0
27 45 1 0
25 46 1 0
43 47 1 0
32 48 1 0
7 49 1 0
31 50 1 0
68 51 1 0
71 52 1 0
5 53 1 0
57 54 1 0
84 55 1 0
85 56 1 0
64 57 1 0
65 58 1 0
66 59 1 0
46 60 1 0
4 61 0 1
4 42 0 1
28 41 3 0
4 42 0 1
33 42 1 0
13 43 1 0
26 44 1 0
27 45 1 0
25 46 1 0
43 47 1 0
32 48 1 0
7 49 1 0
31 50 1 0
68 51 1 0
71 52 1 0
5 53 1 0
57 54 1 0
84 55 1 0
85 56 1 0
64 57 1 0
65 58 1 0
66 59 1 0
46 60 1 0
4 61 0 1
4 42 0 1
4 17 0 1
17 15 1 0
3 16 1 0
72 17 1 0
38 18 1 0
15 19 9 0
4 20 0 1
4 20 0 1
37 20 1 0
47 21 2 0
49 22 1 0
83 23 1 0
81 24 1 0
59 25 1 0
44 26 1 0
4 27 0 1
90 22 1 0
88 23 3 0
89 24 1 0
42 25 1 0
4 26 0 1
4 24 0 1
91 24 1 0
33 25 1 0
13 26 1 0
26 27 1 0
27 28 1 0
25 29 1 0
43 30 1 0
32 31 1 0
7 32 1 0
31 33 1 0
68 34 1 0
71 35 1 0
5 36 1 0
57 37 1 0
84 38 1 0
85 39 1 0
64 40 1 0
65 41 1 0
66 42 1 0
46 43 1 0
4 44 0 1
4 20 0 1
33 20 1 0
13 21 1 0
26 22 1 0
27 23 1 0
25 24 1 0
43 25 1 0
32 26 1 0
7 27 1 0
31 28 1 0
68 29 3 0
68 30 1 0
71 31 1 0
5 32 1 0
57 33 1 0
84 34 1 0
85 35 1 0
64 36 1 0
34 37 1 0
42 38 1 0
4 39 0 1
4 30 0 1
71 30 1 0
5 31 1 0
57 32 1 0
84 33 1 0
85 34 1 0
64 35 1 0
65 36 1 0
66 37 1 0
46 38 1 0
4 39 0 1
4 20 0 1
39 20 1 0
74 21 1 0
73 22 1 0
63 23 2 0
64 24 1 0
34 25 1 0
42 26 1 0
4 27 0 1
4 24 0 1
4 20 0 1
3 20 1 0
72 21 1 0
38 22 1 0
15 23 9 0
4 24 0 1
4 24 0 1
37 24 1 0
47 25 2 0
49 26 1 0
83 27 1 0
81 28 1 0
59 29 1 0
44 30 1 0
4 31 0 1
90 26 1 0
88 27 3 0
89 28 1 0
42 29 1 0
4 30 0 1
4 28 0 1
91 28 1 0
33 29 1 0
13 30 1 0
26 31 1 0
27 32 1 0
25 33 1 0
43 34 1 0
32 35 1 0
7 36 1 0
31 37 1 0
68 38 1 0
71 39 1 0
5 40 1 0
57 41 1 0
84 42 1 0
85 43 1 0
64 44 1 0
65 45 1 0
66 46 1 0
46 47 1 0
4 48 0 1
4 24 0 1
33 24 1 0
13 25 1 0
26 26 1 0
27 27 1 0
25 28 1 0
43 29 1 0
32 30 1 0
7 31 1 0
31 32 1 0
68 33 3 0
68 34 1 0
71 35 1 0
5 36 1 0
57 37 1 0
84 38 1 0
85 39 1 0
64 40 1 0
34 41 1 0
42 42 1 0
4 43 0 1
4 34 0 1
71 34 1 0
5 35 1 0
57 36 1 0
84 37 1 0
85 38 1 0
64 39 1 0
65 40 1 0
66 41 1 0
46 42 1 0
4 43 0 1
4 24 0 1
39 24 1 0
74 25 1 0
73 26 1 0
63 27 2 0
64 28 1 0
34 29 1 0
42 30 1 0
4 31 0 1
4 28 0 1
4 24 0 1
3 24 1 0
72 25 1 0
75 26 1 0
35 27 2 0
73 28 1 0
12 29 3 0
45 30 1 0
9 31 4 0
66 32 4 0
34 33 1 0
42 34 1 0
4 35 0 1
4 33 0 1
33 33 1 0
13 34 1 0
26 35 1 0
27 36 1 0
25 37 1 0
43 38 1 0
32 39 1 0
7 40 1 0
31 41 1 0
68 42 1 0
71 43 1 0
5 44 1 0
57 45 1 0
84 46 1 0
85 47 1 0
64 48 1 0
34 49 1 0
42 50 1 0
4 51 0 1
4 33 0 1
4 32 0 1
33 32 1 0
13 33 1 0
26 34 1 0
27 35 1 0
25 36 1 0
43 37 1 0
32 38 1 0
7 39 1 0
31 40 1 0
68 41 1 0
71 42 1 0
5 43 1 0
57 44 1 0
84 45 1 0
85 46 1 0
64 47 1 0
34 48 1 0
42 49 1 0
4 50 0 1
4 32 0 1
14 30 1 0
4 31 0 1
33 30 1 0
13 31 1 0
26 32 1 0
27 33 1 0
25 34 1 0
43 35 1 0
32 36 1 0
7 37 1 0
31 38 1 0
68 39 1 0
71 40 1 0
5 41 1 0
57 42 1 0
84 43 1 0
85 44 1 0
64 45 1 0
65 46 1 0
66 47 5 0
78 48 1 0
62 49 1 0
42 50 1 0
4 51 0 1
4 48 0 1
42 48 1 0
4 49 0 1
4 48 0 1
4 48 0 1
4 28 0 1
17 15 1 0
3 16 1 0
72 17 1 0
75 18 1 0
35 19 2 0
73 20 1 0
54 21 6 0
78 22 1 0
62 23 3 0
42 24 1 0
4 25 0 1
4 24 0 1
62 24 1 0
42 25 1 0
4 26 0 1
4 22 0 1
42 22 1 0
4 23 0 1
4 22 0 1
8 22 1 0
33 23 1 0
13 24 1 0
26 25 1 0
27 26 1 0
25 27 1 0
43 28 1 0
32 29 1 0
7 30 1 0
31 31 1 0
68 32 1 0
71 33 1 0
5 34 3 0
5 35 1 0
57 36 1 0
84 37 1 0
85 38 1 0
64 39 1 0
65 40 1 0
66 41 1 0
46 42 1 0
4 43 0 1
4 35 0 1
57 35 1 0
84 36 1 0
85 37 1 0
64 38 1 0
65 39 1 0
66 40 4 0
56 41 1 0
87 42 1 0
4 43 0 1
4 41 0 1
8 41 1 0
33 42 1 0
13 43 1 0
26 44 1 0
27 45 1 0
25 46 1 0
43 47 1 0
32 48 1 0
7 49 1 0
31 50 1 0
68 51 1 0
71 52 1 0
5 53 1 0
57 54 1 0
84 55 1 0
85 56 1 0
64 57 1 0
34 58 1 0
42 59 1 0
4 60 0 1
4 41 0 1
4 22 0 1
4 20 0 1
4 14 0 1
20 8 1 0
22 9 1 0
2 10 1 0
51 11 4 0
55 12 1 0
4 13 0 1
55 12 1 0
4 13 0 1
53 12 2 0
69 13 1 0
83 14 1 0
81 15 1 0
59 16 1 0
36 17 1 0
4 18 0 1
52 13 4 0
42 14 1 0
4 15 0 1
4 14 0 1
41 14 1 0
40 15 2 0
83 16 1 0
82 17 1 0
79 18 2 0
81 19 1 0
59 20 1 0
36 21 1 0
4 22 0 1
30 19 4 0
4 20 0 1
4 20 0 1
4 20 0 1
4 20 0 1
89 16 1 0
42 17 1 0
4 18 0 1
4 14 0 1
50 12 1 0
16 13 3 0
4 14 0 1
18 14 3 0
17 15 1 0
48 16 2 0
47 17 2 0
49 18 1 0
83 19 1 0
81 20 1 0
59 21 1 0
36 22 1 0
4 23 0 1
90 18 1 0
88 19 3 0
89 20 1 0
42 21 1 0
4 22 0 1
4 20 0 1
91 20 1 0
33 21 1 0
13 22 1 0
26 23 1 0
27 24 1 0
25 25 1 0
43 26 1 0
32 27 1 0
7 28 1 0
31 29 1 0
68 30 1 0
71 31 1 0
5 32 1 0
57 33 1 0
84 34 1 0
85 35 1 0
64 36 1 0
65 37 1 0
66 38 1 0
46 39 1 0
4 40 0 1
4 17 0 1
17 15 1 0
3 16 1 0
72 17 1 0
38 18 1 0
15 19 9 0
4 20 0 1
4 20 0 1
37 20 1 0
47 21 2 0
49 22 1 0
83 23 1 0
81 24 1 0
59 25 1 0
44 26 1 0
4 27 0 1
90 22 1 0
88 23 3 0
89 24 1 0
42 25 1 0
4 26 0 1
4 24 0 1
91 24 1 0
33 25 1 0
13 26 1 0
26 27 1 0
27 28 1 0
25 29 1 0
43 30 1 0
32 31 1 0
7 32 1 0
31 33 1 0
68 34 1 0
71 35 1 0
5 36 1 0
57 37 1 0
84 38 1 0
85 39 1 0
64 40 1 0
65 41 1 0
66 42 1 0
46 43 1 0
4 44 0 1
4 20 0 1
33 20 1 0
13 21 1 0
26 22 1 0
27 23 1 0
25 24 1 0
43 25 1 0
32 26 1 0
7 27 1 0
31 28 1 0
68 29 3 0
68 30 1 0
71 31 1 0
5 32 1 0
57 33 1 0
84 34 1 0
85 35 1 0
64 36 1 0
34 37 1 0
42 38 1 0
4 39 0 1
4 30 0 1
71 30 1 0
5 31 1 0
57 32 1 0
84 33 1 0
85 34 1 0
64 35 1 0
34 36 3 0
6 37 1 0
42 38 1 0
4 39 0 1
4 37 0 1
42 37 1 0
4 38 0 1
4 20 0 1
39 20 1 0
74 21 1 0
73 22 1 0
63 23 2 0
64 24 1 0
34 25 1 0
42 26 1 0
4 27 0 1
4 24 0 1
4 20 0 1
3 20 1 0
72 21 1 0
75 22 1 0
35 23 2 0
73 24 1 0
12 25 3 0
45 26 1 0
34 27 1 0
42 28 1 0
4 29 0 1
14 26 1 0
4 27 0 1
33 26 1 0
13 27 1 0
26 28 1 0
27 29 1 0
25 30 1 0
43 31 1 0
32 32 1 0
7 33 1 0
31 34 1 0
68 35 1 0
71 36 1 0
5 37 1 0
57 38 1 0
84 39 1 0
85 40 1 0
64 41 1 0
65 42 1 0
66 43 5 0
34 44 1 0
42 45 1 0
4 46 0 1
4 44 0 1
33 44 1 0
13 45 1 0
26 46 1 0
27 47 1 0
25 48 1 0
43 49 1 0
32 50 1 0
7 51 1 0
31 52 1 0
68 53 1 0
71 54 1 0
5 55 1 0
57 56 1 0
84 57 1 0
85 58 1 0
64 59 1 0
34 60 1 0
42 61 1 0
4 62 0 1
4 44 0 1
61 44 3 0
4 45 0 1
33 45 1 0
13 46 1 0
26 47 1 0
27 48 1 0
25 49 1 0
43 50 1 0
32 51 1 0
7 52 1 0
31 53 1 0
68 54 1 0
71 55 1 0
5 56 1 0
57 57 1 0
84 58 1 0
85 59 1 0
64 60 1 0
34 61 1 0
42 62 1 0
4 63 0 1
4 45 0 1
4 24 0 1
17 15 1 0
3 16 1 0
72 17 1 0
75 18 1 0
70 19 3 0
4 20 0 1
33 20 1 0
13 21 1 0
26 22 1 0
27 23 1 0
25 24 1 0
43 25 1 0
32 26 1 0
7 27 1 0
31 28 1 0
68 29 1 0
71 30 1 0
5 31 1 0
57 32 1 0
84 33 1 0
85 34 1 0
64 35 1 0
34 36 1 0
42 37 1 0
4 38 0 1
4 20 0 1
4 14 0 1
4 8 0 1
