1 117 0 1 0
24 65 1 1 0
56 65 2 1 0
70 99 3 1 0
0 117 4 1 0
20 99 5 1 0
54 99 6 4 0
22 98 7 1 0
4 23 8 0 1
4 10 7 0 1
71 17 7 1 0
4 15 8 0 1
18 115 7 3 0
4 18 8 0 1
19 100 8 1 0
21 100 9 1 0
2 117 10 1 0
48 100 11 4 0
52 98 12 1 0
4 23 13 0 1
52 101 12 1 0
4 28 13 0 1
50 108 12 2 0
65 107 13 1 0
4 44 14 0 1
49 83 13 4 0
39 82 14 1 0
4 15 15 0 1
4 20 14 0 1
38 36 14 1 0
37 36 15 2 0
77 35 16 1 0
76 35 17 1 0
73 35 18 2 0
74 33 19 1 0
71 33 20 1 0
4 15 21 0 1
30 48 19 2 0
4 19 20 0 1
4 25 20 0 1
82 51 16 1 0
39 51 17 1 0
4 15 18 0 1
4 26 14 0 1
47 112 12 1 0
15 112 13 3 0
4 18 14 0 1
17 32 14 9 0
16 31 15 1 0
45 31 16 2 0
44 30 17 2 0
46 29 18 1 0
77 29 19 1 0
76 29 20 1 0
74 29 21 1 0
71 29 22 1 0
4 15 23 0 1
83 69 18 1 0
81 69 19 3 0
82 67 20 1 0
39 67 21 1 0
4 15 22 0 1
4 9 20 0 1
84 93 20 1 0
33 93 21 1 0
13 93 22 1 0
26 93 23 1 0
27 93 24 1 0
25 93 25 1 0
40 93 26 1 0
32 93 27 1 0
7 93 28 1 0
31 93 29 1 0
64 93 30 1 0
66 93 31 1 0
5 93 32 1 0
53 93 33 1 0
78 93 34 1 0
79 93 35 1 0
60 93 36 1 0
61 93 37 1 0
62 93 38 1 0
80 93 39 5 0
4 22 40 0 1
23 29 40 1 0
39 29 41 1 0
4 15 42 0 1
4 20 40 0 1
8 38 40 1 0
33 38 41 1 0
13 38 42 1 0
26 38 43 1 0
27 38 44 1 0
25 38 45 1 0
40 38 46 1 0
32 38 47 1 0
7 38 48 1 0
31 38 49 1 0
64 38 50 1 0
66 38 51 1 0
5 38 52 1 0
53 38 53 1 0
78 38 54 1 0
79 38 55 1 0
60 38 56 1 0
34 38 57 3 0
6 37 58 1 0
39 37 59 1 0
4 15 60 0 1
4 11 58 0 1
39 66 58 1 0
4 15 59 0 1
4 26 40 0 1
4 27 17 0 1
16 55 15 1 0
45 55 16 2 0
44 54 17 2 0
46 53 18 1 0
77 53 19 1 0
76 53 20 1 0
73 53 21 2 0
75 52 22 1 0
55 52 23 1 0
36 52 24 1 0
4 12 25 0 1
30 49 22 4 0
4 19 23 0 1
4 25 23 0 1
4 19 23 0 1
4 25 23 0 1
83 86 18 1 0
81 86 19 3 0
82 84 20 1 0
39 84 21 1 0
4 15 22 0 1
4 9 20 0 1
84 94 20 1 0
33 94 21 1 0
13 94 22 1 0
26 94 23 1 0
27 94 24 1 0
25 94 25 1 0
40 94 26 1 0
32 94 27 1 0
7 94 28 1 0
31 94 29 1 0
64 94 30 1 0
66 94 31 1 0
5 94 32 1 0
53 94 33 1 0
78 94 34 1 0
79 94 35 1 0
60 94 36 1 0
61 94 37 1 0
10 94 38 1 0
11 94 39 3 0
4 22 40 0 1
63 52 40 1 0
55 52 41 1 0
36 52 42 1 0
4 12 43 0 1
29 47 40 2 0
28 46 41 3 0
4 19 42 0 1
33 5 42 1 0
13 5 43 1 0
26 5 44 1 0
27 5 45 1 0
25 5 46 1 0
40 5 47 1 0
32 5 48 1 0
7 5 49 1 0
31 5 50 1 0
64 5 51 1 0
66 5 52 1 0
5 5 53 1 0
53 5 54 1 0
78 5 55 1 0
79 5 56 1 0
60 5 57 1 0
61 5 58 1 0
62 5 59 1 0
43 5 60 1 0
4 16 61 0 1
4 25 42 0 1
28 46 41 3 0
4 19 42 0 1
33 5 42 1 0
13 5 43 1 0
26 5 44 1 0
27 5 45 1 0
25 5 46 1 0
40 5 47 1 0
32 5 48 1 0
7 5 49 1 0
31 5 50 1 0
64 5 51 1 0
66 5 52 1 0
5 5 53 1 0
53 5 54 1 0
78 5 55 1 0
79 5 56 1 0
60 5 57 1 0
61 5 58 1 0
62 5 59 1 0
43 5 60 1 0
4 16 61 0 1
4 25 42 0 1
4 27 17 0 1
16 72 15 1 0
45 72 16 2 0
44 71 17 2 0
46 70 18 1 0
77 70 19 1 0
75 70 20 1 0
55 70 21 1 0
41 70 22 1 0
4 14 23 0 1
83 63 18 1 0
81 63 19 3 0
82 58 20 1 0
39 58 21 1 0
4 15 22 0 1
4 9 20 0 1
84 4 20 1 0
33 4 21 1 0
13 4 22 1 0
26 4 23 1 0
27 4 24 1 0
25 4 25 1 0
40 4 26 1 0
32 4 27 1 0
7 4 28 1 0
31 4 29 1 0
64 4 30 1 0
66 4 31 1 0
5 4 32 1 0
53 4 33 1 0
78 4 34 1 0
79 4 35 1 0
60 4 36 1 0
61 4 37 1 0
62 4 38 1 0
43 4 39 1 0
4 16 40 0 1
4 27 17 0 1
16 57 15 1 0
45 57 16 2 0
44 56 17 2 0
46 52 18 1 0
77 52 19 1 0
75 52 20 1 0
55 52 21 1 0
36 52 22 1 0
4 12 23 0 1
83 106 18 1 0
81 106 19 3 0
82 102 20 1 0
39 102 21 1 0
4 15 22 0 1
4 9 20 0 1
84 4 20 1 0
33 4 21 1 0
13 4 22 1 0
26 4 23 1 0
27 4 24 1 0
25 4 25 1 0
40 4 26 1 0
32 4 27 1 0
7 4 28 1 0
31 4 29 1 0
64 4 30 1 0
66 4 31 1 0
5 4 32 1 0
53 4 33 1 0
78 4 34 1 0
79 4 35 1 0
60 4 36 1 0
61 4 37 1 0
62 4 38 1 0
43 4 39 1 0
4 16 40 0 1
4 27 17 0 1
16 41 15 1 0
3 41 16 1 0
67 41 17 1 0
69 41 18 1 0
35 41 19 2 0
68 40 20 1 0
51 40 21 6 0
72 39 22 1 0
58 39 23 3 0
39 37 24 1 0
4 15 25 0 1
4 11 24 0 1
58 96 24 1 0
39 96 25 1 0
4 15 26 0 1
4 11 22 0 1
39 97 22 1 0
4 15 23 0 1
4 20 22 0 1
8 0 22 1 0
33 0 23 1 0
13 0 24 1 0
26 0 25 1 0
27 0 26 1 0
25 0 27 1 0
40 0 28 1 0
32 0 29 1 0
7 0 30 1 0
31 0 31 1 0
64 0 32 1 0
66 0 33 1 0
5 0 34 1 0
53 0 35 1 0
78 0 36 1 0
79 0 37 1 0
60 0 38 1 0
61 0 39 1 0
62 0 40 1 0
43 0 41 1 0
4 34 42 0 1
4 26 22 0 1
4 27 20 0 1
16 109 15 1 0
3 109 16 1 0
67 109 17 1 0
85 109 18 5 0
4 45 19 0 1
4 20 19 0 1
33 61 19 1 0
13 61 20 1 0
26 61 21 1 0
27 61 22 1 0
25 61 23 1 0
40 61 24 1 0
32 61 25 1 0
7 61 26 1 0
31 61 27 1 0
64 61 28 3 0
64 58 29 1 0
66 58 30 1 0
5 58 31 1 0
53 58 32 1 0
78 58 33 1 0
79 58 34 1 0
60 58 35 1 0
34 58 36 1 0
39 58 37 1 0
4 15 38 0 1
4 21 29 0 1
66 5 29 1 0
5 5 30 1 0
53 5 31 1 0
78 5 32 1 0
79 5 33 1 0
60 5 34 1 0
61 5 35 1 0
62 5 36 1 0
43 5 37 1 0
4 16 38 0 1
4 26 19 0 1
3 113 19 1 0
67 113 20 1 0
69 113 21 1 0
15 113 22 3 0
4 18 23 0 1
17 75 23 3 0
16 74 24 1 0
45 74 25 2 0
44 73 26 2 0
46 70 27 1 0
77 70 28 1 0
75 70 29 1 0
55 70 30 1 0
41 70 31 1 0
4 14 32 0 1
83 80 27 1 0
81 80 28 3 0
82 76 29 1 0
39 76 30 1 0
4 15 31 0 1
4 9 29 0 1
84 4 29 1 0
33 4 30 1 0
13 4 31 1 0
26 4 32 1 0
27 4 33 1 0
25 4 34 1 0
40 4 35 1 0
32 4 36 1 0
7 4 37 1 0
31 4 38 1 0
64 4 39 1 0
66 4 40 1 0
5 4 41 1 0
53 4 42 1 0
78 4 43 1 0
79 4 44 1 0
60 4 45 1 0
61 4 46 1 0
62 4 47 1 0
43 4 48 1 0
4 16 49 0 1
4 27 26 0 1
16 111 24 1 0
3 111 25 1 0
67 111 26 1 0
85 111 27 5 0
4 45 28 0 1
4 20 28 0 1
33 79 28 1 0
13 79 29 1 0
26 79 30 1 0
27 79 31 1 0
25 79 32 1 0
40 79 33 1 0
32 79 34 1 0
7 79 35 1 0
31 79 36 1 0
64 79 37 3 0
64 76 38 1 0
66 76 39 1 0
5 76 40 1 0
53 76 41 1 0
78 76 42 1 0
79 76 43 1 0
60 76 44 1 0
34 76 45 1 0
39 76 46 1 0
4 15 47 0 1
4 21 38 0 1
66 5 38 1 0
5 5 39 1 0
53 5 40 1 0
78 5 41 1 0
79 5 42 1 0
60 5 43 1 0
61 5 44 1 0
62 5 45 1 0
43 5 46 1 0
4 16 47 0 1
4 26 28 0 1
3 114 28 1 0
67 114 29 1 0
69 114 30 1 0
15 114 31 3 0
4 18 32 0 1
17 92 32 2 0
16 91 33 1 0
3 91 34 1 0
67 91 35 1 0
69 91 36 1 0
35 91 37 2 0
68 90 38 1 0
12 90 39 3 0
42 89 40 1 0
9 89 41 4 0
62 87 42 4 0
34 84 43 1 0
39 84 44 1 0
4 15 45 0 1
4 19 43 0 1
33 58 43 1 0
13 58 44 1 0
26 58 45 1 0
27 58 46 1 0
25 58 47 1 0
40 58 48 1 0
32 58 49 1 0
7 58 50 1 0
31 58 51 1 0
64 58 52 1 0
66 58 53 1 0
5 58 54 1 0
53 58 55 1 0
78 58 56 1 0
79 58 57 1 0
60 58 58 1 0
34 58 59 1 0
39 58 60 1 0
4 15 61 0 1
4 25 43 0 1
4 19 42 0 1
33 76 42 1 0
13 76 43 1 0
26 76 44 1 0
27 76 45 1 0
25 76 46 1 0
40 76 47 1 0
32 76 48 1 0
7 76 49 1 0
31 76 50 1 0
64 76 51 1 0
66 76 52 1 0
5 76 53 1 0
53 76 54 1 0
78 76 55 1 0
79 76 56 1 0
60 76 57 1 0
34 76 58 1 0
39 76 59 1 0
4 15 60 0 1
4 25 42 0 1
14 6 40 1 0
4 9 41 0 1
33 68 40 1 0
13 68 41 1 0
26 68 42 1 0
27 68 43 1 0
25 68 44 1 0
40 68 45 1 0
32 68 46 1 0
7 68 47 1 0
31 68 48 1 0
64 68 49 1 0
66 68 50 1 0
5 68 51 1 0
53 68 52 1 0
78 68 53 1 0
79 68 54 1 0
60 68 55 1 0
61 68 56 1 0
62 68 57 5 0
72 67 58 1 0
58 67 59 1 0
39 67 60 1 0
4 15 61 0 1
4 11 58 0 1
39 95 58 1 0
4 15 59 0 1
4 20 58 0 1
4 26 58 0 1
4 27 38 0 1
16 78 33 1 0
3 78 34 1 0
67 78 35 1 0
69 78 36 1 0
35 78 37 2 0
68 77 38 1 0
59 77 39 2 0
60 76 40 1 0
34 76 41 1 0
39 76 42 1 0
4 15 43 0 1
4 13 40 0 1
4 27 38 0 1
4 24 32 0 1
16 60 24 1 0
3 60 25 1 0
67 60 26 1 0
69 60 27 1 0
35 60 28 2 0
68 59 29 1 0
59 59 30 2 0
60 58 31 1 0
34 58 32 1 0
39 58 33 1 0
4 15 34 0 1
4 13 31 0 1
4 27 29 0 1
4 24 23 0 1
16 64 15 1 0
3 64 16 1 0
67 64 17 1 0
69 64 18 1 0
35 64 19 2 0
68 63 20 1 0
12 63 21 3 0
42 58 22 1 0
34 58 23 1 0
39 58 24 1 0
4 15 25 0 1
14 6 22 1 0
4 9 23 0 1
33 4 22 1 0
13 4 23 1 0
26 4 24 1 0
27 4 25 1 0
25 4 26 1 0
40 4 27 1 0
32 4 28 1 0
7 4 29 1 0
31 4 30 1 0
64 4 31 1 0
66 4 32 1 0
5 4 33 1 0
53 4 34 1 0
78 4 35 1 0
79 4 36 1 0
60 4 37 1 0
61 4 38 1 0
62 4 39 1 0
43 4 40 1 0
4 16 41 0 1
4 27 20 0 1
16 110 15 1 0
3 110 16 1 0
67 110 17 1 0
85 110 18 5 0
4 45 19 0 1
4 20 19 0 1
33 62 19 1 0
13 62 20 1 0
26 62 21 1 0
27 62 22 1 0
25 62 23 1 0
40 62 24 1 0
32 62 25 1 0
7 62 26 1 0
31 62 27 1 0
64 62 28 3 0
64 58 29 1 0
66 58 30 1 0
5 58 31 1 0
53 58 32 1 0
78 58 33 1 0
79 58 34 1 0
60 58 35 1 0
34 58 36 1 0
39 58 37 1 0
4 15 38 0 1
4 21 29 0 1
66 85 29 1 0
5 85 30 1 0
53 85 31 1 0
78 85 32 1 0
79 85 33 1 0
60 85 34 1 0
34 85 35 3 0
6 84 36 1 0
39 84 37 1 0
4 15 38 0 1
4 11 36 0 1
39 81 36 1 0
4 15 37 0 1
4 26 19 0 1
3 116 19 1 0
67 116 20 1 0
69 116 21 1 0
15 116 22 3 0
4 18 23 0 1
17 105 23 2 0
16 104 24 1 0
3 104 25 1 0
67 104 26 1 0
69 104 27 1 0
35 104 28 2 0
68 103 29 1 0
12 103 30 3 0
42 102 31 1 0
34 102 32 1 0
39 102 33 1 0
4 15 34 0 1
14 3 31 1 0
4 8 32 0 1
33 88 31 1 0
13 88 32 1 0
26 88 33 1 0
27 88 34 1 0
25 88 35 1 0
40 88 36 1 0
32 88 37 1 0
7 88 38 1 0
31 88 39 1 0
64 88 40 1 0
66 88 41 1 0
5 88 42 1 0
53 88 43 1 0
78 88 44 1 0
79 88 45 1 0
60 88 46 1 0
61 88 47 1 0
62 88 48 5 0
34 84 49 1 0
39 84 50 1 0
4 15 51 0 1
4 19 49 0 1
33 58 49 1 0
13 58 50 1 0
26 58 51 1 0
27 58 52 1 0
25 58 53 1 0
40 58 54 1 0
32 58 55 1 0
7 58 56 1 0
31 58 57 1 0
64 58 58 1 0
66 58 59 1 0
5 58 60 1 0
53 58 61 1 0
78 58 62 1 0
79 58 63 1 0
60 58 64 1 0
34 58 65 1 0
39 58 66 1 0
4 15 67 0 1
4 25 49 0 1
57 50 49 3 0
4 19 50 0 1
33 58 50 1 0
13 58 51 1 0
26 58 52 1 0
27 58 53 1 0
25 58 54 1 0
40 58 55 1 0
32 58 56 1 0
7 58 57 1 0
31 58 58 1 0
64 58 59 1 0
66 58 60 1 0
5 58 61 1 0
53 58 62 1 0
78 58 63 1 0
79 58 64 1 0
60 58 65 1 0
34 58 66 1 0
39 58 67 1 0
4 15 68 0 1
4 25 50 0 1
4 27 29 0 1
16 60 24 1 0
3 60 25 1 0
67 60 26 1 0
69 60 27 1 0
35 60 28 2 0
68 59 29 1 0
59 59 30 2 0
60 58 31 1 0
34 58 32 1 0
39 58 33 1 0
4 15 34 0 1
4 13 31 0 1
4 27 29 0 1
4 24 23 0 1
16 43 15 1 0
3 43 16 1 0
67 43 17 1 0
69 43 18 1 0
35 43 19 2 0
68 42 20 1 0
51 42 21 6 0
72 39 22 1 0
58 39 23 3 0
39 37 24 1 0
4 15 25 0 1
4 11 24 0 1
58 96 24 1 0
39 96 25 1 0
4 15 26 0 1
4 11 22 0 1
39 97 22 1 0
4 15 23 0 1
4 20 22 0 1
8 2 22 1 0
33 2 23 1 0
13 2 24 1 0
26 2 25 1 0
27 2 26 1 0
25 2 27 1 0
40 2 28 1 0
32 2 29 1 0
7 2 30 1 0
31 2 31 1 0
64 2 32 1 0
66 2 33 1 0
5 2 34 3 0
5 1 35 1 0
53 1 36 1 0
78 1 37 1 0
79 1 38 1 0
60 1 39 1 0
61 1 40 1 0
62 1 41 1 0
43 1 42 1 0
4 34 43 0 1
4 7 35 0 1
53 102 35 1 0
78 102 36 1 0
79 102 37 1 0
60 102 38 1 0
34 102 39 1 0
39 102 40 1 0
4 15 41 0 1
4 26 22 0 1
4 27 20 0 1
4 24 14 0 1
4 24 8 0 1
