1 114 0 1 0
24 67 1 1 0
57 67 2 1 0
71 98 3 1 0
0 114 4 1 0
20 98 5 1 0
55 98 6 4 0
22 97 7 1 0
4 25 8 0 1
4 10 7 0 1
72 19 7 1 0
4 17 8 0 1
18 112 7 3 0
4 20 8 0 1
19 99 8 1 0
21 99 9 1 0
2 114 10 1 0
49 99 11 4 0
53 97 12 1 0
4 25 13 0 1
53 100 12 1 0
4 30 13 0 1
51 106 12 2 0
66 105 13 1 0
4 46 14 0 1
50 84 13 4 0
39 83 14 1 0
4 17 15 0 1
4 22 14 0 1
38 38 14 1 0
37 38 15 2 0
78 37 16 1 0
77 37 17 1 0
74 37 18 2 0
75 35 19 1 0
72 35 20 1 0
4 17 21 0 1
30 50 19 2 0
4 21 20 0 1
4 27 20 0 1
83 53 16 1 0
39 53 17 1 0
4 17 18 0 1
4 28 14 0 1
48 109 12 1 0
15 109 13 3 0
4 20 14 0 1
17 34 14 7 0
16 33 15 1 0
46 33 16 2 0
45 32 17 2 0
47 31 18 1 0
78 31 19 1 0
77 31 20 1 0
75 31 21 1 0
72 31 22 1 0
4 17 23 0 1
84 71 18 1 0
82 71 19 3 0
83 69 20 1 0
39 69 21 1 0
4 17 22 0 1
4 9 20 0 1
85 92 20 1 0
33 92 21 1 0
13 92 22 1 0
26 92 23 1 0
27 92 24 1 0
25 92 25 1 0
41 92 26 1 0
32 92 27 1 0
7 92 28 1 0
31 92 29 1 0
65 92 30 1 0
67 92 31 1 0
5 92 32 1 0
54 92 33 1 0
79 92 34 1 0
80 92 35 1 0
61 92 36 1 0
62 92 37 1 0
63 92 38 1 0
81 92 39 5 0
4 24 40 0 1
23 31 40 1 0
39 31 41 1 0
4 17 42 0 1
4 22 40 0 1
8 40 40 1 0
33 40 41 1 0
13 40 42 1 0
26 40 43 1 0
27 40 44 1 0
25 40 45 1 0
41 40 46 1 0
32 40 47 1 0
7 40 48 1 0
31 40 49 1 0
65 40 50 1 0
67 40 51 1 0
5 40 52 1 0
54 40 53 1 0
79 40 54 1 0
80 40 55 1 0
61 40 56 1 0
34 40 57 3 0
6 39 58 1 0
39 39 59 1 0
4 17 60 0 1
4 11 58 0 1
39 68 58 1 0
4 17 59 0 1
4 28 40 0 1
4 29 17 0 1
16 57 15 1 0
46 57 16 2 0
45 56 17 2 0
47 55 18 1 0
78 55 19 1 0
77 55 20 1 0
74 55 21 2 0
76 54 22 1 0
56 54 23 1 0
36 54 24 1 0
4 12 25 0 1
30 51 22 4 0
4 21 23 0 1
4 27 23 0 1
4 21 23 0 1
4 27 23 0 1
84 86 18 1 0
82 86 19 3 0
83 85 20 1 0
39 85 21 1 0
4 17 22 0 1
4 9 20 0 1
85 93 20 1 0
33 93 21 1 0
13 93 22 1 0
26 93 23 1 0
27 93 24 1 0
25 93 25 1 0
41 93 26 1 0
32 93 27 1 0
7 93 28 1 0
31 93 29 1 0
65 93 30 1 0
67 93 31 1 0
5 93 32 1 0
54 93 33 1 0
79 93 34 1 0
80 93 35 1 0
61 93 36 1 0
62 93 37 1 0
10 93 38 1 0
11 93 39 3 0
4 24 40 0 1
64 54 40 1 0
56 54 41 1 0
36 54 42 1 0
4 12 43 0 1
29 49 40 2 0
28 48 41 3 0
4 21 42 0 1
33 5 42 1 0
13 5 43 1 0
26 5 44 1 0
27 5 45 1 0
25 5 46 1 0
41 5 47 1 0
32 5 48 1 0
7 5 49 1 0
31 5 50 1 0
65 5 51 1 0
67 5 52 1 0
5 5 53 1 0
54 5 54 1 0
79 5 55 1 0
80 5 56 1 0
61 5 57 1 0
62 5 58 1 0
63 5 59 1 0
44 5 60 1 0
4 18 61 0 1
4 27 42 0 1
28 48 41 3 0
4 21 42 0 1
33 5 42 1 0
13 5 43 1 0
26 5 44 1 0
27 5 45 1 0
25 5 46 1 0
41 5 47 1 0
32 5 48 1 0
7 5 49 1 0
31 5 50 1 0
65 5 51 1 0
67 5 52 1 0
5 5 53 1 0
54 5 54 1 0
79 5 55 1 0
80 5 56 1 0
61 5 57 1 0
62 5 58 1 0
63 5 59 1 0
44 5 60 1 0
4 18 61 0 1
4 27 42 0 1
4 29 17 0 1
16 74 15 1 0
46 74 16 2 0
45 73 17 2 0
47 72 18 1 0
78 72 19 1 0
76 72 20 1 0
56 72 21 1 0
42 72 22 1 0
4 16 23 0 1
84 64 18 1 0
82 64 19 3 0
83 60 20 1 0
39 60 21 1 0
4 17 22 0 1
4 9 20 0 1
85 4 20 1 0
33 4 21 1 0
13 4 22 1 0
26 4 23 1 0
27 4 24 1 0
25 4 25 1 0
41 4 26 1 0
32 4 27 1 0
7 4 28 1 0
31 4 29 1 0
65 4 30 1 0
67 4 31 1 0
5 4 32 1 0
54 4 33 1 0
79 4 34 1 0
80 4 35 1 0
61 4 36 1 0
62 4 37 1 0
63 4 38 1 0
44 4 39 1 0
4 18 40 0 1
4 29 17 0 1
16 59 15 1 0
46 59 16 2 0
45 58 17 2 0
47 54 18 1 0
78 54 19 1 0
76 54 20 1 0
56 54 21 1 0
36 54 22 1 0
4 12 23 0 1
84 104 18 1 0
82 104 19 3 0
83 101 20 1 0
39 101 21 1 0
4 17 22 0 1
4 9 20 0 1
85 4 20 1 0
33 4 21 1 0
13 4 22 1 0
26 4 23 1 0
27 4 24 1 0
25 4 25 1 0
41 4 26 1 0
32 4 27 1 0
7 4 28 1 0
31 4 29 1 0
65 4 30 1 0
67 4 31 1 0
5 4 32 1 0
54 4 33 1 0
79 4 34 1 0
80 4 35 1 0
61 4 36 1 0
62 4 37 1 0
63 4 38 1 0
44 4 39 1 0
4 18 40 0 1
4 29 17 0 1
16 43 15 1 0
3 43 16 1 0
68 43 17 1 0
70 43 18 1 0
35 43 19 2 0
69 42 20 1 0
52 42 21 6 0
73 41 22 1 0
59 41 23 3 0
39 39 24 1 0
4 17 25 0 1
4 11 24 0 1
59 95 24 1 0
39 95 25 1 0
4 17 26 0 1
4 11 22 0 1
39 96 22 1 0
4 17 23 0 1
4 22 22 0 1
8 0 22 1 0
33 0 23 1 0
13 0 24 1 0
26 0 25 1 0
27 0 26 1 0
25 0 27 1 0
41 0 28 1 0
32 0 29 1 0
7 0 30 1 0
31 0 31 1 0
65 0 32 1 0
67 0 33 1 0
5 0 34 1 0
54 0 35 1 0
79 0 36 1 0
80 0 37 1 0
61 0 38 1 0
62 0 39 1 0
63 0 40 1 0
44 0 41 1 0
4 36 42 0 1
4 28 22 0 1
4 29 20 0 1
16 107 15 1 0
3 107 16 1 0
68 107 17 1 0
86 107 18 5 0
4 47 19 0 1
4 22 19 0 1
33 63 19 1 0
13 63 20 1 0
26 63 21 1 0
27 63 22 1 0
25 63 23 1 0
41 63 24 1 0
32 63 25 1 0
7 63 26 1 0
31 63 27 1 0
65 63 28 3 0
65 60 29 1 0
67 60 30 1 0
5 60 31 1 0
54 60 32 1 0
79 60 33 1 0
80 60 34 1 0
61 60 35 1 0
34 60 36 1 0
39 60 37 1 0
4 17 38 0 1
4 23 29 0 1
67 5 29 1 0
5 5 30 1 0
54 5 31 1 0
79 5 32 1 0
80 5 33 1 0
61 5 34 1 0
62 5 35 1 0
63 5 36 1 0
44 5 37 1 0
4 18 38 0 1
4 28 19 0 1
3 110 19 1 0
68 110 20 1 0
70 110 21 1 0
15 110 22 3 0
4 20 23 0 1
17 77 23 3 0
16 76 24 1 0
46 76 25 2 0
45 75 26 2 0
47 72 27 1 0
78 72 28 1 0
76 72 29 1 0
56 72 30 1 0
42 72 31 1 0
4 16 32 0 1
84 82 27 1 0
82 82 28 3 0
83 78 29 1 0
39 78 30 1 0
4 17 31 0 1
4 9 29 0 1
85 4 29 1 0
33 4 30 1 0
13 4 31 1 0
26 4 32 1 0
27 4 33 1 0
25 4 34 1 0
41 4 35 1 0
32 4 36 1 0
7 4 37 1 0
31 4 38 1 0
65 4 39 1 0
67 4 40 1 0
5 4 41 1 0
54 4 42 1 0
79 4 43 1 0
80 4 44 1 0
61 4 45 1 0
62 4 46 1 0
63 4 47 1 0
44 4 48 1 0
4 18 49 0 1
4 29 26 0 1
16 108 24 1 0
3 108 25 1 0
68 108 26 1 0
86 108 27 5 0
4 47 28 0 1
4 22 28 0 1
33 81 28 1 0
13 81 29 1 0
26 81 30 1 0
27 81 31 1 0
25 81 32 1 0
41 81 33 1 0
32 81 34 1 0
7 81 35 1 0
31 81 36 1 0
65 81 37 3 0
65 78 38 1 0
67 78 39 1 0
5 78 40 1 0
54 78 41 1 0
79 78 42 1 0
80 78 43 1 0
61 78 44 1 0
34 78 45 1 0
39 78 46 1 0
4 17 47 0 1
4 23 38 0 1
67 5 38 1 0
5 5 39 1 0
54 5 40 1 0
79 5 41 1 0
80 5 42 1 0
61 5 43 1 0
62 5 44 1 0
63 5 45 1 0
44 5 46 1 0
4 18 47 0 1
4 28 28 0 1
3 111 28 1 0
68 111 29 1 0
70 111 30 1 0
15 111 31 3 0
4 20 32 0 1
17 91 32 3 0
16 90 33 1 0
3 90 34 1 0
68 90 35 1 0
70 90 36 1 0
35 90 37 2 0
69 89 38 1 0
12 89 39 3 0
43 88 40 1 0
9 88 41 4 0
63 87 42 4 0
34 85 43 1 0
39 85 44 1 0
4 17 45 0 1
4 21 43 0 1
33 60 43 1 0
13 60 44 1 0
26 60 45 1 0
27 60 46 1 0
25 60 47 1 0
41 60 48 1 0
32 60 49 1 0
7 60 50 1 0
31 60 51 1 0
65 60 52 1 0
67 60 53 1 0
5 60 54 1 0
54 60 55 1 0
79 60 56 1 0
80 60 57 1 0
61 60 58 1 0
34 60 59 1 0
39 60 60 1 0
4 17 61 0 1
4 27 43 0 1
4 21 42 0 1
33 78 42 1 0
13 78 43 1 0
26 78 44 1 0
27 78 45 1 0
25 78 46 1 0
41 78 47 1 0
32 78 48 1 0
7 78 49 1 0
31 78 50 1 0
65 78 51 1 0
67 78 52 1 0
5 78 53 1 0
54 78 54 1 0
79 78 55 1 0
80 78 56 1 0
61 78 57 1 0
34 78 58 1 0
39 78 59 1 0
4 17 60 0 1
4 27 42 0 1
14 6 40 1 0
4 9 41 0 1
33 70 40 1 0
13 70 41 1 0
26 70 42 1 0
27 70 43 1 0
25 70 44 1 0
41 70 45 1 0
32 70 46 1 0
7 70 47 1 0
31 70 48 1 0
65 70 49 1 0
67 70 50 1 0
5 70 51 1 0
54 70 52 1 0
79 70 53 1 0
80 70 54 1 0
61 70 55 1 0
62 70 56 1 0
63 70 57 5 0
73 69 58 1 0
59 69 59 1 0
39 69 60 1 0
4 17 61 0 1
4 11 58 0 1
39 94 58 1 0
4 17 59 0 1
4 22 58 0 1
4 28 58 0 1
4 29 38 0 1
16 66 33 1 0
3 66 34 1 0
68 66 35 1 0
40 66 36 5 0
4 14 37 0 1
4 22 37 0 1
33 65 37 1 0
13 65 38 1 0
26 65 39 1 0
27 65 40 1 0
25 65 41 1 0
41 65 42 1 0
32 65 43 1 0
7 65 44 1 0
31 65 45 3 0
31 60 46 1 0
65 60 47 1 0
67 60 48 1 0
5 60 49 1 0
54 60 50 1 0
79 60 51 1 0
80 60 52 1 0
61 60 53 1 0
34 60 54 1 0
39 60 55 1 0
4 17 56 0 1
4 13 46 0 1
65 78 46 1 0
67 78 47 1 0
5 78 48 1 0
54 78 49 1 0
79 78 50 1 0
80 78 51 1 0
61 78 52 1 0
34 78 53 1 0
39 78 54 1 0
4 17 55 0 1
4 28 37 0 1
3 113 37 1 0
68 113 38 1 0
70 113 39 1 0
15 113 40 3 0
4 20 41 0 1
17 103 41 1 0
16 103 42 1 0
3 103 43 1 0
68 103 44 1 0
70 103 45 1 0
35 103 46 2 0
69 102 47 1 0
12 102 48 3 0
43 101 49 1 0
34 101 50 1 0
39 101 51 1 0
4 17 52 0 1
14 3 49 1 0
4 8 50 0 1
33 88 49 1 0
13 88 50 1 0
26 88 51 1 0
27 88 52 1 0
25 88 53 1 0
41 88 54 1 0
32 88 55 1 0
7 88 56 1 0
31 88 57 1 0
65 88 58 1 0
67 88 59 1 0
5 88 60 1 0
54 88 61 1 0
79 88 62 1 0
80 88 63 1 0
61 88 64 1 0
62 88 65 1 0
63 88 66 5 0
34 85 67 1 0
39 85 68 1 0
4 17 69 0 1
4 21 67 0 1
33 60 67 1 0
13 60 68 1 0
26 60 69 1 0
27 60 70 1 0
25 60 71 1 0
41 60 72 1 0
32 60 73 1 0
7 60 74 1 0
31 60 75 1 0
65 60 76 1 0
67 60 77 1 0
5 60 78 1 0
54 60 79 1 0
79 60 80 1 0
80 60 81 1 0
61 60 82 1 0
34 60 83 1 0
39 60 84 1 0
4 17 85 0 1
4 27 67 0 1
58 52 67 3 0
4 21 68 0 1
33 78 68 1 0
13 78 69 1 0
26 78 70 1 0
27 78 71 1 0
25 78 72 1 0
41 78 73 1 0
32 78 74 1 0
7 78 75 1 0
31 78 76 1 0
65 78 77 1 0
67 78 78 1 0
5 78 79 1 0
54 78 80 1 0
79 78 81 1 0
80 78 82 1 0
61 78 83 1 0
34 78 84 1 0
39 78 85 1 0
4 17 86 0 1
4 27 68 0 1
4 29 47 0 1
4 26 41 0 1
16 80 33 1 0
3 80 34 1 0
68 80 35 1 0
70 80 36 1 0
35 80 37 2 0
69 79 38 1 0
60 79 39 2 0
61 78 40 1 0
34 78 41 1 0
39 78 42 1 0
4 17 43 0 1
4 15 40 0 1
4 29 38 0 1
4 26 32 0 1
16 62 24 1 0
3 62 25 1 0
68 62 26 1 0
70 62 27 1 0
35 62 28 2 0
69 61 29 1 0
60 61 30 2 0
61 60 31 1 0
34 60 32 1 0
39 60 33 1 0
4 17 34 0 1
4 15 31 0 1
4 29 29 0 1
4 26 23 0 1
16 45 15 1 0
3 45 16 1 0
68 45 17 1 0
70 45 18 1 0
35 45 19 2 0
69 44 20 1 0
52 44 21 6 0
73 41 22 1 0
59 41 23 3 0
39 39 24 1 0
4 17 25 0 1
4 11 24 0 1
59 95 24 1 0
39 95 25 1 0
4 17 26 0 1
4 11 22 0 1
39 96 22 1 0
4 17 23 0 1
4 22 22 0 1
8 2 22 1 0
33 2 23 1 0
13 2 24 1 0
26 2 25 1 0
27 2 26 1 0
25 2 27 1 0
41 2 28 1 0
32 2 29 1 0
7 2 30 1 0
31 2 31 1 0
65 2 32 1 0
67 2 33 1 0
5 2 34 3 0
5 1 35 1 0
54 1 36 1 0
79 1 37 1 0
80 1 38 1 0
61 1 39 1 0
62 1 40 1 0
63 1 41 1 0
44 1 42 1 0
4 36 43 0 1
4 7 35 0 1
54 101 35 1 0
79 101 36 1 0
80 101 37 1 0
61 101 38 1 0
34 101 39 1 0
39 101 40 1 0
4 17 41 0 1
4 28 22 0 1
4 29 20 0 1
4 26 14 0 1
4 26 8 0 1
