1 132 0 1 0
25 70 1 1 0
62 70 2 1 0
80 109 3 1 0
0 132 4 1 0
21 109 5 1 0
60 109 6 4 0
23 108 7 1 0
4 28 8 0 1
4 9 7 0 1
81 22 7 1 0
4 20 8 0 1
19 130 7 5 0
4 23 8 0 1
20 111 8 1 0
22 111 9 1 0
2 132 10 1 0
53 111 11 4 0
57 108 12 1 0
4 28 13 0 1
57 118 12 1 0
4 34 13 0 1
55 123 12 2 0
72 122 13 1 0
4 50 14 0 1
54 73 13 4 0
43 72 14 1 0
4 20 15 0 1
4 25 14 0 1
42 59 14 3 0
41 58 15 2 0
87 57 16 1 0
86 57 17 1 0
83 57 18 2 0
85 56 19 1 0
61 56 20 1 0
37 56 21 1 0
4 13 22 0 1
31 52 19 4 0
4 24 20 0 1
4 30 20 0 1
4 24 20 0 1
4 30 20 0 1
93 89 16 1 0
43 89 17 1 0
4 20 18 0 1
4 10 15 0 1
41 79 15 2 0
87 76 16 1 0
85 76 17 1 0
61 76 18 1 0
46 76 19 1 0
4 19 20 0 1
93 99 16 1 0
43 99 17 1 0
4 20 18 0 1
4 32 14 0 1
52 125 12 1 0
16 125 13 3 0
4 23 14 0 1
18 38 14 2 0
17 37 15 1 0
50 37 16 2 0
49 36 17 2 0
51 35 18 1 0
87 35 19 1 0
86 35 20 1 0
84 35 21 1 0
81 35 22 1 0
4 20 23 0 1
94 117 18 1 0
92 117 19 3 0
93 115 20 1 0
43 115 21 1 0
4 20 22 0 1
4 8 20 0 1
95 102 20 1 0
34 102 21 1 0
13 102 22 1 0
27 102 23 1 0
28 102 24 1 0
26 102 25 1 0
45 102 26 1 0
33 102 27 1 0
7 102 28 1 0
32 102 29 1 0
71 102 30 1 0
74 102 31 1 0
5 102 32 1 0
59 102 33 1 0
88 102 34 1 0
89 102 35 1 0
66 102 36 1 0
68 102 37 1 0
69 102 38 1 0
90 102 39 5 0
4 27 40 0 1
24 35 40 1 0
43 35 41 1 0
4 20 42 0 1
4 25 40 0 1
8 44 40 1 0
34 44 41 1 0
13 44 42 1 0
27 44 43 1 0
28 44 44 1 0
26 44 45 1 0
45 44 46 1 0
33 44 47 1 0
7 44 48 1 0
32 44 49 1 0
71 44 50 1 0
74 44 51 1 0
5 44 52 1 0
59 44 53 1 0
88 44 54 1 0
89 44 55 1 0
66 44 56 1 0
35 44 57 3 0
6 43 58 1 0
43 43 59 1 0
4 20 60 0 1
4 12 58 0 1
43 71 58 1 0
4 20 59 0 1
4 32 40 0 1
4 33 17 0 1
17 63 15 1 0
3 63 16 1 0
75 63 17 1 0
39 63 18 1 0
15 63 19 9 0
4 15 20 0 1
4 25 20 0 1
38 77 20 1 0
49 77 21 2 0
51 76 22 1 0
87 76 23 1 0
85 76 24 1 0
61 76 25 1 0
46 76 26 1 0
4 19 27 0 1
94 68 22 1 0
92 68 23 3 0
93 65 24 1 0
43 65 25 1 0
4 20 26 0 1
4 8 24 0 1
95 4 24 1 0
34 4 25 1 0
13 4 26 1 0
27 4 27 1 0
28 4 28 1 0
26 4 29 1 0
45 4 30 1 0
33 4 31 1 0
7 4 32 1 0
32 4 33 1 0
71 4 34 1 0
74 4 35 1 0
5 4 36 1 0
59 4 37 1 0
88 4 38 1 0
89 4 39 1 0
66 4 40 1 0
68 4 41 1 0
69 4 42 1 0
48 4 43 1 0
4 21 44 0 1
4 33 20 0 1
34 67 20 1 0
13 67 21 1 0
27 67 22 1 0
28 67 23 1 0
26 67 24 1 0
45 67 25 1 0
33 67 26 1 0
7 67 27 1 0
32 67 28 1 0
71 67 29 3 0
71 65 30 1 0
74 65 31 1 0
5 65 32 1 0
59 65 33 1 0
88 65 34 1 0
89 65 35 1 0
66 65 36 1 0
35 65 37 1 0
43 65 38 1 0
4 20 39 0 1
4 26 30 0 1
74 99 30 1 0
5 99 31 1 0
59 99 32 1 0
88 99 33 1 0
89 99 34 1 0
66 99 35 1 0
35 99 36 1 0
43 99 37 1 0
4 20 38 0 1
4 33 20 0 1
40 66 20 1 0
77 66 21 1 0
76 66 22 1 0
65 66 23 2 0
66 65 24 1 0
35 65 25 1 0
43 65 26 1 0
4 20 27 0 1
4 18 24 0 1
4 32 20 0 1
3 126 20 1 0
75 126 21 1 0
79 126 22 1 0
16 126 23 3 0
4 23 24 0 1
18 64 24 1 0
17 64 25 1 0
3 64 26 1 0
75 64 27 1 0
39 64 28 1 0
15 64 29 9 0
4 15 30 0 1
4 25 30 0 1
38 78 30 1 0
49 78 31 2 0
51 76 32 1 0
87 76 33 1 0
85 76 34 1 0
61 76 35 1 0
46 76 36 1 0
4 19 37 0 1
94 86 32 1 0
92 86 33 3 0
93 83 34 1 0
43 83 35 1 0
4 20 36 0 1
4 8 34 0 1
95 4 34 1 0
34 4 35 1 0
13 4 36 1 0
27 4 37 1 0
28 4 38 1 0
26 4 39 1 0
45 4 40 1 0
33 4 41 1 0
7 4 42 1 0
32 4 43 1 0
71 4 44 1 0
74 4 45 1 0
5 4 46 1 0
59 4 47 1 0
88 4 48 1 0
89 4 49 1 0
66 4 50 1 0
68 4 51 1 0
69 4 52 1 0
48 4 53 1 0
4 21 54 0 1
4 33 30 0 1
34 85 30 1 0
13 85 31 1 0
27 85 32 1 0
28 85 33 1 0
26 85 34 1 0
45 85 35 1 0
33 85 36 1 0
7 85 37 1 0
32 85 38 1 0
71 85 39 3 0
71 83 40 1 0
74 83 41 1 0
5 83 42 1 0
59 83 43 1 0
88 83 44 1 0
89 83 45 1 0
66 83 46 1 0
35 83 47 1 0
43 83 48 1 0
4 20 49 0 1
4 26 40 0 1
74 99 40 1 0
5 99 41 1 0
59 99 42 1 0
88 99 43 1 0
89 99 44 1 0
66 99 45 1 0
35 99 46 1 0
43 99 47 1 0
4 20 48 0 1
4 33 30 0 1
40 84 30 1 0
77 84 31 1 0
76 84 32 1 0
65 84 33 2 0
66 83 34 1 0
35 83 35 1 0
43 83 36 1 0
4 20 37 0 1
4 18 34 0 1
4 32 30 0 1
3 129 30 1 0
75 129 31 1 0
79 129 32 1 0
16 129 33 3 0
4 23 34 0 1
18 96 34 1 0
17 96 35 1 0
3 96 36 1 0
75 96 37 1 0
79 96 38 1 0
36 96 39 2 0
76 95 40 1 0
12 95 41 3 0
47 94 42 1 0
9 94 43 4 0
69 93 44 4 0
35 89 45 1 0
43 89 46 1 0
4 20 47 0 1
4 24 45 0 1
34 65 45 1 0
13 65 46 1 0
27 65 47 1 0
28 65 48 1 0
26 65 49 1 0
45 65 50 1 0
33 65 51 1 0
7 65 52 1 0
32 65 53 1 0
71 65 54 1 0
74 65 55 1 0
5 65 56 1 0
59 65 57 1 0
88 65 58 1 0
89 65 59 1 0
66 65 60 1 0
35 65 61 1 0
43 65 62 1 0
4 20 63 0 1
4 30 45 0 1
4 24 44 0 1
34 83 44 1 0
13 83 45 1 0
27 83 46 1 0
28 83 47 1 0
26 83 48 1 0
45 83 49 1 0
33 83 50 1 0
7 83 51 1 0
32 83 52 1 0
71 83 53 1 0
74 83 54 1 0
5 83 55 1 0
59 83 56 1 0
88 83 57 1 0
89 83 58 1 0
66 83 59 1 0
35 83 60 1 0
43 83 61 1 0
4 20 62 0 1
4 30 44 0 1
14 6 42 1 0
4 8 43 0 1
34 116 42 1 0
13 116 43 1 0
27 116 44 1 0
28 116 45 1 0
26 116 46 1 0
45 116 47 1 0
33 116 48 1 0
7 116 49 1 0
32 116 50 1 0
71 116 51 1 0
74 116 52 1 0
5 116 53 1 0
59 116 54 1 0
88 116 55 1 0
89 116 56 1 0
66 116 57 1 0
68 116 58 1 0
69 116 59 5 0
82 115 60 1 0
64 115 61 1 0
43 115 62 1 0
4 20 63 0 1
4 12 60 0 1
43 104 60 1 0
4 20 61 0 1
4 25 60 0 1
4 32 60 0 1
4 33 40 0 1
4 29 34 0 1
4 29 24 0 1
4 29 14 0 1
20 110 8 1 0
22 110 9 1 0
2 132 10 1 0
53 110 11 4 0
57 108 12 1 0
4 28 13 0 1
57 118 12 1 0
4 34 13 0 1
55 62 12 2 0
72 56 13 1 0
87 56 14 1 0
85 56 15 1 0
61 56 16 1 0
37 56 17 1 0
4 13 18 0 1
54 120 13 4 0
43 119 14 1 0
4 20 15 0 1
4 25 14 0 1
42 59 14 3 0
41 58 15 2 0
87 57 16 1 0
86 57 17 1 0
83 57 18 2 0
85 56 19 1 0
61 56 20 1 0
37 56 21 1 0
4 13 22 0 1
31 52 19 4 0
4 24 20 0 1
4 30 20 0 1
4 24 20 0 1
4 30 20 0 1
93 89 16 1 0
43 89 17 1 0
4 20 18 0 1
4 10 15 0 1
41 79 15 2 0
87 76 16 1 0
85 76 17 1 0
61 76 18 1 0
46 76 19 1 0
4 19 20 0 1
93 99 16 1 0
43 99 17 1 0
4 20 18 0 1
4 32 14 0 1
52 127 12 1 0
16 127 13 3 0
4 23 14 0 1
18 69 14 1 0
17 69 15 1 0
3 69 16 1 0
75 69 17 1 0
44 69 18 7 0
4 17 19 0 1
4 25 19 0 1
34 101 19 1 0
13 101 20 1 0
27 101 21 1 0
28 101 22 1 0
26 101 23 1 0
45 101 24 1 0
33 101 25 1 0
7 101 26 1 0
32 101 27 1 0
71 101 28 3 0
71 99 29 1 0
74 99 30 1 0
5 99 31 1 0
59 99 32 1 0
88 99 33 1 0
89 99 34 1 0
66 99 35 1 0
35 99 36 1 0
43 99 37 1 0
4 20 38 0 1
4 16 29 0 1
74 4 29 1 0
5 4 30 1 0
59 4 31 1 0
88 4 32 1 0
89 4 33 1 0
66 4 34 1 0
68 4 35 1 0
69 4 36 1 0
48 4 37 1 0
4 21 38 0 1
4 32 19 0 1
78 131 19 1 0
79 131 20 1 0
16 131 21 3 0
4 23 22 0 1
18 114 22 1 0
17 114 23 1 0
3 114 24 1 0
75 114 25 1 0
79 114 26 1 0
73 114 27 3 0
4 31 28 0 1
34 98 28 1 0
13 98 29 1 0
27 98 30 1 0
28 98 31 1 0
26 98 32 1 0
45 98 33 1 0
33 98 34 1 0
7 98 35 1 0
32 98 36 1 0
71 98 37 1 0
74 98 38 1 0
5 98 39 3 0
5 97 40 1 0
59 97 41 1 0
88 97 42 1 0
89 97 43 1 0
66 97 44 1 0
68 97 45 1 0
69 97 46 5 0
35 89 47 1 0
43 89 48 1 0
4 20 49 0 1
4 24 47 0 1
34 99 47 1 0
13 99 48 1 0
27 99 49 1 0
28 99 50 1 0
26 99 51 1 0
45 99 52 1 0
33 99 53 1 0
7 99 54 1 0
32 99 55 1 0
71 99 56 1 0
74 99 57 1 0
5 99 58 1 0
59 99 59 1 0
88 99 60 1 0
89 99 61 1 0
66 99 62 1 0
35 99 63 1 0
43 99 64 1 0
4 20 65 0 1
4 30 47 0 1
63 53 47 3 0
4 24 48 0 1
34 99 48 1 0
13 99 49 1 0
27 99 50 1 0
28 99 51 1 0
26 99 52 1 0
45 99 53 1 0
33 99 54 1 0
7 99 55 1 0
32 99 56 1 0
71 99 57 1 0
74 99 58 1 0
5 99 59 1 0
59 99 60 1 0
88 99 61 1 0
89 99 62 1 0
66 99 63 1 0
35 99 64 1 0
43 99 65 1 0
4 20 66 0 1
4 30 48 0 1
4 7 40 0 1
59 121 40 1 0
88 121 41 1 0
89 121 42 1 0
66 121 43 1 0
68 121 44 1 0
69 121 45 4 0
58 119 46 1 0
91 119 47 1 0
4 20 48 0 1
4 25 46 0 1
8 90 46 3 0
34 89 47 1 0
13 89 48 1 0
27 89 49 1 0
28 89 50 1 0
26 89 51 1 0
45 89 52 1 0
33 89 53 1 0
7 89 54 1 0
32 89 55 1 0
71 89 56 1 0
74 89 57 1 0
5 89 58 1 0
59 89 59 1 0
88 89 60 1 0
89 89 61 1 0
66 89 62 1 0
35 89 63 1 0
43 89 64 1 0
4 20 65 0 1
4 10 47 0 1
34 3 47 1 0
13 3 48 1 0
27 3 49 1 0
28 3 50 1 0
26 3 51 1 0
45 3 52 1 0
33 3 53 1 0
7 3 54 1 0
32 3 55 1 0
71 3 56 1 0
74 3 57 1 0
5 3 58 1 0
59 3 59 1 0
88 3 60 1 0
67 3 61 2 0
4 11 62 0 1
88 99 62 1 0
89 99 63 1 0
66 99 64 1 0
35 99 65 1 0
43 99 66 1 0
4 20 67 0 1
4 32 46 0 1
4 33 28 0 1
4 29 22 0 1
4 14 19 0 1
3 113 19 1 0
75 113 20 1 0
79 113 21 1 0
73 113 22 3 0
4 31 23 0 1
34 4 23 1 0
13 4 24 1 0
27 4 25 1 0
28 4 26 1 0
26 4 27 1 0
45 4 28 1 0
33 4 29 1 0
7 4 30 1 0
32 4 31 1 0
71 4 32 1 0
74 4 33 1 0
5 4 34 1 0
59 4 35 1 0
88 4 36 1 0
89 4 37 1 0
66 4 38 1 0
68 4 39 1 0
69 4 40 1 0
48 4 41 1 0
4 21 42 0 1
4 33 23 0 1
4 29 14 0 1
20 112 8 1 0
22 112 9 1 0
2 132 10 1 0
53 112 11 4 0
57 108 12 1 0
4 28 13 0 1
57 118 12 1 0
4 34 13 0 1
55 124 12 2 0
72 122 13 1 0
4 50 14 0 1
54 88 13 4 0
43 87 14 1 0
4 20 15 0 1
4 25 14 0 1
42 42 14 1 0
41 42 15 2 0
87 41 16 1 0
86 41 17 1 0
83 41 18 2 0
84 39 19 1 0
81 39 20 1 0
4 20 21 0 1
31 51 19 2 0
4 24 20 0 1
4 30 20 0 1
93 55 16 1 0
43 55 17 1 0
4 20 18 0 1
4 32 14 0 1
52 128 12 1 0
16 128 13 3 0
4 23 14 0 1
18 82 14 5 0
17 81 15 1 0
50 81 16 2 0
49 80 17 2 0
51 76 18 1 0
87 76 19 1 0
85 76 20 1 0
61 76 21 1 0
46 76 22 1 0
4 19 23 0 1
94 100 18 1 0
92 100 19 3 0
93 99 20 1 0
43 99 21 1 0
4 20 22 0 1
4 8 20 0 1
95 5 20 1 0
34 5 21 1 0
13 5 22 1 0
27 5 23 1 0
28 5 24 1 0
26 5 25 1 0
45 5 26 1 0
33 5 27 1 0
7 5 28 1 0
32 5 29 1 0
71 5 30 1 0
74 5 31 1 0
5 5 32 1 0
59 5 33 1 0
88 5 34 1 0
89 5 35 1 0
66 5 36 1 0
68 5 37 1 0
69 5 38 1 0
48 5 39 1 0
4 21 40 0 1
4 33 17 0 1
17 47 15 1 0
3 47 16 1 0
75 47 17 1 0
79 47 18 1 0
36 47 19 2 0
76 46 20 1 0
56 46 21 6 0
82 45 22 1 0
64 45 23 3 0
43 43 24 1 0
4 20 25 0 1
4 12 24 0 1
64 105 24 1 0
43 105 25 1 0
4 20 26 0 1
4 12 22 0 1
43 106 22 1 0
4 20 23 0 1
4 25 22 0 1
8 0 22 1 0
34 0 23 1 0
13 0 24 1 0
27 0 25 1 0
28 0 26 1 0
26 0 27 1 0
45 0 28 1 0
33 0 29 1 0
7 0 30 1 0
32 0 31 1 0
71 0 32 1 0
74 0 33 1 0
5 0 34 1 0
59 0 35 1 0
88 0 36 1 0
89 0 37 1 0
66 0 38 1 0
68 0 39 1 0
69 0 40 1 0
48 0 41 1 0
4 40 42 0 1
4 32 22 0 1
4 33 20 0 1
17 61 15 1 0
50 61 16 2 0
49 60 17 2 0
51 57 18 1 0
87 57 19 1 0
86 57 20 1 0
83 57 21 2 0
85 56 22 1 0
61 56 23 1 0
37 56 24 1 0
4 13 25 0 1
31 52 22 4 0
4 24 23 0 1
4 30 23 0 1
4 24 23 0 1
4 30 23 0 1
94 92 18 1 0
92 92 19 3 0
93 89 20 1 0
43 89 21 1 0
4 20 22 0 1
4 8 20 0 1
95 103 20 1 0
34 103 21 1 0
13 103 22 1 0
27 103 23 1 0
28 103 24 1 0
26 103 25 1 0
45 103 26 1 0
33 103 27 1 0
7 103 28 1 0
32 103 29 1 0
71 103 30 1 0
74 103 31 1 0
5 103 32 1 0
59 103 33 1 0
88 103 34 1 0
89 103 35 1 0
66 103 36 1 0
68 103 37 1 0
10 103 38 1 0
11 103 39 3 0
4 27 40 0 1
70 56 40 1 0
61 56 41 1 0
37 56 42 1 0
4 13 43 0 1
30 54 40 2 0
29 53 41 3 0
4 24 42 0 1
34 99 42 1 0
13 99 43 1 0
27 99 44 1 0
28 99 45 1 0
26 99 46 1 0
45 99 47 1 0
33 99 48 1 0
7 99 49 1 0
32 99 50 1 0
71 99 51 1 0
74 99 52 1 0
5 99 53 1 0
59 99 54 1 0
88 99 55 1 0
89 99 56 1 0
66 99 57 1 0
35 99 58 1 0
43 99 59 1 0
4 20 60 0 1
4 30 42 0 1
29 53 41 3 0
4 24 42 0 1
34 99 42 1 0
13 99 43 1 0
27 99 44 1 0
28 99 45 1 0
26 99 46 1 0
45 99 47 1 0
33 99 48 1 0
7 99 49 1 0
32 99 50 1 0
71 99 51 1 0
74 99 52 1 0
5 99 53 1 0
59 99 54 1 0
88 99 55 1 0
89 99 56 1 0
66 99 57 1 0
35 99 58 1 0
43 99 59 1 0
4 20 60 0 1
4 30 42 0 1
4 33 17 0 1
17 75 15 1 0
3 75 16 1 0
75 75 17 1 0
79 75 18 1 0
36 75 19 2 0
76 74 20 1 0
56 74 21 4 0
58 72 22 1 0
91 72 23 1 0
4 20 24 0 1
4 25 22 0 1
8 91 22 3 0
34 89 23 1 0
13 89 24 1 0
27 89 25 1 0
28 89 26 1 0
26 89 27 1 0
45 89 28 1 0
33 89 29 1 0
7 89 30 1 0
32 89 31 1 0
71 89 32 1 0
74 89 33 1 0
5 89 34 1 0
59 89 35 1 0
88 89 36 1 0
89 89 37 1 0
66 89 38 1 0
35 89 39 1 0
43 89 40 1 0
4 20 41 0 1
4 10 23 0 1
34 99 23 1 0
13 99 24 1 0
27 99 25 1 0
28 99 26 1 0
26 99 27 1 0
45 99 28 1 0
33 99 29 1 0
7 99 30 1 0
32 99 31 1 0
71 99 32 1 0
74 99 33 1 0
5 99 34 1 0
59 99 35 1 0
88 99 36 1 0
89 99 37 1 0
66 99 38 1 0
35 99 39 1 0
43 99 40 1 0
4 20 41 0 1
4 32 22 0 1
4 33 20 0 1
17 49 15 1 0
3 49 16 1 0
75 49 17 1 0
79 49 18 1 0
36 49 19 2 0
76 48 20 1 0
56 48 21 6 0
82 45 22 1 0
64 45 23 3 0
43 43 24 1 0
4 20 25 0 1
4 12 24 0 1
64 105 24 1 0
43 105 25 1 0
4 20 26 0 1
4 12 22 0 1
43 107 22 1 0
4 20 23 0 1
4 25 22 0 1
8 2 22 1 0
34 2 23 1 0
13 2 24 1 0
27 2 25 1 0
28 2 26 1 0
26 2 27 1 0
45 2 28 1 0
33 2 29 1 0
7 2 30 1 0
32 2 31 1 0
71 2 32 1 0
74 2 33 1 0
5 2 34 3 0
5 1 35 1 0
59 1 36 1 0
88 1 37 1 0
89 1 38 1 0
66 1 39 1 0
68 1 40 1 0
69 1 41 1 0
48 1 42 1 0
4 40 43 0 1
4 7 35 0 1
59 121 35 1 0
88 121 36 1 0
89 121 37 1 0
66 121 38 1 0
68 121 39 1 0
69 121 40 4 0
58 119 41 1 0
91 119 42 1 0
4 20 43 0 1
4 25 41 0 1
8 90 41 3 0
34 89 42 1 0
13 89 43 1 0
27 89 44 1 0
28 89 45 1 0
26 89 46 1 0
45 89 47 1 0
33 89 48 1 0
7 89 49 1 0
32 89 50 1 0
71 89 51 1 0
74 89 52 1 0
5 89 53 1 0
59 89 54 1 0
88 89 55 1 0
89 89 56 1 0
66 89 57 1 0
35 89 58 1 0
43 89 59 1 0
4 20 60 0 1
4 10 42 0 1
34 3 42 1 0
13 3 43 1 0
27 3 44 1 0
28 3 45 1 0
26 3 46 1 0
45 3 47 1 0
33 3 48 1 0
7 3 49 1 0
32 3 50 1 0
71 3 51 1 0
74 3 52 1 0
5 3 53 1 0
59 3 54 1 0
88 3 55 1 0
67 3 56 2 0
4 11 57 0 1
88 99 57 1 0
89 99 58 1 0
66 99 59 1 0
35 99 60 1 0
43 99 61 1 0
4 20 62 0 1
4 32 41 0 1
4 32 22 0 1
4 33 20 0 1
4 29 14 0 1
4 29 8 0 1
