1 114 0 1 0
25 78 1 1 0
60 78 2 1 0
75 99 3 1 0
0 114 4 1 0
21 99 5 1 0
58 99 6 4 0
23 98 7 1 0
4 25 8 0 1
4 11 7 0 1
76 23 7 1 0
4 17 8 0 1
19 112 7 3 0
4 19 8 0 1
20 100 8 1 0
22 100 9 1 0
2 114 10 1 0
52 100 11 4 0
56 98 12 1 0
4 25 13 0 1
56 101 12 1 0
4 30 13 0 1
54 108 12 2 0
69 107 13 1 0
4 45 14 0 1
53 92 13 4 0
43 91 14 1 0
4 17 15 0 1
4 21 14 0 1
42 37 14 1 0
41 37 15 2 0
82 36 16 1 0
81 36 17 1 0
78 36 18 2 0
79 34 19 1 0
76 34 20 1 0
4 17 21 0 1
31 48 19 2 0
4 20 20 0 1
4 27 20 0 1
87 51 16 1 0
43 51 17 1 0
4 17 18 0 1
4 28 14 0 1
51 110 12 1 0
16 110 13 3 0
4 19 14 0 1
18 65 14 9 0
17 64 15 1 0
49 64 16 2 0
48 63 17 2 0
50 62 18 1 0
82 62 19 1 0
81 62 20 1 0
78 62 21 2 0
80 61 22 1 0
59 61 23 1 0
37 61 24 1 0
4 13 25 0 1
31 49 22 4 0
4 20 23 0 1
4 27 23 0 1
4 20 23 0 1
4 27 23 0 1
88 52 18 1 0
86 52 19 1 0
87 52 20 1 0
43 52 21 1 0
4 17 22 0 1
4 29 17 0 1
17 33 15 1 0
49 33 16 2 0
48 32 17 2 0
50 31 18 1 0
82 31 19 1 0
81 31 20 1 0
79 31 21 1 0
76 31 22 1 0
4 17 23 0 1
88 82 18 1 0
86 82 19 3 0
87 80 20 1 0
43 80 21 1 0
4 17 22 0 1
4 10 20 0 1
89 93 20 1 0
34 93 21 1 0
13 93 22 1 0
27 93 23 1 0
28 93 24 1 0
26 93 25 1 0
44 93 26 1 0
33 93 27 1 0
7 93 28 1 0
32 93 29 1 0
68 93 30 1 0
70 93 31 1 0
5 93 32 1 0
57 93 33 1 0
83 93 34 1 0
84 93 35 1 0
64 93 36 1 0
65 93 37 1 0
66 93 38 1 0
85 93 39 5 0
4 24 40 0 1
24 31 40 1 0
43 31 41 1 0
4 17 42 0 1
4 21 40 0 1
8 39 40 1 0
34 39 41 1 0
13 39 42 1 0
27 39 43 1 0
28 39 44 1 0
26 39 45 1 0
44 39 46 1 0
33 39 47 1 0
7 39 48 1 0
32 39 49 1 0
68 39 50 1 0
70 39 51 1 0
5 39 52 1 0
57 39 53 1 0
83 39 54 1 0
84 39 55 1 0
64 39 56 1 0
35 39 57 3 0
6 38 58 1 0
43 38 59 1 0
4 17 60 0 1
4 12 58 0 1
43 79 58 1 0
4 17 59 0 1
4 28 40 0 1
4 29 17 0 1
17 42 15 1 0
3 42 16 1 0
71 42 17 1 0
74 42 18 1 0
36 42 19 2 0
72 41 20 1 0
55 41 21 6 0
77 40 22 1 0
62 40 23 3 0
43 38 24 1 0
4 17 25 0 1
4 12 24 0 1
62 96 24 1 0
43 96 25 1 0
4 17 26 0 1
4 12 22 0 1
43 97 22 1 0
4 17 23 0 1
4 21 22 0 1
8 0 22 1 0
34 0 23 1 0
13 0 24 1 0
27 0 25 1 0
28 0 26 1 0
26 0 27 1 0
44 0 28 1 0
33 0 29 1 0
7 0 30 1 0
32 0 31 1 0
68 0 32 1 0
70 0 33 1 0
5 0 34 1 0
57 0 35 1 0
83 0 36 1 0
84 0 37 1 0
64 0 38 1 0
65 0 39 1 0
66 0 40 1 0
47 0 41 1 0
4 35 42 0 1
4 28 22 0 1
4 29 20 0 1
17 55 15 1 0
3 55 16 1 0
71 55 17 1 0
74 55 18 1 0
36 55 19 2 0
72 54 20 1 0
12 54 21 3 0
46 52 22 1 0
35 52 23 1 0
43 52 24 1 0
4 17 25 0 1
14 7 22 1 0
4 10 23 0 1
34 94 22 1 0
13 94 23 1 0
27 94 24 1 0
28 94 25 1 0
26 94 26 1 0
44 94 27 1 0
33 94 28 1 0
7 94 29 1 0
32 94 30 1 0
68 94 31 1 0
70 94 32 1 0
5 94 33 1 0
57 94 34 1 0
83 94 35 1 0
84 94 36 1 0
64 94 37 1 0
65 94 38 1 0
10 94 39 1 0
11 94 40 3 0
4 24 41 0 1
67 61 41 1 0
59 61 42 1 0
37 61 43 1 0
4 13 44 0 1
30 47 41 2 0
29 46 42 3 0
4 20 43 0 1
34 6 43 1 0
13 6 44 1 0
27 6 45 1 0
28 6 46 1 0
26 6 47 1 0
44 6 48 1 0
33 6 49 1 0
7 6 50 1 0
32 6 51 1 0
68 6 52 1 0
70 6 53 1 0
5 6 54 1 0
57 6 55 1 0
83 6 56 1 0
84 6 57 1 0
64 6 58 1 0
65 6 59 1 0
66 6 60 1 0
47 6 61 1 0
4 18 62 0 1
4 27 43 0 1
29 46 42 3 0
4 20 43 0 1
34 6 43 1 0
13 6 44 1 0
27 6 45 1 0
28 6 46 1 0
26 6 47 1 0
44 6 48 1 0
33 6 49 1 0
7 6 50 1 0
32 6 51 1 0
68 6 52 1 0
70 6 53 1 0
5 6 54 1 0
57 6 55 1 0
83 6 56 1 0
84 6 57 1 0
64 6 58 1 0
65 6 59 1 0
66 6 60 1 0
47 6 61 1 0
4 18 62 0 1
4 27 43 0 1
4 29 20 0 1
17 68 15 1 0
3 68 16 1 0
71 68 17 1 0
39 68 18 1 0
15 68 19 9 0
4 14 20 0 1
4 21 20 0 1
38 84 20 1 0
48 84 21 2 0
50 83 22 1 0
82 83 23 1 0
80 83 24 1 0
59 83 25 1 0
45 83 26 1 0
4 16 27 0 1
88 76 22 1 0
86 76 23 3 0
87 71 24 1 0
43 71 25 1 0
4 17 26 0 1
4 10 24 0 1
89 4 24 1 0
34 4 25 1 0
13 4 26 1 0
27 4 27 1 0
28 4 28 1 0
26 4 29 1 0
44 4 30 1 0
33 4 31 1 0
7 4 32 1 0
32 4 33 1 0
68 4 34 1 0
70 4 35 1 0
5 4 36 1 0
57 4 37 1 0
83 4 38 1 0
84 4 39 1 0
64 4 40 1 0
65 4 41 1 0
66 4 42 1 0
47 4 43 1 0
4 18 44 0 1
4 29 20 0 1
34 74 20 1 0
13 74 21 1 0
27 74 22 1 0
28 74 23 1 0
26 74 24 1 0
44 74 25 1 0
33 74 26 1 0
7 74 27 1 0
32 74 28 1 0
68 74 29 3 0
68 71 30 1 0
70 71 31 1 0
5 71 32 1 0
57 71 33 1 0
83 71 34 1 0
84 71 35 1 0
64 71 36 1 0
35 71 37 1 0
43 71 38 1 0
4 17 39 0 1
4 22 30 0 1
70 6 30 1 0
5 6 31 1 0
57 6 32 1 0
83 6 33 1 0
84 6 34 1 0
64 6 35 1 0
65 6 36 1 0
66 6 37 1 0
47 6 38 1 0
4 18 39 0 1
4 29 20 0 1
40 72 20 1 0
73 72 21 1 0
72 72 22 1 0
63 72 23 2 0
64 71 24 1 0
35 71 25 1 0
43 71 26 1 0
4 17 27 0 1
4 15 24 0 1
4 28 20 0 1
3 111 20 1 0
71 111 21 1 0
74 111 22 1 0
16 111 23 3 0
4 19 24 0 1
18 70 24 1 0
17 70 25 1 0
3 70 26 1 0
71 70 27 1 0
39 70 28 1 0
15 70 29 9 0
4 14 30 0 1
4 21 30 0 1
38 85 30 1 0
48 85 31 2 0
50 83 32 1 0
82 83 33 1 0
80 83 34 1 0
59 83 35 1 0
45 83 36 1 0
4 16 37 0 1
88 89 32 1 0
86 89 33 3 0
87 86 34 1 0
43 86 35 1 0
4 17 36 0 1
4 10 34 0 1
89 4 34 1 0
34 4 35 1 0
13 4 36 1 0
27 4 37 1 0
28 4 38 1 0
26 4 39 1 0
44 4 40 1 0
33 4 41 1 0
7 4 42 1 0
32 4 43 1 0
68 4 44 1 0
70 4 45 1 0
5 4 46 1 0
57 4 47 1 0
83 4 48 1 0
84 4 49 1 0
64 4 50 1 0
65 4 51 1 0
66 4 52 1 0
47 4 53 1 0
4 18 54 0 1
4 29 30 0 1
34 88 30 1 0
13 88 31 1 0
27 88 32 1 0
28 88 33 1 0
26 88 34 1 0
44 88 35 1 0
33 88 36 1 0
7 88 37 1 0
32 88 38 1 0
68 88 39 3 0
68 86 40 1 0
70 86 41 1 0
5 86 42 1 0
57 86 43 1 0
83 86 44 1 0
84 86 45 1 0
64 86 46 1 0
35 86 47 1 0
43 86 48 1 0
4 17 49 0 1
4 22 40 0 1
70 6 40 1 0
5 6 41 1 0
57 6 42 1 0
83 6 43 1 0
84 6 44 1 0
64 6 45 1 0
65 6 46 1 0
66 6 47 1 0
47 6 48 1 0
4 18 49 0 1
4 29 30 0 1
40 87 30 1 0
73 87 31 1 0
72 87 32 1 0
63 87 33 2 0
64 86 34 1 0
35 86 35 1 0
43 86 36 1 0
4 17 37 0 1
4 15 34 0 1
4 28 30 0 1
3 109 30 1 0
71 109 31 1 0
74 109 32 1 0
16 109 33 3 0
4 19 34 0 1
18 60 34 1 0
17 60 35 1 0
3 60 36 1 0
71 60 37 1 0
74 60 38 1 0
36 60 39 2 0
72 59 40 1 0
12 59 41 3 0
46 58 42 1 0
9 58 43 4 0
66 56 44 4 0
35 52 45 1 0
43 52 46 1 0
4 17 47 0 1
4 20 45 0 1
34 71 45 1 0
13 71 46 1 0
27 71 47 1 0
28 71 48 1 0
26 71 49 1 0
44 71 50 1 0
33 71 51 1 0
7 71 52 1 0
32 71 53 1 0
68 71 54 1 0
70 71 55 1 0
5 71 56 1 0
57 71 57 1 0
83 71 58 1 0
84 71 59 1 0
64 71 60 1 0
35 71 61 1 0
43 71 62 1 0
4 17 63 0 1
4 27 45 0 1
4 20 44 0 1
34 86 44 1 0
13 86 45 1 0
27 86 46 1 0
28 86 47 1 0
26 86 48 1 0
44 86 49 1 0
33 86 50 1 0
7 86 51 1 0
32 86 52 1 0
68 86 53 1 0
70 86 54 1 0
5 86 55 1 0
57 86 56 1 0
83 86 57 1 0
84 86 58 1 0
64 86 59 1 0
35 86 60 1 0
43 86 61 1 0
4 17 62 0 1
4 27 44 0 1
14 7 42 1 0
4 10 43 0 1
34 81 42 1 0
13 81 43 1 0
27 81 44 1 0
28 81 45 1 0
26 81 46 1 0
44 81 47 1 0
33 81 48 1 0
7 81 49 1 0
32 81 50 1 0
68 81 51 1 0
70 81 52 1 0
5 81 53 1 0
57 81 54 1 0
83 81 55 1 0
84 81 56 1 0
64 81 57 1 0
65 81 58 1 0
66 81 59 5 0
77 80 60 1 0
62 80 61 1 0
43 80 62 1 0
4 17 63 0 1
4 12 60 0 1
43 95 60 1 0
4 17 61 0 1
4 21 60 0 1
4 28 60 0 1
4 29 40 0 1
4 26 34 0 1
4 26 24 0 1
17 67 15 1 0
49 67 16 2 0
48 66 17 2 0
50 61 18 1 0
82 61 19 1 0
80 61 20 1 0
59 61 21 1 0
37 61 22 1 0
4 13 23 0 1
88 102 18 1 0
86 102 19 1 0
87 102 20 1 0
43 102 21 1 0
4 17 22 0 1
4 29 17 0 1
17 106 15 1 0
3 106 16 1 0
71 106 17 1 0
74 106 18 1 0
36 106 19 2 0
72 105 20 1 0
12 105 21 3 0
46 102 22 1 0
35 102 23 1 0
43 102 24 1 0
4 17 25 0 1
14 7 22 1 0
4 10 23 0 1
34 4 22 1 0
13 4 23 1 0
27 4 24 1 0
28 4 25 1 0
26 4 26 1 0
44 4 27 1 0
33 4 28 1 0
7 4 29 1 0
32 4 30 1 0
68 4 31 1 0
70 4 32 1 0
5 4 33 1 0
57 4 34 1 0
83 4 35 1 0
84 4 36 1 0
64 4 37 1 0
65 4 38 1 0
66 4 39 1 0
47 4 40 1 0
4 18 41 0 1
4 29 20 0 1
17 69 15 1 0
3 69 16 1 0
71 69 17 1 0
39 69 18 1 0
15 69 19 9 0
4 14 20 0 1
4 21 20 0 1
38 84 20 1 0
48 84 21 2 0
50 83 22 1 0
82 83 23 1 0
80 83 24 1 0
59 83 25 1 0
45 83 26 1 0
4 16 27 0 1
88 76 22 1 0
86 76 23 3 0
87 71 24 1 0
43 71 25 1 0
4 17 26 0 1
4 10 24 0 1
89 4 24 1 0
34 4 25 1 0
13 4 26 1 0
27 4 27 1 0
28 4 28 1 0
26 4 29 1 0
44 4 30 1 0
33 4 31 1 0
7 4 32 1 0
32 4 33 1 0
68 4 34 1 0
70 4 35 1 0
5 4 36 1 0
57 4 37 1 0
83 4 38 1 0
84 4 39 1 0
64 4 40 1 0
65 4 41 1 0
66 4 42 1 0
47 4 43 1 0
4 18 44 0 1
4 29 20 0 1
34 75 20 1 0
13 75 21 1 0
27 75 22 1 0
28 75 23 1 0
26 75 24 1 0
44 75 25 1 0
33 75 26 1 0
7 75 27 1 0
32 75 28 1 0
68 75 29 3 0
68 71 30 1 0
70 71 31 1 0
5 71 32 1 0
57 71 33 1 0
83 71 34 1 0
84 71 35 1 0
64 71 36 1 0
35 71 37 1 0
43 71 38 1 0
4 17 39 0 1
4 22 30 0 1
70 53 30 1 0
5 53 31 1 0
57 53 32 1 0
83 53 33 1 0
84 53 34 1 0
64 53 35 1 0
35 53 36 3 0
6 52 37 1 0
43 52 38 1 0
4 17 39 0 1
4 12 37 0 1
43 90 37 1 0
4 17 38 0 1
4 29 20 0 1
40 77 20 1 0
73 77 21 1 0
72 77 22 1 0
12 77 23 3 0
46 71 24 1 0
35 71 25 1 0
43 71 26 1 0
4 17 27 0 1
14 7 24 1 0
4 10 25 0 1
34 73 24 1 0
13 73 25 1 0
27 73 26 1 0
28 73 27 1 0
26 73 28 1 0
44 73 29 1 0
33 73 30 1 0
7 73 31 1 0
32 73 32 1 0
68 73 33 1 0
70 73 34 1 0
5 73 35 3 0
5 71 36 1 0
57 71 37 1 0
83 71 38 1 0
84 71 39 1 0
64 71 40 1 0
35 71 41 1 0
43 71 42 1 0
4 17 43 0 1
4 8 36 0 1
57 5 36 1 0
83 5 37 1 0
84 5 38 1 0
64 5 39 1 0
65 5 40 1 0
66 5 41 1 0
47 5 42 1 0
4 18 43 0 1
4 28 20 0 1
3 113 20 1 0
71 113 21 1 0
74 113 22 1 0
16 113 23 3 0
4 19 24 0 1
18 104 24 1 0
17 104 25 1 0
3 104 26 1 0
71 104 27 1 0
74 104 28 1 0
36 104 29 2 0
72 103 30 1 0
12 103 31 3 0
46 102 32 1 0
35 102 33 1 0
43 102 34 1 0
4 17 35 0 1
14 3 32 1 0
4 9 33 0 1
34 57 32 1 0
13 57 33 1 0
27 57 34 1 0
28 57 35 1 0
26 57 36 1 0
44 57 37 1 0
33 57 38 1 0
7 57 39 1 0
32 57 40 1 0
68 57 41 1 0
70 57 42 1 0
5 57 43 1 0
57 57 44 1 0
83 57 45 1 0
84 57 46 1 0
64 57 47 1 0
65 57 48 1 0
66 57 49 5 0
35 52 50 1 0
43 52 51 1 0
4 17 52 0 1
4 20 50 0 1
34 71 50 1 0
13 71 51 1 0
27 71 52 1 0
28 71 53 1 0
26 71 54 1 0
44 71 55 1 0
33 71 56 1 0
7 71 57 1 0
32 71 58 1 0
68 71 59 1 0
70 71 60 1 0
5 71 61 1 0
57 71 62 1 0
83 71 63 1 0
84 71 64 1 0
64 71 65 1 0
35 71 66 1 0
43 71 67 1 0
4 17 68 0 1
4 27 50 0 1
61 50 50 3 0
4 20 51 0 1
34 71 51 1 0
13 71 52 1 0
27 71 53 1 0
28 71 54 1 0
26 71 55 1 0
44 71 56 1 0
33 71 57 1 0
7 71 58 1 0
32 71 59 1 0
68 71 60 1 0
70 71 61 1 0
5 71 62 1 0
57 71 63 1 0
83 71 64 1 0
84 71 65 1 0
64 71 66 1 0
35 71 67 1 0
43 71 68 1 0
4 17 69 0 1
4 27 51 0 1
4 29 30 0 1
4 26 24 0 1
17 44 15 1 0
3 44 16 1 0
71 44 17 1 0
74 44 18 1 0
36 44 19 2 0
72 43 20 1 0
55 43 21 6 0
77 40 22 1 0
62 40 23 3 0
43 38 24 1 0
4 17 25 0 1
4 12 24 0 1
62 96 24 1 0
43 96 25 1 0
4 17 26 0 1
4 12 22 0 1
43 97 22 1 0
4 17 23 0 1
4 21 22 0 1
8 2 22 1 0
34 2 23 1 0
13 2 24 1 0
27 2 25 1 0
28 2 26 1 0
26 2 27 1 0
44 2 28 1 0
33 2 29 1 0
7 2 30 1 0
32 2 31 1 0
68 2 32 1 0
70 2 33 1 0
5 2 34 3 0
5 1 35 1 0
57 1 36 1 0
83 1 37 1 0
84 1 38 1 0
64 1 39 1 0
65 1 40 1 0
66 1 41 1 0
47 1 42 1 0
4 35 43 0 1
4 8 35 0 1
57 102 35 1 0
83 102 36 1 0
84 102 37 1 0
64 102 38 1 0
35 102 39 1 0
43 102 40 1 0
4 17 41 0 1
4 28 22 0 1
4 29 20 0 1
4 26 14 0 1
4 26 8 0 1
