1 138 0 1 0
25 77 1 1 0
61 77 2 1 0
77 113 3 1 0
0 138 4 1 0
21 113 5 1 0
59 113 6 4 0
23 112 7 1 0
4 26 8 0 1
4 12 7 0 1
78 21 7 1 0
4 19 8 0 1
19 136 7 5 0
4 22 8 0 1
20 114 8 1 0
22 114 9 1 0
2 138 10 1 0
52 114 11 4 0
56 112 12 1 0
4 26 13 0 1
56 121 12 1 0
4 32 13 0 1
54 62 12 2 0
70 57 13 1 0
84 57 14 1 0
82 57 15 1 0
60 57 16 1 0
37 57 17 1 0
4 15 18 0 1
53 89 13 4 0
43 88 14 1 0
4 19 15 0 1
4 24 14 0 1
42 59 14 1 0
41 59 15 2 0
84 58 16 1 0
83 58 17 1 0
80 58 18 2 0
82 57 19 1 0
60 57 20 1 0
37 57 21 1 0
4 15 22 0 1
31 54 19 4 0
4 23 20 0 1
4 28 20 0 1
4 23 20 0 1
4 28 20 0 1
90 92 16 1 0
43 92 17 1 0
4 19 18 0 1
4 30 14 0 1
51 133 12 1 0
16 133 13 3 0
4 22 14 0 1
18 65 14 4 0
17 64 15 1 0
49 64 16 2 0
48 63 17 2 0
50 57 18 1 0
84 57 19 1 0
82 57 20 1 0
60 57 21 1 0
37 57 22 1 0
4 15 23 0 1
91 126 18 1 0
89 126 19 3 0
90 122 20 1 0
43 122 21 1 0
4 19 22 0 1
4 11 20 0 1
92 4 20 1 0
34 4 21 1 0
13 4 22 1 0
27 4 23 1 0
28 4 24 1 0
26 4 25 1 0
44 4 26 1 0
33 4 27 1 0
7 4 28 1 0
32 4 29 1 0
69 4 30 1 0
72 4 31 1 0
5 4 32 1 0
58 4 33 1 0
85 4 34 1 0
86 4 35 1 0
65 4 36 1 0
66 4 37 1 0
67 4 38 1 0
47 4 39 1 0
4 20 40 0 1
4 31 17 0 1
17 81 15 1 0
49 81 16 2 0
48 80 17 2 0
50 79 18 1 0
84 79 19 1 0
82 79 20 1 0
60 79 21 1 0
45 79 22 1 0
4 18 23 0 1
91 71 18 1 0
89 71 19 3 0
90 68 20 1 0
43 68 21 1 0
4 19 22 0 1
4 11 20 0 1
92 94 20 1 0
34 94 21 1 0
13 94 22 1 0
27 94 23 1 0
28 94 24 1 0
26 94 25 1 0
44 94 26 1 0
33 94 27 1 0
7 94 28 1 0
32 94 29 1 0
69 94 30 1 0
72 94 31 1 0
5 94 32 3 0
5 93 33 1 0
58 93 34 1 0
85 93 35 1 0
86 93 36 1 0
65 93 37 1 0
35 93 38 3 0
6 92 39 1 0
43 92 40 1 0
4 19 41 0 1
4 14 39 0 1
43 91 39 1 0
4 19 40 0 1
4 33 33 0 1
58 5 33 1 0
85 5 34 1 0
86 5 35 1 0
65 5 36 1 0
66 5 37 1 0
67 5 38 1 0
47 5 39 1 0
4 20 40 0 1
4 31 17 0 1
17 130 15 1 0
3 130 16 1 0
73 130 17 1 0
93 130 18 5 0
4 50 19 0 1
4 24 19 0 1
34 72 19 1 0
13 72 20 1 0
27 72 21 1 0
28 72 22 1 0
26 72 23 1 0
44 72 24 1 0
33 72 25 1 0
7 72 26 1 0
32 72 27 1 0
69 72 28 3 0
69 68 29 1 0
72 68 30 1 0
5 68 31 1 0
58 68 32 1 0
85 68 33 1 0
86 68 34 1 0
65 68 35 1 0
35 68 36 1 0
43 68 37 1 0
4 19 38 0 1
4 17 29 0 1
72 4 29 1 0
5 4 30 1 0
58 4 31 1 0
85 4 32 1 0
86 4 33 1 0
65 4 34 1 0
66 4 35 1 0
67 4 36 1 0
47 4 37 1 0
4 20 38 0 1
4 30 19 0 1
3 137 19 1 0
73 137 20 1 0
76 137 21 1 0
16 137 22 3 0
4 22 23 0 1
18 125 23 2 0
17 124 24 1 0
3 124 25 1 0
73 124 26 1 0
76 124 27 1 0
36 124 28 2 0
74 123 29 1 0
12 123 30 3 0
46 122 31 1 0
35 122 32 1 0
43 122 33 1 0
4 19 34 0 1
14 3 31 1 0
4 10 32 0 1
34 96 31 1 0
13 96 32 1 0
27 96 33 1 0
28 96 34 1 0
26 96 35 1 0
44 96 36 1 0
33 96 37 1 0
7 96 38 1 0
32 96 39 1 0
69 96 40 1 0
72 96 41 1 0
5 96 42 1 0
58 96 43 1 0
85 96 44 1 0
86 96 45 1 0
65 96 46 1 0
66 96 47 1 0
67 96 48 5 0
35 92 49 1 0
43 92 50 1 0
4 19 51 0 1
4 23 49 0 1
34 68 49 1 0
13 68 50 1 0
27 68 51 1 0
28 68 52 1 0
26 68 53 1 0
44 68 54 1 0
33 68 55 1 0
7 68 56 1 0
32 68 57 1 0
69 68 58 1 0
72 68 59 1 0
5 68 60 1 0
58 68 61 1 0
85 68 62 1 0
86 68 63 1 0
65 68 64 1 0
35 68 65 1 0
43 68 66 1 0
4 19 67 0 1
4 28 49 0 1
62 55 49 3 0
4 23 50 0 1
34 68 50 1 0
13 68 51 1 0
27 68 52 1 0
28 68 53 1 0
26 68 54 1 0
44 68 55 1 0
33 68 56 1 0
7 68 57 1 0
32 68 58 1 0
69 68 59 1 0
72 68 60 1 0
5 68 61 1 0
58 68 62 1 0
85 68 63 1 0
86 68 64 1 0
65 68 65 1 0
35 68 66 1 0
43 68 67 1 0
4 19 68 0 1
4 28 50 0 1
4 31 29 0 1
17 70 24 1 0
3 70 25 1 0
73 70 26 1 0
76 70 27 1 0
36 70 28 2 0
74 69 29 1 0
64 69 30 2 0
65 68 31 1 0
35 68 32 1 0
43 68 33 1 0
4 19 34 0 1
4 13 31 0 1
4 31 29 0 1
4 27 23 0 1
17 117 15 1 0
3 117 16 1 0
73 117 17 1 0
76 117 18 1 0
71 117 19 3 0
4 29 20 0 1
34 122 20 1 0
13 122 21 1 0
27 122 22 1 0
28 122 23 1 0
26 122 24 1 0
44 122 25 1 0
33 122 26 1 0
7 122 27 1 0
32 122 28 1 0
69 122 29 1 0
72 122 30 1 0
5 122 31 1 0
58 122 32 1 0
85 122 33 1 0
86 122 34 1 0
65 122 35 1 0
35 122 36 1 0
43 122 37 1 0
4 19 38 0 1
4 31 20 0 1
4 27 14 0 1
20 116 8 1 0
22 116 9 1 0
2 138 10 1 0
52 116 11 4 0
56 112 12 1 0
4 26 13 0 1
56 121 12 1 0
4 32 13 0 1
54 129 12 2 0
70 127 13 1 0
4 49 14 0 1
53 108 13 4 0
43 107 14 1 0
4 19 15 0 1
4 24 14 0 1
42 59 14 1 0
41 59 15 2 0
84 58 16 1 0
83 58 17 1 0
80 58 18 2 0
82 57 19 1 0
60 57 20 1 0
37 57 21 1 0
4 15 22 0 1
31 54 19 4 0
4 23 20 0 1
4 28 20 0 1
4 23 20 0 1
4 28 20 0 1
90 92 16 1 0
43 92 17 1 0
4 19 18 0 1
4 30 14 0 1
51 132 12 1 0
16 132 13 3 0
4 22 14 0 1
18 46 14 1 0
17 46 15 1 0
3 46 16 1 0
73 46 17 1 0
76 46 18 1 0
36 46 19 2 0
74 45 20 1 0
55 45 21 6 0
79 44 22 1 0
63 44 23 3 0
43 42 24 1 0
4 19 25 0 1
4 14 24 0 1
63 106 24 1 0
43 106 25 1 0
4 19 26 0 1
4 14 22 0 1
43 107 22 1 0
4 19 23 0 1
4 24 22 0 1
8 2 22 1 0
34 2 23 1 0
13 2 24 1 0
27 2 25 1 0
28 2 26 1 0
26 2 27 1 0
44 2 28 1 0
33 2 29 1 0
7 2 30 1 0
32 2 31 1 0
69 2 32 1 0
72 2 33 1 0
5 2 34 3 0
5 1 35 1 0
58 1 36 1 0
85 1 37 1 0
86 1 38 1 0
65 1 39 1 0
66 1 40 1 0
67 1 41 1 0
47 1 42 1 0
4 39 43 0 1
4 9 35 0 1
58 90 35 1 0
85 90 36 1 0
86 90 37 1 0
65 90 38 1 0
66 90 39 1 0
67 90 40 4 0
57 88 41 1 0
88 88 42 1 0
4 19 43 0 1
4 24 41 0 1
8 92 41 1 0
34 92 42 1 0
13 92 43 1 0
27 92 44 1 0
28 92 45 1 0
26 92 46 1 0
44 92 47 1 0
33 92 48 1 0
7 92 49 1 0
32 92 50 1 0
69 92 51 1 0
72 92 52 1 0
5 92 53 1 0
58 92 54 1 0
85 92 55 1 0
86 92 56 1 0
65 92 57 1 0
35 92 58 1 0
43 92 59 1 0
4 19 60 0 1
4 30 41 0 1
4 30 22 0 1
4 31 20 0 1
4 27 14 0 1
20 115 8 1 0
22 115 9 1 0
2 138 10 1 0
52 115 11 4 0
56 112 12 1 0
4 26 13 0 1
56 121 12 1 0
4 32 13 0 1
54 128 12 2 0
70 127 13 1 0
4 49 14 0 1
53 102 13 4 0
43 101 14 1 0
4 19 15 0 1
4 24 14 0 1
42 41 14 1 0
41 41 15 2 0
84 40 16 1 0
83 40 17 1 0
80 40 18 2 0
81 38 19 1 0
78 38 20 1 0
4 19 21 0 1
31 53 19 2 0
4 23 20 0 1
4 28 20 0 1
90 56 16 1 0
43 56 17 1 0
4 19 18 0 1
4 30 14 0 1
51 131 12 1 0
16 131 13 3 0
4 22 14 0 1
18 37 14 5 0
17 36 15 1 0
49 36 16 2 0
48 35 17 2 0
50 34 18 1 0
84 34 19 1 0
83 34 20 1 0
81 34 21 1 0
78 34 22 1 0
4 19 23 0 1
91 120 18 1 0
89 120 19 3 0
90 118 20 1 0
43 118 21 1 0
4 19 22 0 1
4 11 20 0 1
92 103 20 1 0
34 103 21 1 0
13 103 22 1 0
27 103 23 1 0
28 103 24 1 0
26 103 25 1 0
44 103 26 1 0
33 103 27 1 0
7 103 28 1 0
32 103 29 1 0
69 103 30 1 0
72 103 31 1 0
5 103 32 1 0
58 103 33 1 0
85 103 34 1 0
86 103 35 1 0
65 103 36 1 0
66 103 37 1 0
67 103 38 1 0
87 103 39 5 0
4 25 40 0 1
24 34 40 1 0
43 34 41 1 0
4 19 42 0 1
4 24 40 0 1
8 43 40 1 0
34 43 41 1 0
13 43 42 1 0
27 43 43 1 0
28 43 44 1 0
26 43 45 1 0
44 43 46 1 0
33 43 47 1 0
7 43 48 1 0
32 43 49 1 0
69 43 50 1 0
72 43 51 1 0
5 43 52 1 0
58 43 53 1 0
85 43 54 1 0
86 43 55 1 0
65 43 56 1 0
35 43 57 3 0
6 42 58 1 0
43 42 59 1 0
4 19 60 0 1
4 14 58 0 1
43 78 58 1 0
4 19 59 0 1
4 30 40 0 1
4 31 17 0 1
17 61 15 1 0
49 61 16 2 0
48 60 17 2 0
50 58 18 1 0
84 58 19 1 0
83 58 20 1 0
80 58 21 2 0
82 57 22 1 0
60 57 23 1 0
37 57 24 1 0
4 15 25 0 1
31 54 22 4 0
4 23 23 0 1
4 28 23 0 1
4 23 23 0 1
4 28 23 0 1
91 95 18 1 0
89 95 19 3 0
90 92 20 1 0
43 92 21 1 0
4 19 22 0 1
4 11 20 0 1
92 104 20 1 0
34 104 21 1 0
13 104 22 1 0
27 104 23 1 0
28 104 24 1 0
26 104 25 1 0
44 104 26 1 0
33 104 27 1 0
7 104 28 1 0
32 104 29 1 0
69 104 30 1 0
72 104 31 1 0
5 104 32 1 0
58 104 33 1 0
85 104 34 1 0
86 104 35 1 0
65 104 36 1 0
66 104 37 1 0
10 104 38 1 0
11 104 39 3 0
4 25 40 0 1
68 57 40 1 0
60 57 41 1 0
37 57 42 1 0
4 15 43 0 1
30 52 40 2 0
29 51 41 3 0
4 23 42 0 1
34 7 42 1 0
13 7 43 1 0
27 7 44 1 0
28 7 45 1 0
26 7 46 1 0
44 7 47 1 0
33 7 48 1 0
7 7 49 1 0
32 7 50 1 0
69 7 51 1 0
72 7 52 1 0
5 7 53 1 0
58 7 54 1 0
85 7 55 1 0
86 7 56 1 0
65 7 57 1 0
66 7 58 1 0
67 7 59 1 0
47 7 60 1 0
4 20 61 0 1
4 28 42 0 1
29 51 41 3 0
4 23 42 0 1
34 7 42 1 0
13 7 43 1 0
27 7 44 1 0
28 7 45 1 0
26 7 46 1 0
44 7 47 1 0
33 7 48 1 0
7 7 49 1 0
32 7 50 1 0
69 7 51 1 0
72 7 52 1 0
5 7 53 1 0
58 7 54 1 0
85 7 55 1 0
86 7 56 1 0
65 7 57 1 0
66 7 58 1 0
67 7 59 1 0
47 7 60 1 0
4 20 61 0 1
4 28 42 0 1
4 31 17 0 1
17 48 15 1 0
3 48 16 1 0
73 48 17 1 0
76 48 18 1 0
36 48 19 2 0
74 47 20 1 0
55 47 21 6 0
79 44 22 1 0
63 44 23 3 0
43 42 24 1 0
4 19 25 0 1
4 14 24 0 1
63 106 24 1 0
43 106 25 1 0
4 19 26 0 1
4 14 22 0 1
43 111 22 1 0
4 19 23 0 1
4 24 22 0 1
8 0 22 1 0
34 0 23 1 0
13 0 24 1 0
27 0 25 1 0
28 0 26 1 0
26 0 27 1 0
44 0 28 1 0
33 0 29 1 0
7 0 30 1 0
32 0 31 1 0
69 0 32 1 0
72 0 33 1 0
5 0 34 1 0
58 0 35 1 0
85 0 36 1 0
86 0 37 1 0
65 0 38 1 0
66 0 39 1 0
67 0 40 1 0
47 0 41 1 0
4 39 42 0 1
4 30 22 0 1
4 31 20 0 1
17 66 15 1 0
3 66 16 1 0
73 66 17 1 0
39 66 18 1 0
15 66 19 9 0
4 16 20 0 1
4 24 20 0 1
38 82 20 1 0
48 82 21 2 0
50 79 22 1 0
84 79 23 1 0
82 79 24 1 0
60 79 25 1 0
45 79 26 1 0
4 18 27 0 1
91 75 22 1 0
89 75 23 3 0
90 73 24 1 0
43 73 25 1 0
4 19 26 0 1
4 11 24 0 1
92 6 24 1 0
34 6 25 1 0
13 6 26 1 0
27 6 27 1 0
28 6 28 1 0
26 6 29 1 0
44 6 30 1 0
33 6 31 1 0
7 6 32 1 0
32 6 33 1 0
69 6 34 1 0
72 6 35 1 0
5 6 36 1 0
58 6 37 1 0
85 6 38 1 0
86 6 39 1 0
65 6 40 1 0
66 6 41 1 0
67 6 42 1 0
47 6 43 1 0
4 20 44 0 1
4 31 20 0 1
34 76 20 1 0
13 76 21 1 0
27 76 22 1 0
28 76 23 1 0
26 76 24 1 0
44 76 25 1 0
33 76 26 1 0
7 76 27 1 0
32 76 28 1 0
69 76 29 3 0
69 73 30 1 0
72 73 31 1 0
5 73 32 1 0
58 73 33 1 0
85 73 34 1 0
86 73 35 1 0
65 73 36 1 0
35 73 37 1 0
43 73 38 1 0
4 19 39 0 1
4 17 30 0 1
72 4 30 1 0
5 4 31 1 0
58 4 32 1 0
85 4 33 1 0
86 4 34 1 0
65 4 35 1 0
66 4 36 1 0
67 4 37 1 0
47 4 38 1 0
4 20 39 0 1
4 31 20 0 1
40 74 20 1 0
75 74 21 1 0
74 74 22 1 0
64 74 23 2 0
65 73 24 1 0
35 73 25 1 0
43 73 26 1 0
4 19 27 0 1
4 13 24 0 1
4 30 20 0 1
3 134 20 1 0
73 134 21 1 0
76 134 22 1 0
16 134 23 3 0
4 22 24 0 1
18 67 24 1 0
17 67 25 1 0
3 67 26 1 0
73 67 27 1 0
39 67 28 1 0
15 67 29 9 0
4 16 30 0 1
4 24 30 0 1
38 83 30 1 0
48 83 31 2 0
50 79 32 1 0
84 79 33 1 0
82 79 34 1 0
60 79 35 1 0
45 79 36 1 0
4 18 37 0 1
91 86 32 1 0
89 86 33 3 0
90 84 34 1 0
43 84 35 1 0
4 19 36 0 1
4 11 34 0 1
92 6 34 1 0
34 6 35 1 0
13 6 36 1 0
27 6 37 1 0
28 6 38 1 0
26 6 39 1 0
44 6 40 1 0
33 6 41 1 0
7 6 42 1 0
32 6 43 1 0
69 6 44 1 0
72 6 45 1 0
5 6 46 1 0
58 6 47 1 0
85 6 48 1 0
86 6 49 1 0
65 6 50 1 0
66 6 51 1 0
67 6 52 1 0
47 6 53 1 0
4 20 54 0 1
4 31 30 0 1
34 87 30 1 0
13 87 31 1 0
27 87 32 1 0
28 87 33 1 0
26 87 34 1 0
44 87 35 1 0
33 87 36 1 0
7 87 37 1 0
32 87 38 1 0
69 87 39 3 0
69 84 40 1 0
72 84 41 1 0
5 84 42 1 0
58 84 43 1 0
85 84 44 1 0
86 84 45 1 0
65 84 46 1 0
35 84 47 1 0
43 84 48 1 0
4 19 49 0 1
4 17 40 0 1
72 4 40 1 0
5 4 41 1 0
58 4 42 1 0
85 4 43 1 0
86 4 44 1 0
65 4 45 1 0
66 4 46 1 0
67 4 47 1 0
47 4 48 1 0
4 20 49 0 1
4 31 30 0 1
40 85 30 1 0
75 85 31 1 0
74 85 32 1 0
64 85 33 2 0
65 84 34 1 0
35 84 35 1 0
43 84 36 1 0
4 19 37 0 1
4 13 34 0 1
4 30 30 0 1
3 135 30 1 0
73 135 31 1 0
76 135 32 1 0
16 135 33 3 0
4 22 34 0 1
18 100 34 1 0
17 100 35 1 0
3 100 36 1 0
73 100 37 1 0
76 100 38 1 0
36 100 39 2 0
74 99 40 1 0
12 99 41 3 0
46 98 42 1 0
9 98 43 4 0
67 97 44 4 0
35 92 45 1 0
43 92 46 1 0
4 19 47 0 1
4 23 45 0 1
34 73 45 1 0
13 73 46 1 0
27 73 47 1 0
28 73 48 1 0
26 73 49 1 0
44 73 50 1 0
33 73 51 1 0
7 73 52 1 0
32 73 53 1 0
69 73 54 1 0
72 73 55 1 0
5 73 56 1 0
58 73 57 1 0
85 73 58 1 0
86 73 59 1 0
65 73 60 1 0
35 73 61 1 0
43 73 62 1 0
4 19 63 0 1
4 28 45 0 1
4 23 44 0 1
34 84 44 1 0
13 84 45 1 0
27 84 46 1 0
28 84 47 1 0
26 84 48 1 0
44 84 49 1 0
33 84 50 1 0
7 84 51 1 0
32 84 52 1 0
69 84 53 1 0
72 84 54 1 0
5 84 55 1 0
58 84 56 1 0
85 84 57 1 0
86 84 58 1 0
65 84 59 1 0
35 84 60 1 0
43 84 61 1 0
4 19 62 0 1
4 28 44 0 1
14 8 42 1 0
4 11 43 0 1
34 119 42 1 0
13 119 43 1 0
27 119 44 1 0
28 119 45 1 0
26 119 46 1 0
44 119 47 1 0
33 119 48 1 0
7 119 49 1 0
32 119 50 1 0
69 119 51 1 0
72 119 52 1 0
5 119 53 1 0
58 119 54 1 0
85 119 55 1 0
86 119 56 1 0
65 119 57 1 0
66 119 58 1 0
67 119 59 5 0
79 118 60 1 0
63 118 61 1 0
43 118 62 1 0
4 19 63 0 1
4 14 60 0 1
43 105 60 1 0
4 19 61 0 1
4 24 60 0 1
4 30 60 0 1
4 31 40 0 1
4 27 34 0 1
4 27 24 0 1
17 110 15 1 0
3 110 16 1 0
73 110 17 1 0
76 110 18 1 0
36 110 19 2 0
74 109 20 1 0
55 109 21 4 0
57 107 22 1 0
88 107 23 1 0
4 19 24 0 1
4 24 22 0 1
8 92 22 1 0
34 92 23 1 0
13 92 24 1 0
27 92 25 1 0
28 92 26 1 0
26 92 27 1 0
44 92 28 1 0
33 92 29 1 0
7 92 30 1 0
32 92 31 1 0
69 92 32 1 0
72 92 33 1 0
5 92 34 1 0
58 92 35 1 0
85 92 36 1 0
86 92 37 1 0
65 92 38 1 0
35 92 39 1 0
43 92 40 1 0
4 19 41 0 1
4 30 22 0 1
4 31 20 0 1
4 27 14 0 1
4 27 8 0 1
