1 119 0 1 0
25 70 1 1 0
61 70 2 1 0
77 102 3 1 0
0 119 4 1 0
21 102 5 1 0
59 102 6 4 0
23 101 7 1 0
4 24 8 0 1
4 10 7 0 1
78 18 7 1 0
4 16 8 0 1
19 117 7 4 0
4 19 8 0 1
20 104 8 1 0
22 104 9 1 0
2 119 10 1 0
52 104 11 4 0
56 101 12 1 0
4 24 13 0 1
56 106 12 1 0
4 30 13 0 1
54 112 12 2 0
70 111 13 1 0
4 46 14 0 1
53 87 13 4 0
43 86 14 1 0
4 16 15 0 1
4 21 14 0 1
42 38 14 1 0
41 38 15 2 0
84 37 16 1 0
83 37 17 1 0
80 37 18 2 0
81 35 19 1 0
78 35 20 1 0
4 16 21 0 1
31 49 19 2 0
4 20 20 0 1
4 26 20 0 1
90 52 16 1 0
43 52 17 1 0
4 16 18 0 1
4 28 14 0 1
51 113 12 1 0
16 113 13 3 0
4 19 14 0 1
18 34 14 5 0
17 33 15 1 0
49 33 16 2 0
48 32 17 2 0
50 31 18 1 0
84 31 19 1 0
83 31 20 1 0
81 31 21 1 0
78 31 22 1 0
4 16 23 0 1
91 74 18 1 0
89 74 19 3 0
90 72 20 1 0
43 72 21 1 0
4 16 22 0 1
4 9 20 0 1
92 96 20 1 0
34 96 21 1 0
13 96 22 1 0
27 96 23 1 0
28 96 24 1 0
26 96 25 1 0
44 96 26 1 0
33 96 27 1 0
7 96 28 1 0
32 96 29 1 0
69 96 30 1 0
72 96 31 1 0
5 96 32 1 0
58 96 33 1 0
85 96 34 1 0
86 96 35 1 0
65 96 36 1 0
66 96 37 1 0
67 96 38 1 0
87 96 39 5 0
4 23 40 0 1
24 31 40 1 0
43 31 41 1 0
4 16 42 0 1
4 21 40 0 1
8 40 40 1 0
34 40 41 1 0
13 40 42 1 0
27 40 43 1 0
28 40 44 1 0
26 40 45 1 0
44 40 46 1 0
33 40 47 1 0
7 40 48 1 0
32 40 49 1 0
69 40 50 1 0
72 40 51 1 0
5 40 52 1 0
58 40 53 1 0
85 40 54 1 0
86 40 55 1 0
65 40 56 1 0
35 40 57 3 0
6 39 58 1 0
43 39 59 1 0
4 16 60 0 1
4 11 58 0 1
43 71 58 1 0
4 16 59 0 1
4 28 40 0 1
4 29 17 0 1
17 43 15 1 0
3 43 16 1 0
73 43 17 1 0
76 43 18 1 0
36 43 19 2 0
74 42 20 1 0
55 42 21 6 0
79 41 22 1 0
63 41 23 3 0
43 39 24 1 0
4 16 25 0 1
4 11 24 0 1
63 99 24 1 0
43 99 25 1 0
4 16 26 0 1
4 11 22 0 1
43 100 22 1 0
4 16 23 0 1
4 21 22 0 1
8 0 22 1 0
34 0 23 1 0
13 0 24 1 0
27 0 25 1 0
28 0 26 1 0
26 0 27 1 0
44 0 28 1 0
33 0 29 1 0
7 0 30 1 0
32 0 31 1 0
69 0 32 1 0
72 0 33 1 0
5 0 34 1 0
58 0 35 1 0
85 0 36 1 0
86 0 37 1 0
65 0 38 1 0
66 0 39 1 0
67 0 40 1 0
47 0 41 1 0
4 36 42 0 1
4 28 22 0 1
4 29 20 0 1
17 57 15 1 0
49 57 16 2 0
48 56 17 2 0
50 54 18 1 0
84 54 19 1 0
83 54 20 1 0
80 54 21 2 0
82 53 22 1 0
60 53 23 1 0
37 53 24 1 0
4 12 25 0 1
31 50 22 4 0
4 20 23 0 1
4 26 23 0 1
4 20 23 0 1
4 26 23 0 1
91 90 18 1 0
89 90 19 3 0
90 88 20 1 0
43 88 21 1 0
4 16 22 0 1
4 9 20 0 1
92 97 20 1 0
34 97 21 1 0
13 97 22 1 0
27 97 23 1 0
28 97 24 1 0
26 97 25 1 0
44 97 26 1 0
33 97 27 1 0
7 97 28 1 0
32 97 29 1 0
69 97 30 1 0
72 97 31 1 0
5 97 32 1 0
58 97 33 1 0
85 97 34 1 0
86 97 35 1 0
65 97 36 1 0
66 97 37 1 0
10 97 38 1 0
11 97 39 3 0
4 23 40 0 1
68 53 40 1 0
60 53 41 1 0
37 53 42 1 0
4 12 43 0 1
30 48 40 2 0
29 47 41 3 0
4 20 42 0 1
34 5 42 1 0
13 5 43 1 0
27 5 44 1 0
28 5 45 1 0
26 5 46 1 0
44 5 47 1 0
33 5 48 1 0
7 5 49 1 0
32 5 50 1 0
69 5 51 1 0
72 5 52 1 0
5 5 53 1 0
58 5 54 1 0
85 5 55 1 0
86 5 56 1 0
65 5 57 1 0
66 5 58 1 0
67 5 59 1 0
47 5 60 1 0
4 17 61 0 1
4 26 42 0 1
29 47 41 3 0
4 20 42 0 1
34 5 42 1 0
13 5 43 1 0
27 5 44 1 0
28 5 45 1 0
26 5 46 1 0
44 5 47 1 0
33 5 48 1 0
7 5 49 1 0
32 5 50 1 0
69 5 51 1 0
72 5 52 1 0
5 5 53 1 0
58 5 54 1 0
85 5 55 1 0
86 5 56 1 0
65 5 57 1 0
66 5 58 1 0
67 5 59 1 0
47 5 60 1 0
4 17 61 0 1
4 26 42 0 1
4 29 17 0 1
17 62 15 1 0
3 62 16 1 0
73 62 17 1 0
39 62 18 1 0
15 62 19 9 0
4 13 20 0 1
4 21 20 0 1
38 76 20 1 0
48 76 21 2 0
50 75 22 1 0
84 75 23 1 0
82 75 24 1 0
60 75 25 1 0
45 75 26 1 0
4 15 27 0 1
91 69 22 1 0
89 69 23 3 0
90 65 24 1 0
43 65 25 1 0
4 16 26 0 1
4 9 24 0 1
92 4 24 1 0
34 4 25 1 0
13 4 26 1 0
27 4 27 1 0
28 4 28 1 0
26 4 29 1 0
44 4 30 1 0
33 4 31 1 0
7 4 32 1 0
32 4 33 1 0
69 4 34 1 0
72 4 35 1 0
5 4 36 1 0
58 4 37 1 0
85 4 38 1 0
86 4 39 1 0
65 4 40 1 0
66 4 41 1 0
67 4 42 1 0
47 4 43 1 0
4 17 44 0 1
4 29 20 0 1
34 67 20 1 0
13 67 21 1 0
27 67 22 1 0
28 67 23 1 0
26 67 24 1 0
44 67 25 1 0
33 67 26 1 0
7 67 27 1 0
32 67 28 1 0
69 67 29 3 0
69 65 30 1 0
72 65 31 1 0
5 65 32 1 0
58 65 33 1 0
85 65 34 1 0
86 65 35 1 0
65 65 36 1 0
35 65 37 1 0
43 65 38 1 0
4 16 39 0 1
4 22 30 0 1
72 5 30 1 0
5 5 31 1 0
58 5 32 1 0
85 5 33 1 0
86 5 34 1 0
65 5 35 1 0
66 5 36 1 0
67 5 37 1 0
47 5 38 1 0
4 17 39 0 1
4 29 20 0 1
40 66 20 1 0
75 66 21 1 0
74 66 22 1 0
64 66 23 2 0
65 65 24 1 0
35 65 25 1 0
43 65 26 1 0
4 16 27 0 1
4 14 24 0 1
4 28 20 0 1
3 115 20 1 0
73 115 21 1 0
76 115 22 1 0
16 115 23 3 0
4 19 24 0 1
18 64 24 1 0
17 64 25 1 0
3 64 26 1 0
73 64 27 1 0
39 64 28 1 0
15 64 29 9 0
4 13 30 0 1
4 21 30 0 1
38 77 30 1 0
48 77 31 2 0
50 75 32 1 0
84 75 33 1 0
82 75 34 1 0
60 75 35 1 0
45 75 36 1 0
4 15 37 0 1
91 81 32 1 0
89 81 33 3 0
90 78 34 1 0
43 78 35 1 0
4 16 36 0 1
4 9 34 0 1
92 4 34 1 0
34 4 35 1 0
13 4 36 1 0
27 4 37 1 0
28 4 38 1 0
26 4 39 1 0
44 4 40 1 0
33 4 41 1 0
7 4 42 1 0
32 4 43 1 0
69 4 44 1 0
72 4 45 1 0
5 4 46 1 0
58 4 47 1 0
85 4 48 1 0
86 4 49 1 0
65 4 50 1 0
66 4 51 1 0
67 4 52 1 0
47 4 53 1 0
4 17 54 0 1
4 29 30 0 1
34 80 30 1 0
13 80 31 1 0
27 80 32 1 0
28 80 33 1 0
26 80 34 1 0
44 80 35 1 0
33 80 36 1 0
7 80 37 1 0
32 80 38 1 0
69 80 39 3 0
69 78 40 1 0
72 78 41 1 0
5 78 42 1 0
58 78 43 1 0
85 78 44 1 0
86 78 45 1 0
65 78 46 1 0
35 78 47 1 0
43 78 48 1 0
4 16 49 0 1
4 22 40 0 1
72 5 40 1 0
5 5 41 1 0
58 5 42 1 0
85 5 43 1 0
86 5 44 1 0
65 5 45 1 0
66 5 46 1 0
67 5 47 1 0
47 5 48 1 0
4 17 49 0 1
4 29 30 0 1
40 79 30 1 0
75 79 31 1 0
74 79 32 1 0
64 79 33 2 0
65 78 34 1 0
35 78 35 1 0
43 78 36 1 0
4 16 37 0 1
4 14 34 0 1
4 28 30 0 1
3 116 30 1 0
73 116 31 1 0
76 116 32 1 0
16 116 33 3 0
4 19 34 0 1
18 95 34 1 0
17 95 35 1 0
3 95 36 1 0
73 95 37 1 0
76 95 38 1 0
36 95 39 2 0
74 94 40 1 0
12 94 41 3 0
46 93 42 1 0
9 93 43 4 0
67 91 44 4 0
35 88 45 1 0
43 88 46 1 0
4 16 47 0 1
4 20 45 0 1
34 65 45 1 0
13 65 46 1 0
27 65 47 1 0
28 65 48 1 0
26 65 49 1 0
44 65 50 1 0
33 65 51 1 0
7 65 52 1 0
32 65 53 1 0
69 65 54 1 0
72 65 55 1 0
5 65 56 1 0
58 65 57 1 0
85 65 58 1 0
86 65 59 1 0
65 65 60 1 0
35 65 61 1 0
43 65 62 1 0
4 16 63 0 1
4 26 45 0 1
4 20 44 0 1
34 78 44 1 0
13 78 45 1 0
27 78 46 1 0
28 78 47 1 0
26 78 48 1 0
44 78 49 1 0
33 78 50 1 0
7 78 51 1 0
32 78 52 1 0
69 78 53 1 0
72 78 54 1 0
5 78 55 1 0
58 78 56 1 0
85 78 57 1 0
86 78 58 1 0
65 78 59 1 0
35 78 60 1 0
43 78 61 1 0
4 16 62 0 1
4 26 44 0 1
14 6 42 1 0
4 9 43 0 1
34 73 42 1 0
13 73 43 1 0
27 73 44 1 0
28 73 45 1 0
26 73 46 1 0
44 73 47 1 0
33 73 48 1 0
7 73 49 1 0
32 73 50 1 0
69 73 51 1 0
72 73 52 1 0
5 73 53 1 0
58 73 54 1 0
85 73 55 1 0
86 73 56 1 0
65 73 57 1 0
66 73 58 1 0
67 73 59 5 0
79 72 60 1 0
63 72 61 1 0
43 72 62 1 0
4 16 63 0 1
4 11 60 0 1
43 98 60 1 0
4 16 61 0 1
4 21 60 0 1
4 28 60 0 1
4 29 40 0 1
4 25 34 0 1
4 25 24 0 1
17 45 15 1 0
3 45 16 1 0
73 45 17 1 0
76 45 18 1 0
36 45 19 2 0
74 44 20 1 0
55 44 21 6 0
79 41 22 1 0
63 41 23 3 0
43 39 24 1 0
4 16 25 0 1
4 11 24 0 1
63 99 24 1 0
43 99 25 1 0
4 16 26 0 1
4 11 22 0 1
43 100 22 1 0
4 16 23 0 1
4 21 22 0 1
8 2 22 1 0
34 2 23 1 0
13 2 24 1 0
27 2 25 1 0
28 2 26 1 0
26 2 27 1 0
44 2 28 1 0
33 2 29 1 0
7 2 30 1 0
32 2 31 1 0
69 2 32 1 0
72 2 33 1 0
5 2 34 3 0
5 1 35 1 0
58 1 36 1 0
85 1 37 1 0
86 1 38 1 0
65 1 39 1 0
66 1 40 1 0
67 1 41 1 0
47 1 42 1 0
4 36 43 0 1
4 7 35 0 1
58 84 35 1 0
85 84 36 1 0
86 84 37 1 0
65 84 38 1 0
66 84 39 1 0
67 84 40 4 0
57 82 41 1 0
88 82 42 1 0
4 16 43 0 1
4 21 41 0 1
8 88 41 1 0
34 88 42 1 0
13 88 43 1 0
27 88 44 1 0
28 88 45 1 0
26 88 46 1 0
44 88 47 1 0
33 88 48 1 0
7 88 49 1 0
32 88 50 1 0
69 88 51 1 0
72 88 52 1 0
5 88 53 1 0
58 88 54 1 0
85 88 55 1 0
86 88 56 1 0
65 88 57 1 0
35 88 58 1 0
43 88 59 1 0
4 16 60 0 1
4 28 41 0 1
4 28 22 0 1
4 29 20 0 1
4 25 14 0 1
20 103 8 1 0
22 103 9 1 0
2 119 10 1 0
52 103 11 4 0
56 101 12 1 0
4 24 13 0 1
56 106 12 1 0
4 30 13 0 1
54 58 12 2 0
70 53 13 1 0
84 53 14 1 0
82 53 15 1 0
60 53 16 1 0
37 53 17 1 0
4 12 18 0 1
53 83 13 4 0
43 82 14 1 0
4 16 15 0 1
4 21 14 0 1
42 55 14 1 0
41 55 15 2 0
84 54 16 1 0
83 54 17 1 0
80 54 18 2 0
82 53 19 1 0
60 53 20 1 0
37 53 21 1 0
4 12 22 0 1
31 50 19 4 0
4 20 20 0 1
4 26 20 0 1
4 20 20 0 1
4 26 20 0 1
90 88 16 1 0
43 88 17 1 0
4 16 18 0 1
4 28 14 0 1
51 114 12 1 0
16 114 13 3 0
4 19 14 0 1
18 61 14 3 0
17 60 15 1 0
49 60 16 2 0
48 59 17 2 0
50 53 18 1 0
84 53 19 1 0
82 53 20 1 0
60 53 21 1 0
37 53 22 1 0
4 12 23 0 1
91 110 18 1 0
89 110 19 3 0
90 107 20 1 0
43 107 21 1 0
4 16 22 0 1
4 9 20 0 1
92 4 20 1 0
34 4 21 1 0
13 4 22 1 0
27 4 23 1 0
28 4 24 1 0
26 4 25 1 0
44 4 26 1 0
33 4 27 1 0
7 4 28 1 0
32 4 29 1 0
69 4 30 1 0
72 4 31 1 0
5 4 32 1 0
58 4 33 1 0
85 4 34 1 0
86 4 35 1 0
65 4 36 1 0
66 4 37 1 0
67 4 38 1 0
47 4 39 1 0
4 17 40 0 1
4 29 17 0 1
17 63 15 1 0
3 63 16 1 0
73 63 17 1 0
39 63 18 1 0
15 63 19 9 0
4 13 20 0 1
4 21 20 0 1
38 76 20 1 0
48 76 21 2 0
50 75 22 1 0
84 75 23 1 0
82 75 24 1 0
60 75 25 1 0
45 75 26 1 0
4 15 27 0 1
91 69 22 1 0
89 69 23 3 0
90 65 24 1 0
43 65 25 1 0
4 16 26 0 1
4 9 24 0 1
92 4 24 1 0
34 4 25 1 0
13 4 26 1 0
27 4 27 1 0
28 4 28 1 0
26 4 29 1 0
44 4 30 1 0
33 4 31 1 0
7 4 32 1 0
32 4 33 1 0
69 4 34 1 0
72 4 35 1 0
5 4 36 1 0
58 4 37 1 0
85 4 38 1 0
86 4 39 1 0
65 4 40 1 0
66 4 41 1 0
67 4 42 1 0
47 4 43 1 0
4 17 44 0 1
4 29 20 0 1
34 68 20 1 0
13 68 21 1 0
27 68 22 1 0
28 68 23 1 0
26 68 24 1 0
44 68 25 1 0
33 68 26 1 0
7 68 27 1 0
32 68 28 1 0
69 68 29 3 0
69 65 30 1 0
72 65 31 1 0
5 65 32 1 0
58 65 33 1 0
85 65 34 1 0
86 65 35 1 0
65 65 36 1 0
35 65 37 1 0
43 65 38 1 0
4 16 39 0 1
4 22 30 0 1
72 89 30 1 0
5 89 31 1 0
58 89 32 1 0
85 89 33 1 0
86 89 34 1 0
65 89 35 1 0
35 89 36 3 0
6 88 37 1 0
43 88 38 1 0
4 16 39 0 1
4 11 37 0 1
43 85 37 1 0
4 16 38 0 1
4 29 20 0 1
40 66 20 1 0
75 66 21 1 0
74 66 22 1 0
64 66 23 2 0
65 65 24 1 0
35 65 25 1 0
43 65 26 1 0
4 16 27 0 1
4 14 24 0 1
4 28 20 0 1
3 118 20 1 0
73 118 21 1 0
76 118 22 1 0
16 118 23 3 0
4 19 24 0 1
18 109 24 1 0
17 109 25 1 0
3 109 26 1 0
73 109 27 1 0
76 109 28 1 0
36 109 29 2 0
74 108 30 1 0
12 108 31 3 0
46 107 32 1 0
35 107 33 1 0
43 107 34 1 0
4 16 35 0 1
14 3 32 1 0
4 8 33 0 1
34 92 32 1 0
13 92 33 1 0
27 92 34 1 0
28 92 35 1 0
26 92 36 1 0
44 92 37 1 0
33 92 38 1 0
7 92 39 1 0
32 92 40 1 0
69 92 41 1 0
72 92 42 1 0
5 92 43 1 0
58 92 44 1 0
85 92 45 1 0
86 92 46 1 0
65 92 47 1 0
66 92 48 1 0
67 92 49 5 0
35 88 50 1 0
43 88 51 1 0
4 16 52 0 1
4 20 50 0 1
34 65 50 1 0
13 65 51 1 0
27 65 52 1 0
28 65 53 1 0
26 65 54 1 0
44 65 55 1 0
33 65 56 1 0
7 65 57 1 0
32 65 58 1 0
69 65 59 1 0
72 65 60 1 0
5 65 61 1 0
58 65 62 1 0
85 65 63 1 0
86 65 64 1 0
65 65 65 1 0
35 65 66 1 0
43 65 67 1 0
4 16 68 0 1
4 26 50 0 1
62 51 50 3 0
4 20 51 0 1
34 65 51 1 0
13 65 52 1 0
27 65 53 1 0
28 65 54 1 0
26 65 55 1 0
44 65 56 1 0
33 65 57 1 0
7 65 58 1 0
32 65 59 1 0
69 65 60 1 0
72 65 61 1 0
5 65 62 1 0
58 65 63 1 0
85 65 64 1 0
86 65 65 1 0
65 65 66 1 0
35 65 67 1 0
43 65 68 1 0
4 16 69 0 1
4 26 51 0 1
4 29 30 0 1
4 25 24 0 1
17 105 15 1 0
3 105 16 1 0
73 105 17 1 0
76 105 18 1 0
71 105 19 3 0
4 27 20 0 1
34 107 20 1 0
13 107 21 1 0
27 107 22 1 0
28 107 23 1 0
26 107 24 1 0
44 107 25 1 0
33 107 26 1 0
7 107 27 1 0
32 107 28 1 0
69 107 29 1 0
72 107 30 1 0
5 107 31 1 0
58 107 32 1 0
85 107 33 1 0
86 107 34 1 0
65 107 35 1 0
35 107 36 1 0
43 107 37 1 0
4 16 38 0 1
4 29 20 0 1
4 25 14 0 1
4 25 8 0 1
