1 135 0 1 0
25 75 1 1 0
61 75 2 1 0
77 110 3 1 0
0 135 4 1 0
21 110 5 1 0
59 110 6 4 0
23 109 7 1 0
4 25 8 0 1
4 10 7 0 1
78 18 7 1 0
4 16 8 0 1
19 133 7 5 0
4 19 8 0 1
20 111 8 1 0
22 111 9 1 0
2 135 10 1 0
52 111 11 4 0
56 109 12 1 0
4 25 13 0 1
56 118 12 1 0
4 31 13 0 1
54 60 12 2 0
70 55 13 1 0
84 55 14 1 0
82 55 15 1 0
60 55 16 1 0
37 55 17 1 0
4 12 18 0 1
53 87 13 4 0
43 86 14 1 0
4 16 15 0 1
4 21 14 0 1
42 57 14 1 0
41 57 15 2 0
84 56 16 1 0
83 56 17 1 0
80 56 18 2 0
82 55 19 1 0
60 55 20 1 0
37 55 21 1 0
4 12 22 0 1
31 52 19 4 0
4 20 20 0 1
4 27 20 0 1
4 20 20 0 1
4 27 20 0 1
90 90 16 1 0
43 90 17 1 0
4 16 18 0 1
4 29 14 0 1
51 130 12 1 0
16 130 13 3 0
4 19 14 0 1
18 63 14 4 0
17 62 15 1 0
49 62 16 2 0
48 61 17 2 0
50 55 18 1 0
84 55 19 1 0
82 55 20 1 0
60 55 21 1 0
37 55 22 1 0
4 12 23 0 1
91 123 18 1 0
89 123 19 3 0
90 119 20 1 0
43 119 21 1 0
4 16 22 0 1
4 9 20 0 1
92 4 20 1 0
34 4 21 1 0
13 4 22 1 0
27 4 23 1 0
28 4 24 1 0
26 4 25 1 0
44 4 26 1 0
33 4 27 1 0
7 4 28 1 0
32 4 29 1 0
69 4 30 1 0
72 4 31 1 0
5 4 32 1 0
58 4 33 1 0
85 4 34 1 0
86 4 35 1 0
65 4 36 1 0
66 4 37 1 0
67 4 38 1 0
47 4 39 1 0
4 17 40 0 1
4 30 17 0 1
17 79 15 1 0
49 79 16 2 0
48 78 17 2 0
50 77 18 1 0
84 77 19 1 0
82 77 20 1 0
60 77 21 1 0
45 77 22 1 0
4 15 23 0 1
91 70 18 1 0
89 70 19 3 0
90 66 20 1 0
43 66 21 1 0
4 16 22 0 1
4 9 20 0 1
92 4 20 1 0
34 4 21 1 0
13 4 22 1 0
27 4 23 1 0
28 4 24 1 0
26 4 25 1 0
44 4 26 1 0
33 4 27 1 0
7 4 28 1 0
32 4 29 1 0
69 4 30 1 0
72 4 31 1 0
5 4 32 1 0
58 4 33 1 0
85 4 34 1 0
86 4 35 1 0
65 4 36 1 0
66 4 37 1 0
67 4 38 1 0
47 4 39 1 0
4 17 40 0 1
4 30 17 0 1
17 127 15 1 0
3 127 16 1 0
73 127 17 1 0
93 127 18 5 0
4 48 19 0 1
4 21 19 0 1
34 67 19 1 0
13 67 20 1 0
27 67 21 1 0
28 67 22 1 0
26 67 23 1 0
44 67 24 1 0
33 67 25 1 0
7 67 26 1 0
32 67 27 3 0
32 66 28 1 0
69 66 29 1 0
72 66 30 1 0
5 66 31 1 0
58 66 32 1 0
85 66 33 1 0
86 66 34 1 0
65 66 35 1 0
35 66 36 1 0
43 66 37 1 0
4 16 38 0 1
4 24 28 0 1
69 91 28 1 0
72 91 29 1 0
5 91 30 1 0
58 91 31 1 0
85 91 32 1 0
86 91 33 1 0
65 91 34 1 0
35 91 35 3 0
6 90 36 1 0
43 90 37 1 0
4 16 38 0 1
4 11 36 0 1
43 89 36 1 0
4 16 37 0 1
4 29 19 0 1
3 134 19 1 0
73 134 20 1 0
76 134 21 1 0
16 134 22 3 0
4 19 23 0 1
18 122 23 2 0
17 121 24 1 0
3 121 25 1 0
73 121 26 1 0
76 121 27 1 0
36 121 28 2 0
74 120 29 1 0
12 120 30 3 0
46 119 31 1 0
35 119 32 1 0
43 119 33 1 0
4 16 34 0 1
14 3 31 1 0
4 8 32 0 1
34 93 31 1 0
13 93 32 1 0
27 93 33 1 0
28 93 34 1 0
26 93 35 1 0
44 93 36 1 0
33 93 37 1 0
7 93 38 1 0
32 93 39 1 0
69 93 40 1 0
72 93 41 1 0
5 93 42 1 0
58 93 43 1 0
85 93 44 1 0
86 93 45 1 0
65 93 46 1 0
66 93 47 1 0
67 93 48 5 0
35 90 49 1 0
43 90 50 1 0
4 16 51 0 1
4 20 49 0 1
34 66 49 1 0
13 66 50 1 0
27 66 51 1 0
28 66 52 1 0
26 66 53 1 0
44 66 54 1 0
33 66 55 1 0
7 66 56 1 0
32 66 57 1 0
69 66 58 1 0
72 66 59 1 0
5 66 60 1 0
58 66 61 1 0
85 66 62 1 0
86 66 63 1 0
65 66 64 1 0
35 66 65 1 0
43 66 66 1 0
4 16 67 0 1
4 27 49 0 1
62 53 49 3 0
4 20 50 0 1
34 66 50 1 0
13 66 51 1 0
27 66 52 1 0
28 66 53 1 0
26 66 54 1 0
44 66 55 1 0
33 66 56 1 0
7 66 57 1 0
32 66 58 1 0
69 66 59 1 0
72 66 60 1 0
5 66 61 1 0
58 66 62 1 0
85 66 63 1 0
86 66 64 1 0
65 66 65 1 0
35 66 66 1 0
43 66 67 1 0
4 16 68 0 1
4 27 50 0 1
4 30 29 0 1
17 69 24 1 0
3 69 25 1 0
73 69 26 1 0
76 69 27 1 0
36 69 28 2 0
74 68 29 1 0
64 68 30 2 0
65 66 31 1 0
35 66 32 1 0
43 66 33 1 0
4 16 34 0 1
4 14 31 0 1
4 30 29 0 1
4 26 23 0 1
17 114 15 1 0
3 114 16 1 0
73 114 17 1 0
76 114 18 1 0
71 114 19 3 0
4 28 20 0 1
34 119 20 1 0
13 119 21 1 0
27 119 22 1 0
28 119 23 1 0
26 119 24 1 0
44 119 25 1 0
33 119 26 1 0
7 119 27 1 0
32 119 28 1 0
69 119 29 1 0
72 119 30 1 0
5 119 31 1 0
58 119 32 1 0
85 119 33 1 0
86 119 34 1 0
65 119 35 1 0
35 119 36 1 0
43 119 37 1 0
4 16 38 0 1
4 30 20 0 1
4 26 14 0 1
20 113 8 1 0
22 113 9 1 0
2 135 10 1 0
52 113 11 4 0
56 109 12 1 0
4 25 13 0 1
56 118 12 1 0
4 31 13 0 1
54 126 12 2 0
70 124 13 1 0
4 47 14 0 1
53 105 13 4 0
43 104 14 1 0
4 16 15 0 1
4 21 14 0 1
42 57 14 1 0
41 57 15 2 0
84 56 16 1 0
83 56 17 1 0
80 56 18 2 0
82 55 19 1 0
60 55 20 1 0
37 55 21 1 0
4 12 22 0 1
31 52 19 4 0
4 20 20 0 1
4 27 20 0 1
4 20 20 0 1
4 27 20 0 1
90 90 16 1 0
43 90 17 1 0
4 16 18 0 1
4 29 14 0 1
51 129 12 1 0
16 129 13 3 0
4 19 14 0 1
18 44 14 1 0
17 44 15 1 0
3 44 16 1 0
73 44 17 1 0
76 44 18 1 0
36 44 19 2 0
74 43 20 1 0
55 43 21 6 0
79 42 22 1 0
63 42 23 3 0
43 40 24 1 0
4 16 25 0 1
4 11 24 0 1
63 103 24 1 0
43 103 25 1 0
4 16 26 0 1
4 11 22 0 1
43 104 22 1 0
4 16 23 0 1
4 21 22 0 1
8 2 22 1 0
34 2 23 1 0
13 2 24 1 0
27 2 25 1 0
28 2 26 1 0
26 2 27 1 0
44 2 28 1 0
33 2 29 1 0
7 2 30 1 0
32 2 31 1 0
69 2 32 1 0
72 2 33 1 0
5 2 34 3 0
5 1 35 1 0
58 1 36 1 0
85 1 37 1 0
86 1 38 1 0
65 1 39 1 0
66 1 40 1 0
67 1 41 1 0
47 1 42 1 0
4 37 43 0 1
4 7 35 0 1
58 88 35 1 0
85 88 36 1 0
86 88 37 1 0
65 88 38 1 0
66 88 39 1 0
67 88 40 4 0
57 86 41 1 0
88 86 42 1 0
4 16 43 0 1
4 21 41 0 1
8 90 41 1 0
34 90 42 1 0
13 90 43 1 0
27 90 44 1 0
28 90 45 1 0
26 90 46 1 0
44 90 47 1 0
33 90 48 1 0
7 90 49 1 0
32 90 50 1 0
69 90 51 1 0
72 90 52 1 0
5 90 53 1 0
58 90 54 1 0
85 90 55 1 0
86 90 56 1 0
65 90 57 1 0
35 90 58 1 0
43 90 59 1 0
4 16 60 0 1
4 29 41 0 1
4 29 22 0 1
4 30 20 0 1
4 26 14 0 1
20 112 8 1 0
22 112 9 1 0
2 135 10 1 0
52 112 11 4 0
56 109 12 1 0
4 25 13 0 1
56 118 12 1 0
4 31 13 0 1
54 125 12 2 0
70 124 13 1 0
4 47 14 0 1
53 99 13 4 0
43 98 14 1 0
4 16 15 0 1
4 21 14 0 1
42 39 14 1 0
41 39 15 2 0
84 38 16 1 0
83 38 17 1 0
80 38 18 2 0
81 36 19 1 0
78 36 20 1 0
4 16 21 0 1
31 51 19 2 0
4 20 20 0 1
4 27 20 0 1
90 54 16 1 0
43 54 17 1 0
4 16 18 0 1
4 29 14 0 1
51 128 12 1 0
16 128 13 3 0
4 19 14 0 1
18 35 14 5 0
17 34 15 1 0
49 34 16 2 0
48 33 17 2 0
50 32 18 1 0
84 32 19 1 0
83 32 20 1 0
81 32 21 1 0
78 32 22 1 0
4 16 23 0 1
91 117 18 1 0
89 117 19 3 0
90 115 20 1 0
43 115 21 1 0
4 16 22 0 1
4 9 20 0 1
92 100 20 1 0
34 100 21 1 0
13 100 22 1 0
27 100 23 1 0
28 100 24 1 0
26 100 25 1 0
44 100 26 1 0
33 100 27 1 0
7 100 28 1 0
32 100 29 1 0
69 100 30 1 0
72 100 31 1 0
5 100 32 1 0
58 100 33 1 0
85 100 34 1 0
86 100 35 1 0
65 100 36 1 0
66 100 37 1 0
67 100 38 1 0
87 100 39 5 0
4 23 40 0 1
24 32 40 1 0
43 32 41 1 0
4 16 42 0 1
4 21 40 0 1
8 41 40 1 0
34 41 41 1 0
13 41 42 1 0
27 41 43 1 0
28 41 44 1 0
26 41 45 1 0
44 41 46 1 0
33 41 47 1 0
7 41 48 1 0
32 41 49 1 0
69 41 50 1 0
72 41 51 1 0
5 41 52 1 0
58 41 53 1 0
85 41 54 1 0
86 41 55 1 0
65 41 56 1 0
35 41 57 3 0
6 40 58 1 0
43 40 59 1 0
4 16 60 0 1
4 11 58 0 1
43 76 58 1 0
4 16 59 0 1
4 29 40 0 1
4 30 17 0 1
17 59 15 1 0
49 59 16 2 0
48 58 17 2 0
50 56 18 1 0
84 56 19 1 0
83 56 20 1 0
80 56 21 2 0
82 55 22 1 0
60 55 23 1 0
37 55 24 1 0
4 12 25 0 1
31 52 22 4 0
4 20 23 0 1
4 27 23 0 1
4 20 23 0 1
4 27 23 0 1
91 92 18 1 0
89 92 19 3 0
90 90 20 1 0
43 90 21 1 0
4 16 22 0 1
4 9 20 0 1
92 101 20 1 0
34 101 21 1 0
13 101 22 1 0
27 101 23 1 0
28 101 24 1 0
26 101 25 1 0
44 101 26 1 0
33 101 27 1 0
7 101 28 1 0
32 101 29 1 0
69 101 30 1 0
72 101 31 1 0
5 101 32 1 0
58 101 33 1 0
85 101 34 1 0
86 101 35 1 0
65 101 36 1 0
66 101 37 1 0
10 101 38 1 0
11 101 39 3 0
4 23 40 0 1
68 55 40 1 0
60 55 41 1 0
37 55 42 1 0
4 12 43 0 1
30 50 40 2 0
29 49 41 3 0
4 20 42 0 1
34 5 42 1 0
13 5 43 1 0
27 5 44 1 0
28 5 45 1 0
26 5 46 1 0
44 5 47 1 0
33 5 48 1 0
7 5 49 1 0
32 5 50 1 0
69 5 51 1 0
72 5 52 1 0
5 5 53 1 0
58 5 54 1 0
85 5 55 1 0
86 5 56 1 0
65 5 57 1 0
66 5 58 1 0
67 5 59 1 0
47 5 60 1 0
4 17 61 0 1
4 27 42 0 1
29 49 41 3 0
4 20 42 0 1
34 5 42 1 0
13 5 43 1 0
27 5 44 1 0
28 5 45 1 0
26 5 46 1 0
44 5 47 1 0
33 5 48 1 0
7 5 49 1 0
32 5 50 1 0
69 5 51 1 0
72 5 52 1 0
5 5 53 1 0
58 5 54 1 0
85 5 55 1 0
86 5 56 1 0
65 5 57 1 0
66 5 58 1 0
67 5 59 1 0
47 5 60 1 0
4 17 61 0 1
4 27 42 0 1
4 30 17 0 1
17 46 15 1 0
3 46 16 1 0
73 46 17 1 0
76 46 18 1 0
36 46 19 2 0
74 45 20 1 0
55 45 21 6 0
79 42 22 1 0
63 42 23 3 0
43 40 24 1 0
4 16 25 0 1
4 11 24 0 1
63 103 24 1 0
43 103 25 1 0
4 16 26 0 1
4 11 22 0 1
43 108 22 1 0
4 16 23 0 1
4 21 22 0 1
8 0 22 1 0
34 0 23 1 0
13 0 24 1 0
27 0 25 1 0
28 0 26 1 0
26 0 27 1 0
44 0 28 1 0
33 0 29 1 0
7 0 30 1 0
32 0 31 1 0
69 0 32 1 0
72 0 33 1 0
5 0 34 1 0
58 0 35 1 0
85 0 36 1 0
86 0 37 1 0
65 0 38 1 0
66 0 39 1 0
67 0 40 1 0
47 0 41 1 0
4 37 42 0 1
4 29 22 0 1
4 30 20 0 1
17 64 15 1 0
3 64 16 1 0
73 64 17 1 0
39 64 18 1 0
15 64 19 9 0
4 13 20 0 1
4 21 20 0 1
38 80 20 1 0
48 80 21 2 0
50 77 22 1 0
84 77 23 1 0
82 77 24 1 0
60 77 25 1 0
45 77 26 1 0
4 15 27 0 1
91 74 22 1 0
89 74 23 3 0
90 71 24 1 0
43 71 25 1 0
4 16 26 0 1
4 9 24 0 1
92 4 24 1 0
34 4 25 1 0
13 4 26 1 0
27 4 27 1 0
28 4 28 1 0
26 4 29 1 0
44 4 30 1 0
33 4 31 1 0
7 4 32 1 0
32 4 33 1 0
69 4 34 1 0
72 4 35 1 0
5 4 36 1 0
58 4 37 1 0
85 4 38 1 0
86 4 39 1 0
65 4 40 1 0
66 4 41 1 0
67 4 42 1 0
47 4 43 1 0
4 17 44 0 1
4 30 20 0 1
34 73 20 1 0
13 73 21 1 0
27 73 22 1 0
28 73 23 1 0
26 73 24 1 0
44 73 25 1 0
33 73 26 1 0
7 73 27 1 0
32 73 28 1 0
69 73 29 3 0
69 71 30 1 0
72 71 31 1 0
5 71 32 1 0
58 71 33 1 0
85 71 34 1 0
86 71 35 1 0
65 71 36 1 0
35 71 37 1 0
43 71 38 1 0
4 16 39 0 1
4 22 30 0 1
72 5 30 1 0
5 5 31 1 0
58 5 32 1 0
85 5 33 1 0
86 5 34 1 0
65 5 35 1 0
66 5 36 1 0
67 5 37 1 0
47 5 38 1 0
4 17 39 0 1
4 30 20 0 1
40 72 20 1 0
75 72 21 1 0
74 72 22 1 0
64 72 23 2 0
65 71 24 1 0
35 71 25 1 0
43 71 26 1 0
4 16 27 0 1
4 14 24 0 1
4 29 20 0 1
3 131 20 1 0
73 131 21 1 0
76 131 22 1 0
16 131 23 3 0
4 19 24 0 1
18 65 24 1 0
17 65 25 1 0
3 65 26 1 0
73 65 27 1 0
39 65 28 1 0
15 65 29 9 0
4 13 30 0 1
4 21 30 0 1
38 81 30 1 0
48 81 31 2 0
50 77 32 1 0
84 77 33 1 0
82 77 34 1 0
60 77 35 1 0
45 77 36 1 0
4 15 37 0 1
91 85 32 1 0
89 85 33 3 0
90 82 34 1 0
43 82 35 1 0
4 16 36 0 1
4 9 34 0 1
92 4 34 1 0
34 4 35 1 0
13 4 36 1 0
27 4 37 1 0
28 4 38 1 0
26 4 39 1 0
44 4 40 1 0
33 4 41 1 0
7 4 42 1 0
32 4 43 1 0
69 4 44 1 0
72 4 45 1 0
5 4 46 1 0
58 4 47 1 0
85 4 48 1 0
86 4 49 1 0
65 4 50 1 0
66 4 51 1 0
67 4 52 1 0
47 4 53 1 0
4 17 54 0 1
4 30 30 0 1
34 84 30 1 0
13 84 31 1 0
27 84 32 1 0
28 84 33 1 0
26 84 34 1 0
44 84 35 1 0
33 84 36 1 0
7 84 37 1 0
32 84 38 1 0
69 84 39 3 0
69 82 40 1 0
72 82 41 1 0
5 82 42 1 0
58 82 43 1 0
85 82 44 1 0
86 82 45 1 0
65 82 46 1 0
35 82 47 1 0
43 82 48 1 0
4 16 49 0 1
4 22 40 0 1
72 5 40 1 0
5 5 41 1 0
58 5 42 1 0
85 5 43 1 0
86 5 44 1 0
65 5 45 1 0
66 5 46 1 0
67 5 47 1 0
47 5 48 1 0
4 17 49 0 1
4 30 30 0 1
40 83 30 1 0
75 83 31 1 0
74 83 32 1 0
64 83 33 2 0
65 82 34 1 0
35 82 35 1 0
43 82 36 1 0
4 16 37 0 1
4 14 34 0 1
4 29 30 0 1
3 132 30 1 0
73 132 31 1 0
76 132 32 1 0
16 132 33 3 0
4 19 34 0 1
18 97 34 1 0
17 97 35 1 0
3 97 36 1 0
73 97 37 1 0
76 97 38 1 0
36 97 39 2 0
74 96 40 1 0
12 96 41 3 0
46 95 42 1 0
9 95 43 4 0
67 94 44 4 0
35 90 45 1 0
43 90 46 1 0
4 16 47 0 1
4 20 45 0 1
34 71 45 1 0
13 71 46 1 0
27 71 47 1 0
28 71 48 1 0
26 71 49 1 0
44 71 50 1 0
33 71 51 1 0
7 71 52 1 0
32 71 53 1 0
69 71 54 1 0
72 71 55 1 0
5 71 56 1 0
58 71 57 1 0
85 71 58 1 0
86 71 59 1 0
65 71 60 1 0
35 71 61 1 0
43 71 62 1 0
4 16 63 0 1
4 27 45 0 1
4 20 44 0 1
34 82 44 1 0
13 82 45 1 0
27 82 46 1 0
28 82 47 1 0
26 82 48 1 0
44 82 49 1 0
33 82 50 1 0
7 82 51 1 0
32 82 52 1 0
69 82 53 1 0
72 82 54 1 0
5 82 55 1 0
58 82 56 1 0
85 82 57 1 0
86 82 58 1 0
65 82 59 1 0
35 82 60 1 0
43 82 61 1 0
4 16 62 0 1
4 27 44 0 1
14 6 42 1 0
4 9 43 0 1
34 116 42 1 0
13 116 43 1 0
27 116 44 1 0
28 116 45 1 0
26 116 46 1 0
44 116 47 1 0
33 116 48 1 0
7 116 49 1 0
32 116 50 1 0
69 116 51 1 0
72 116 52 1 0
5 116 53 1 0
58 116 54 1 0
85 116 55 1 0
86 116 56 1 0
65 116 57 1 0
66 116 58 1 0
67 116 59 5 0
79 115 60 1 0
63 115 61 1 0
43 115 62 1 0
4 16 63 0 1
4 11 60 0 1
43 102 60 1 0
4 16 61 0 1
4 21 60 0 1
4 29 60 0 1
4 30 40 0 1
4 26 34 0 1
4 26 24 0 1
17 107 15 1 0
3 107 16 1 0
73 107 17 1 0
76 107 18 1 0
36 107 19 2 0
74 106 20 1 0
55 106 21 4 0
57 104 22 1 0
88 104 23 1 0
4 16 24 0 1
4 21 22 0 1
8 90 22 1 0
34 90 23 1 0
13 90 24 1 0
27 90 25 1 0
28 90 26 1 0
26 90 27 1 0
44 90 28 1 0
33 90 29 1 0
7 90 30 1 0
32 90 31 1 0
69 90 32 1 0
72 90 33 1 0
5 90 34 1 0
58 90 35 1 0
85 90 36 1 0
86 90 37 1 0
65 90 38 1 0
35 90 39 1 0
43 90 40 1 0
4 16 41 0 1
4 29 22 0 1
4 30 20 0 1
4 26 14 0 1
4 26 8 0 1
