1 117 0 1 0
25 72 1 1 0
62 72 2 1 0
78 92 3 1 0
0 117 4 1 0
21 92 5 1 0
60 92 6 4 0
23 91 7 1 0
4 27 8 0 1
4 10 7 0 1
79 57 7 1 0
4 20 8 0 1
19 116 7 4 0
4 22 8 0 1
20 94 8 1 0
22 94 9 1 0
2 117 10 1 0
53 94 11 4 0
57 91 12 1 0
4 27 13 0 1
57 99 12 1 0
4 33 13 0 1
55 101 12 2 0
71 100 13 1 0
4 50 14 0 1
54 78 13 4 0
43 77 14 1 0
4 20 15 0 1
4 24 14 0 1
42 41 14 1 0
41 41 15 2 0
85 40 16 1 0
84 40 17 1 0
81 40 18 2 0
82 38 19 1 0
79 38 20 1 0
4 20 21 0 1
31 53 19 2 0
4 23 20 0 1
4 29 20 0 1
91 56 16 1 0
43 56 17 1 0
4 20 18 0 1
4 31 14 0 1
52 112 12 1 0
16 112 13 3 0
4 22 14 0 1
18 47 14 2 0
17 46 15 1 0
3 46 16 1 0
74 46 17 1 0
77 46 18 1 0
36 46 19 2 0
75 45 20 1 0
56 45 21 6 0
80 44 22 1 0
64 44 23 3 0
43 42 24 1 0
4 20 25 0 1
4 11 24 0 1
64 89 24 1 0
43 89 25 1 0
4 20 26 0 1
4 11 22 0 1
43 90 22 1 0
4 20 23 0 1
4 24 22 0 1
8 0 22 1 0
34 0 23 1 0
13 0 24 1 0
27 0 25 1 0
28 0 26 1 0
26 0 27 1 0
45 0 28 1 0
33 0 29 1 0
7 0 30 1 0
32 0 31 1 0
70 0 32 1 0
73 0 33 1 0
5 0 34 1 0
59 0 35 1 0
86 0 36 1 0
87 0 37 1 0
66 0 38 1 0
67 0 39 1 0
68 0 40 1 0
48 0 41 1 0
4 39 42 0 1
4 31 22 0 1
4 32 20 0 1
17 49 15 1 0
3 49 16 1 0
74 49 17 1 0
77 49 18 1 0
36 49 19 2 0
75 48 20 1 0
56 48 21 6 0
80 44 22 1 0
64 44 23 3 0
43 42 24 1 0
4 20 25 0 1
4 11 24 0 1
64 89 24 1 0
43 89 25 1 0
4 20 26 0 1
4 11 22 0 1
43 90 22 1 0
4 20 23 0 1
4 24 22 0 1
8 2 22 1 0
34 2 23 1 0
13 2 24 1 0
27 2 25 1 0
28 2 26 1 0
26 2 27 1 0
45 2 28 1 0
33 2 29 1 0
7 2 30 1 0
32 2 31 1 0
70 2 32 1 0
73 2 33 1 0
5 2 34 3 0
5 1 35 1 0
59 1 36 1 0
86 1 37 1 0
87 1 38 1 0
66 1 39 1 0
67 1 40 1 0
68 1 41 1 0
48 1 42 1 0
4 39 43 0 1
4 7 35 0 1
59 16 35 1 0
86 16 36 1 0
87 16 37 1 0
66 16 38 1 0
67 16 39 1 0
68 16 40 3 0
58 15 41 1 0
89 15 42 1 0
4 20 43 0 1
4 24 41 0 1
4 31 41 0 1
4 31 22 0 1
4 32 20 0 1
4 28 14 0 1
20 93 8 1 0
22 93 9 1 0
2 117 10 1 0
53 93 11 4 0
57 91 12 1 0
4 27 13 0 1
57 99 12 1 0
4 33 13 0 1
55 59 12 2 0
71 58 13 1 0
85 58 14 1 0
83 58 15 1 0
61 58 16 1 0
37 58 17 1 0
4 12 18 0 1
54 16 13 3 0
43 15 14 1 0
4 20 15 0 1
4 24 14 0 1
4 31 14 0 1
52 111 12 1 0
16 111 13 3 0
4 22 14 0 1
18 37 14 5 0
17 36 15 1 0
50 36 16 2 0
49 35 17 2 0
51 34 18 1 0
85 34 19 1 0
84 34 20 1 0
82 34 21 1 0
79 34 22 1 0
4 20 23 0 1
92 98 18 1 0
90 98 19 3 0
91 96 20 1 0
43 96 21 1 0
4 20 22 0 1
4 9 20 0 1
93 86 20 1 0
34 86 21 1 0
13 86 22 1 0
27 86 23 1 0
28 86 24 1 0
26 86 25 1 0
45 86 26 1 0
33 86 27 1 0
7 86 28 1 0
32 86 29 1 0
70 86 30 1 0
73 86 31 1 0
5 86 32 1 0
59 86 33 1 0
86 86 34 1 0
87 86 35 1 0
66 86 36 1 0
67 86 37 1 0
68 86 38 1 0
88 86 39 5 0
4 26 40 0 1
24 34 40 1 0
43 34 41 1 0
4 20 42 0 1
4 24 40 0 1
8 43 40 1 0
34 43 41 1 0
13 43 42 1 0
27 43 43 1 0
28 43 44 1 0
26 43 45 1 0
45 43 46 1 0
33 43 47 1 0
7 43 48 1 0
32 43 49 1 0
70 43 50 1 0
73 43 51 1 0
5 43 52 1 0
59 43 53 1 0
86 43 54 1 0
87 43 55 1 0
66 43 56 1 0
35 43 57 3 0
6 42 58 1 0
43 42 59 1 0
4 20 60 0 1
4 11 58 0 1
43 73 58 1 0
4 20 59 0 1
4 31 40 0 1
4 32 17 0 1
17 64 15 1 0
50 64 16 2 0
49 63 17 2 0
51 58 18 1 0
85 58 19 1 0
83 58 20 1 0
61 58 21 1 0
37 58 22 1 0
4 12 23 0 1
92 70 18 1 0
90 70 19 3 0
91 67 20 1 0
43 67 21 1 0
4 20 22 0 1
4 9 20 0 1
93 4 20 1 0
34 4 21 1 0
13 4 22 1 0
27 4 23 1 0
28 4 24 1 0
26 4 25 1 0
45 4 26 1 0
33 4 27 1 0
7 4 28 1 0
32 4 29 1 0
70 4 30 1 0
73 4 31 1 0
5 4 32 1 0
59 4 33 1 0
86 4 34 1 0
87 4 35 1 0
66 4 36 1 0
67 4 37 1 0
68 4 38 1 0
48 4 39 1 0
4 21 40 0 1
4 32 17 0 1
17 62 15 1 0
50 62 16 2 0
49 61 17 2 0
51 60 18 1 0
85 60 19 1 0
84 60 20 1 0
81 60 21 2 0
83 58 22 1 0
61 58 23 1 0
37 58 24 1 0
4 12 25 0 1
31 54 22 4 0
4 23 23 0 1
4 29 23 0 1
4 23 23 0 1
4 29 23 0 1
92 80 18 1 0
90 80 19 3 0
91 79 20 1 0
43 79 21 1 0
4 20 22 0 1
4 9 20 0 1
93 87 20 1 0
34 87 21 1 0
13 87 22 1 0
27 87 23 1 0
28 87 24 1 0
26 87 25 1 0
45 87 26 1 0
33 87 27 1 0
7 87 28 1 0
32 87 29 1 0
70 87 30 1 0
73 87 31 1 0
5 87 32 1 0
59 87 33 1 0
86 87 34 1 0
87 87 35 1 0
66 87 36 1 0
67 87 37 1 0
10 87 38 1 0
11 87 39 3 0
4 26 40 0 1
69 58 40 1 0
61 58 41 1 0
37 58 42 1 0
4 12 43 0 1
30 52 40 2 0
29 51 41 3 0
4 23 42 0 1
34 5 42 1 0
13 5 43 1 0
27 5 44 1 0
28 5 45 1 0
26 5 46 1 0
45 5 47 1 0
33 5 48 1 0
7 5 49 1 0
32 5 50 1 0
70 5 51 1 0
73 5 52 1 0
5 5 53 1 0
59 5 54 1 0
86 5 55 1 0
87 5 56 1 0
66 5 57 1 0
67 5 58 1 0
68 5 59 1 0
48 5 60 1 0
4 21 61 0 1
4 29 42 0 1
29 51 41 3 0
4 23 42 0 1
34 5 42 1 0
13 5 43 1 0
27 5 44 1 0
28 5 45 1 0
26 5 46 1 0
45 5 47 1 0
33 5 48 1 0
7 5 49 1 0
32 5 50 1 0
70 5 51 1 0
73 5 52 1 0
5 5 53 1 0
59 5 54 1 0
86 5 55 1 0
87 5 56 1 0
66 5 57 1 0
67 5 58 1 0
68 5 59 1 0
48 5 60 1 0
4 21 61 0 1
4 29 42 0 1
4 32 17 0 1
17 65 15 1 0
3 65 16 1 0
74 65 17 1 0
39 65 18 1 0
15 65 19 9 0
4 14 20 0 1
4 24 20 0 1
38 75 20 1 0
49 75 21 2 0
51 74 22 1 0
85 74 23 1 0
83 74 24 1 0
61 74 25 1 0
46 74 26 1 0
4 19 27 0 1
92 105 22 1 0
90 105 23 3 0
91 102 24 1 0
43 102 25 1 0
4 20 26 0 1
4 9 24 0 1
93 4 24 1 0
34 4 25 1 0
13 4 26 1 0
27 4 27 1 0
28 4 28 1 0
26 4 29 1 0
45 4 30 1 0
33 4 31 1 0
7 4 32 1 0
32 4 33 1 0
70 4 34 1 0
73 4 35 1 0
5 4 36 1 0
59 4 37 1 0
86 4 38 1 0
87 4 39 1 0
66 4 40 1 0
67 4 41 1 0
68 4 42 1 0
48 4 43 1 0
4 21 44 0 1
4 32 20 0 1
34 104 20 1 0
13 104 21 1 0
27 104 22 1 0
28 104 23 1 0
26 104 24 1 0
45 104 25 1 0
33 104 26 1 0
7 104 27 1 0
32 104 28 1 0
70 104 29 3 0
70 102 30 1 0
73 102 31 1 0
5 102 32 1 0
59 102 33 1 0
86 102 34 1 0
87 102 35 1 0
66 102 36 1 0
35 102 37 1 0
43 102 38 1 0
4 20 39 0 1
4 25 30 0 1
73 5 30 1 0
5 5 31 1 0
59 5 32 1 0
86 5 33 1 0
87 5 34 1 0
66 5 35 1 0
67 5 36 1 0
68 5 37 1 0
48 5 38 1 0
4 21 39 0 1
4 32 20 0 1
40 103 20 1 0
76 103 21 1 0
75 103 22 1 0
65 103 23 2 0
66 102 24 1 0
35 102 25 1 0
43 102 26 1 0
4 20 27 0 1
4 18 24 0 1
4 31 20 0 1
3 113 20 1 0
74 113 21 1 0
77 113 22 1 0
16 113 23 3 0
4 22 24 0 1
18 66 24 1 0
17 66 25 1 0
3 66 26 1 0
74 66 27 1 0
39 66 28 1 0
15 66 29 9 0
4 14 30 0 1
4 24 30 0 1
38 76 30 1 0
49 76 31 2 0
51 74 32 1 0
85 74 33 1 0
83 74 34 1 0
61 74 35 1 0
46 74 36 1 0
4 19 37 0 1
92 110 32 1 0
90 110 33 3 0
91 107 34 1 0
43 107 35 1 0
4 20 36 0 1
4 9 34 0 1
93 4 34 1 0
34 4 35 1 0
13 4 36 1 0
27 4 37 1 0
28 4 38 1 0
26 4 39 1 0
45 4 40 1 0
33 4 41 1 0
7 4 42 1 0
32 4 43 1 0
70 4 44 1 0
73 4 45 1 0
5 4 46 1 0
59 4 47 1 0
86 4 48 1 0
87 4 49 1 0
66 4 50 1 0
67 4 51 1 0
68 4 52 1 0
48 4 53 1 0
4 21 54 0 1
4 32 30 0 1
34 109 30 1 0
13 109 31 1 0
27 109 32 1 0
28 109 33 1 0
26 109 34 1 0
45 109 35 1 0
33 109 36 1 0
7 109 37 1 0
32 109 38 1 0
70 109 39 3 0
70 107 40 1 0
73 107 41 1 0
5 107 42 1 0
59 107 43 1 0
86 107 44 1 0
87 107 45 1 0
66 107 46 1 0
35 107 47 1 0
43 107 48 1 0
4 20 49 0 1
4 25 40 0 1
73 5 40 1 0
5 5 41 1 0
59 5 42 1 0
86 5 43 1 0
87 5 44 1 0
66 5 45 1 0
67 5 46 1 0
68 5 47 1 0
48 5 48 1 0
4 21 49 0 1
4 32 30 0 1
40 108 30 1 0
76 108 31 1 0
75 108 32 1 0
65 108 33 2 0
66 107 34 1 0
35 107 35 1 0
43 107 36 1 0
4 20 37 0 1
4 18 34 0 1
4 31 30 0 1
3 115 30 1 0
74 115 31 1 0
77 115 32 1 0
16 115 33 3 0
4 22 34 0 1
18 85 34 2 0
17 84 35 1 0
3 84 36 1 0
74 84 37 1 0
77 84 38 1 0
36 84 39 2 0
75 83 40 1 0
12 83 41 3 0
47 82 42 1 0
9 82 43 4 0
68 81 44 4 0
35 79 45 1 0
43 79 46 1 0
4 20 47 0 1
4 23 45 0 1
34 102 45 1 0
13 102 46 1 0
27 102 47 1 0
28 102 48 1 0
26 102 49 1 0
45 102 50 1 0
33 102 51 1 0
7 102 52 1 0
32 102 53 1 0
70 102 54 1 0
73 102 55 1 0
5 102 56 1 0
59 102 57 1 0
86 102 58 1 0
87 102 59 1 0
66 102 60 1 0
35 102 61 1 0
43 102 62 1 0
4 20 63 0 1
4 29 45 0 1
4 23 44 0 1
34 107 44 1 0
13 107 45 1 0
27 107 46 1 0
28 107 47 1 0
26 107 48 1 0
45 107 49 1 0
33 107 50 1 0
7 107 51 1 0
32 107 52 1 0
70 107 53 1 0
73 107 54 1 0
5 107 55 1 0
59 107 56 1 0
86 107 57 1 0
87 107 58 1 0
66 107 59 1 0
35 107 60 1 0
43 107 61 1 0
4 20 62 0 1
4 29 44 0 1
14 6 42 1 0
4 9 43 0 1
34 97 42 1 0
13 97 43 1 0
27 97 44 1 0
28 97 45 1 0
26 97 46 1 0
45 97 47 1 0
33 97 48 1 0
7 97 49 1 0
32 97 50 1 0
70 97 51 1 0
73 97 52 1 0
5 97 53 1 0
59 97 54 1 0
86 97 55 1 0
87 97 56 1 0
66 97 57 1 0
67 97 58 1 0
68 97 59 5 0
80 96 60 1 0
64 96 61 1 0
43 96 62 1 0
4 20 63 0 1
4 11 60 0 1
43 88 60 1 0
4 20 61 0 1
4 24 60 0 1
4 31 60 0 1
4 32 40 0 1
17 71 35 1 0
3 71 36 1 0
74 71 37 1 0
44 71 38 5 0
4 17 39 0 1
4 24 39 0 1
34 106 39 1 0
13 106 40 1 0
27 106 41 1 0
28 106 42 1 0
26 106 43 1 0
45 106 44 1 0
33 106 45 1 0
7 106 46 1 0
32 106 47 3 0
32 102 48 1 0
70 102 49 1 0
73 102 50 1 0
5 102 51 1 0
59 102 52 1 0
86 102 53 1 0
87 102 54 1 0
66 102 55 1 0
35 102 56 1 0
43 102 57 1 0
4 20 58 0 1
4 13 48 0 1
70 107 48 1 0
73 107 49 1 0
5 107 50 1 0
59 107 51 1 0
86 107 52 1 0
87 107 53 1 0
66 107 54 1 0
35 107 55 1 0
43 107 56 1 0
4 20 57 0 1
4 31 39 0 1
3 114 39 1 0
74 114 40 1 0
77 114 41 1 0
16 114 42 3 0
4 22 43 0 1
18 69 43 1 0
17 69 44 1 0
3 69 45 1 0
74 69 46 1 0
77 69 47 1 0
36 69 48 2 0
75 68 49 1 0
12 68 50 3 0
47 67 51 1 0
35 67 52 1 0
43 67 53 1 0
4 20 54 0 1
14 3 51 1 0
4 8 52 0 1
34 82 51 1 0
13 82 52 1 0
27 82 53 1 0
28 82 54 1 0
26 82 55 1 0
45 82 56 1 0
33 82 57 1 0
7 82 58 1 0
32 82 59 1 0
70 82 60 1 0
73 82 61 1 0
5 82 62 1 0
59 82 63 1 0
86 82 64 1 0
87 82 65 1 0
66 82 66 1 0
67 82 67 1 0
68 82 68 5 0
35 79 69 1 0
43 79 70 1 0
4 20 71 0 1
4 23 69 0 1
34 102 69 1 0
13 102 70 1 0
27 102 71 1 0
28 102 72 1 0
26 102 73 1 0
45 102 74 1 0
33 102 75 1 0
7 102 76 1 0
32 102 77 1 0
70 102 78 1 0
73 102 79 1 0
5 102 80 1 0
59 102 81 1 0
86 102 82 1 0
87 102 83 1 0
66 102 84 1 0
35 102 85 1 0
43 102 86 1 0
4 20 87 0 1
4 29 69 0 1
63 55 69 3 0
4 23 70 0 1
34 107 70 1 0
13 107 71 1 0
27 107 72 1 0
28 107 73 1 0
26 107 74 1 0
45 107 75 1 0
33 107 76 1 0
7 107 77 1 0
32 107 78 1 0
70 107 79 1 0
73 107 80 1 0
5 107 81 1 0
59 107 82 1 0
86 107 83 1 0
87 107 84 1 0
66 107 85 1 0
35 107 86 1 0
43 107 87 1 0
4 20 88 0 1
4 29 70 0 1
4 32 49 0 1
4 28 43 0 1
4 28 34 0 1
4 28 24 0 1
17 95 15 1 0
3 95 16 1 0
74 95 17 1 0
77 95 18 1 0
72 95 19 3 0
4 30 20 0 1
34 67 20 1 0
13 67 21 1 0
27 67 22 1 0
28 67 23 1 0
26 67 24 1 0
45 67 25 1 0
33 67 26 1 0
7 67 27 1 0
32 67 28 1 0
70 67 29 1 0
73 67 30 1 0
5 67 31 1 0
59 67 32 1 0
86 67 33 1 0
87 67 34 1 0
66 67 35 1 0
35 67 36 1 0
43 67 37 1 0
4 20 38 0 1
4 32 20 0 1
4 28 14 0 1
4 28 8 0 1
