1 123 0 1 0
25 72 1 1 0
61 72 2 1 0
77 99 3 1 0
0 123 4 1 0
21 99 5 1 0
59 99 6 4 0
23 98 7 1 0
4 24 8 0 1
4 10 7 0 1
78 22 7 1 0
4 16 8 0 1
19 122 7 4 0
4 18 8 0 1
20 101 8 1 0
22 101 9 1 0
2 123 10 1 0
52 101 11 4 0
56 98 12 1 0
4 24 13 0 1
56 106 12 1 0
4 30 13 0 1
54 108 12 2 0
70 107 13 1 0
4 46 14 0 1
53 84 13 4 0
43 83 14 1 0
4 16 15 0 1
4 20 14 0 1
42 38 14 1 0
41 38 15 2 0
84 37 16 1 0
83 37 17 1 0
80 37 18 2 0
81 35 19 1 0
78 35 20 1 0
4 16 21 0 1
31 49 19 2 0
4 19 20 0 1
4 26 20 0 1
90 52 16 1 0
43 52 17 1 0
4 16 18 0 1
4 28 14 0 1
51 117 12 1 0
16 117 13 3 0
4 18 14 0 1
18 34 14 5 0
17 33 15 1 0
49 33 16 2 0
48 32 17 2 0
50 31 18 1 0
84 31 19 1 0
83 31 20 1 0
81 31 21 1 0
78 31 22 1 0
4 16 23 0 1
91 105 18 1 0
89 105 19 3 0
90 103 20 1 0
43 103 21 1 0
4 16 22 0 1
4 9 20 0 1
92 93 20 1 0
34 93 21 1 0
13 93 22 1 0
27 93 23 1 0
28 93 24 1 0
26 93 25 1 0
44 93 26 1 0
33 93 27 1 0
7 93 28 1 0
32 93 29 1 0
69 93 30 1 0
72 93 31 1 0
5 93 32 1 0
58 93 33 1 0
85 93 34 1 0
86 93 35 1 0
65 93 36 1 0
66 93 37 1 0
67 93 38 1 0
87 93 39 5 0
4 23 40 0 1
24 31 40 1 0
43 31 41 1 0
4 16 42 0 1
4 20 40 0 1
8 40 40 1 0
34 40 41 1 0
13 40 42 1 0
27 40 43 1 0
28 40 44 1 0
26 40 45 1 0
44 40 46 1 0
33 40 47 1 0
7 40 48 1 0
32 40 49 1 0
69 40 50 1 0
72 40 51 1 0
5 40 52 1 0
58 40 53 1 0
85 40 54 1 0
86 40 55 1 0
65 40 56 1 0
35 40 57 3 0
6 39 58 1 0
43 39 59 1 0
4 16 60 0 1
4 11 58 0 1
43 73 58 1 0
4 16 59 0 1
4 28 40 0 1
4 29 17 0 1
17 43 15 1 0
3 43 16 1 0
73 43 17 1 0
76 43 18 1 0
36 43 19 2 0
74 42 20 1 0
55 42 21 6 0
79 41 22 1 0
63 41 23 3 0
43 39 24 1 0
4 16 25 0 1
4 11 24 0 1
63 96 24 1 0
43 96 25 1 0
4 16 26 0 1
4 11 22 0 1
43 97 22 1 0
4 16 23 0 1
4 20 22 0 1
8 0 22 1 0
34 0 23 1 0
13 0 24 1 0
27 0 25 1 0
28 0 26 1 0
26 0 27 1 0
44 0 28 1 0
33 0 29 1 0
7 0 30 1 0
32 0 31 1 0
69 0 32 1 0
72 0 33 1 0
5 0 34 1 0
58 0 35 1 0
85 0 36 1 0
86 0 37 1 0
65 0 38 1 0
66 0 39 1 0
67 0 40 1 0
47 0 41 1 0
4 36 42 0 1
4 28 22 0 1
4 29 20 0 1
17 57 15 1 0
49 57 16 2 0
48 56 17 2 0
50 54 18 1 0
84 54 19 1 0
83 54 20 1 0
80 54 21 2 0
82 53 22 1 0
60 53 23 1 0
37 53 24 1 0
4 12 25 0 1
31 50 22 4 0
4 19 23 0 1
4 26 23 0 1
4 19 23 0 1
4 26 23 0 1
91 87 18 1 0
89 87 19 3 0
90 85 20 1 0
43 85 21 1 0
4 16 22 0 1
4 9 20 0 1
92 94 20 1 0
34 94 21 1 0
13 94 22 1 0
27 94 23 1 0
28 94 24 1 0
26 94 25 1 0
44 94 26 1 0
33 94 27 1 0
7 94 28 1 0
32 94 29 1 0
69 94 30 1 0
72 94 31 1 0
5 94 32 1 0
58 94 33 1 0
85 94 34 1 0
86 94 35 1 0
65 94 36 1 0
66 94 37 1 0
10 94 38 1 0
11 94 39 3 0
4 23 40 0 1
68 53 40 1 0
60 53 41 1 0
37 53 42 1 0
4 12 43 0 1
30 48 40 2 0
29 47 41 3 0
4 19 42 0 1
34 5 42 1 0
13 5 43 1 0
27 5 44 1 0
28 5 45 1 0
26 5 46 1 0
44 5 47 1 0
33 5 48 1 0
7 5 49 1 0
32 5 50 1 0
69 5 51 1 0
72 5 52 1 0
5 5 53 1 0
58 5 54 1 0
85 5 55 1 0
86 5 56 1 0
65 5 57 1 0
66 5 58 1 0
67 5 59 1 0
47 5 60 1 0
4 17 61 0 1
4 26 42 0 1
29 47 41 3 0
4 19 42 0 1
34 5 42 1 0
13 5 43 1 0
27 5 44 1 0
28 5 45 1 0
26 5 46 1 0
44 5 47 1 0
33 5 48 1 0
7 5 49 1 0
32 5 50 1 0
69 5 51 1 0
72 5 52 1 0
5 5 53 1 0
58 5 54 1 0
85 5 55 1 0
86 5 56 1 0
65 5 57 1 0
66 5 58 1 0
67 5 59 1 0
47 5 60 1 0
4 17 61 0 1
4 26 42 0 1
4 29 17 0 1
17 63 15 1 0
3 63 16 1 0
73 63 17 1 0
39 63 18 1 0
15 63 19 9 0
4 13 20 0 1
4 20 20 0 1
38 76 20 1 0
48 76 21 2 0
50 74 22 1 0
84 74 23 1 0
82 74 24 1 0
60 74 25 1 0
45 74 26 1 0
4 15 27 0 1
91 112 22 1 0
89 112 23 3 0
90 109 24 1 0
43 109 25 1 0
4 16 26 0 1
4 9 24 0 1
92 4 24 1 0
34 4 25 1 0
13 4 26 1 0
27 4 27 1 0
28 4 28 1 0
26 4 29 1 0
44 4 30 1 0
33 4 31 1 0
7 4 32 1 0
32 4 33 1 0
69 4 34 1 0
72 4 35 1 0
5 4 36 1 0
58 4 37 1 0
85 4 38 1 0
86 4 39 1 0
65 4 40 1 0
66 4 41 1 0
67 4 42 1 0
47 4 43 1 0
4 17 44 0 1
4 29 20 0 1
34 111 20 1 0
13 111 21 1 0
27 111 22 1 0
28 111 23 1 0
26 111 24 1 0
44 111 25 1 0
33 111 26 1 0
7 111 27 1 0
32 111 28 1 0
69 111 29 3 0
69 109 30 1 0
72 109 31 1 0
5 109 32 1 0
58 109 33 1 0
85 109 34 1 0
86 109 35 1 0
65 109 36 1 0
35 109 37 1 0
43 109 38 1 0
4 16 39 0 1
4 21 30 0 1
72 5 30 1 0
5 5 31 1 0
58 5 32 1 0
85 5 33 1 0
86 5 34 1 0
65 5 35 1 0
66 5 36 1 0
67 5 37 1 0
47 5 38 1 0
4 17 39 0 1
4 29 20 0 1
40 110 20 1 0
75 110 21 1 0
74 110 22 1 0
64 110 23 2 0
65 109 24 1 0
35 109 25 1 0
43 109 26 1 0
4 16 27 0 1
4 14 24 0 1
4 28 20 0 1
3 119 20 1 0
73 119 21 1 0
76 119 22 1 0
16 119 23 3 0
4 18 24 0 1
18 64 24 1 0
17 64 25 1 0
3 64 26 1 0
73 64 27 1 0
39 64 28 1 0
15 64 29 9 0
4 13 30 0 1
4 20 30 0 1
38 77 30 1 0
48 77 31 2 0
50 74 32 1 0
84 74 33 1 0
82 74 34 1 0
60 74 35 1 0
45 74 36 1 0
4 15 37 0 1
91 116 32 1 0
89 116 33 3 0
90 113 34 1 0
43 113 35 1 0
4 16 36 0 1
4 9 34 0 1
92 4 34 1 0
34 4 35 1 0
13 4 36 1 0
27 4 37 1 0
28 4 38 1 0
26 4 39 1 0
44 4 40 1 0
33 4 41 1 0
7 4 42 1 0
32 4 43 1 0
69 4 44 1 0
72 4 45 1 0
5 4 46 1 0
58 4 47 1 0
85 4 48 1 0
86 4 49 1 0
65 4 50 1 0
66 4 51 1 0
67 4 52 1 0
47 4 53 1 0
4 17 54 0 1
4 29 30 0 1
34 115 30 1 0
13 115 31 1 0
27 115 32 1 0
28 115 33 1 0
26 115 34 1 0
44 115 35 1 0
33 115 36 1 0
7 115 37 1 0
32 115 38 1 0
69 115 39 3 0
69 113 40 1 0
72 113 41 1 0
5 113 42 1 0
58 113 43 1 0
85 113 44 1 0
86 113 45 1 0
65 113 46 1 0
35 113 47 1 0
43 113 48 1 0
4 16 49 0 1
4 21 40 0 1
72 5 40 1 0
5 5 41 1 0
58 5 42 1 0
85 5 43 1 0
86 5 44 1 0
65 5 45 1 0
66 5 46 1 0
67 5 47 1 0
47 5 48 1 0
4 17 49 0 1
4 29 30 0 1
40 114 30 1 0
75 114 31 1 0
74 114 32 1 0
64 114 33 2 0
65 113 34 1 0
35 113 35 1 0
43 113 36 1 0
4 16 37 0 1
4 14 34 0 1
4 28 30 0 1
3 121 30 1 0
73 121 31 1 0
76 121 32 1 0
16 121 33 3 0
4 18 34 0 1
18 92 34 1 0
17 92 35 1 0
3 92 36 1 0
73 92 37 1 0
76 92 38 1 0
36 92 39 2 0
74 91 40 1 0
12 91 41 3 0
46 90 42 1 0
9 90 43 4 0
67 89 44 4 0
35 85 45 1 0
43 85 46 1 0
4 16 47 0 1
4 19 45 0 1
34 109 45 1 0
13 109 46 1 0
27 109 47 1 0
28 109 48 1 0
26 109 49 1 0
44 109 50 1 0
33 109 51 1 0
7 109 52 1 0
32 109 53 1 0
69 109 54 1 0
72 109 55 1 0
5 109 56 1 0
58 109 57 1 0
85 109 58 1 0
86 109 59 1 0
65 109 60 1 0
35 109 61 1 0
43 109 62 1 0
4 16 63 0 1
4 26 45 0 1
4 19 44 0 1
34 113 44 1 0
13 113 45 1 0
27 113 46 1 0
28 113 47 1 0
26 113 48 1 0
44 113 49 1 0
33 113 50 1 0
7 113 51 1 0
32 113 52 1 0
69 113 53 1 0
72 113 54 1 0
5 113 55 1 0
58 113 56 1 0
85 113 57 1 0
86 113 58 1 0
65 113 59 1 0
35 113 60 1 0
43 113 61 1 0
4 16 62 0 1
4 26 44 0 1
14 6 42 1 0
4 9 43 0 1
34 104 42 1 0
13 104 43 1 0
27 104 44 1 0
28 104 45 1 0
26 104 46 1 0
44 104 47 1 0
33 104 48 1 0
7 104 49 1 0
32 104 50 1 0
69 104 51 1 0
72 104 52 1 0
5 104 53 1 0
58 104 54 1 0
85 104 55 1 0
86 104 56 1 0
65 104 57 1 0
66 104 58 1 0
67 104 59 5 0
79 103 60 1 0
63 103 61 1 0
43 103 62 1 0
4 16 63 0 1
4 11 60 0 1
43 95 60 1 0
4 16 61 0 1
4 20 60 0 1
4 28 60 0 1
4 29 40 0 1
4 25 34 0 1
4 25 24 0 1
17 45 15 1 0
3 45 16 1 0
73 45 17 1 0
76 45 18 1 0
36 45 19 2 0
74 44 20 1 0
55 44 21 6 0
79 41 22 1 0
63 41 23 3 0
43 39 24 1 0
4 16 25 0 1
4 11 24 0 1
63 96 24 1 0
43 96 25 1 0
4 16 26 0 1
4 11 22 0 1
43 97 22 1 0
4 16 23 0 1
4 20 22 0 1
8 2 22 1 0
34 2 23 1 0
13 2 24 1 0
27 2 25 1 0
28 2 26 1 0
26 2 27 1 0
44 2 28 1 0
33 2 29 1 0
7 2 30 1 0
32 2 31 1 0
69 2 32 1 0
72 2 33 1 0
5 2 34 3 0
5 1 35 1 0
58 1 36 1 0
85 1 37 1 0
86 1 38 1 0
65 1 39 1 0
66 1 40 1 0
67 1 41 1 0
47 1 42 1 0
4 36 43 0 1
4 7 35 0 1
58 67 35 1 0
85 67 36 1 0
86 67 37 1 0
65 67 38 1 0
66 67 39 1 0
67 67 40 4 0
57 65 41 1 0
88 65 42 1 0
4 16 43 0 1
4 20 41 0 1
8 85 41 1 0
34 85 42 1 0
13 85 43 1 0
27 85 44 1 0
28 85 45 1 0
26 85 46 1 0
44 85 47 1 0
33 85 48 1 0
7 85 49 1 0
32 85 50 1 0
69 85 51 1 0
72 85 52 1 0
5 85 53 1 0
58 85 54 1 0
85 85 55 1 0
86 85 56 1 0
65 85 57 1 0
35 85 58 1 0
43 85 59 1 0
4 16 60 0 1
4 28 41 0 1
4 28 22 0 1
4 29 20 0 1
4 25 14 0 1
20 100 8 1 0
22 100 9 1 0
2 123 10 1 0
52 100 11 4 0
56 98 12 1 0
4 24 13 0 1
56 106 12 1 0
4 30 13 0 1
54 58 12 2 0
70 53 13 1 0
84 53 14 1 0
82 53 15 1 0
60 53 16 1 0
37 53 17 1 0
4 12 18 0 1
53 66 13 4 0
43 65 14 1 0
4 16 15 0 1
4 20 14 0 1
42 55 14 1 0
41 55 15 2 0
84 54 16 1 0
83 54 17 1 0
80 54 18 2 0
82 53 19 1 0
60 53 20 1 0
37 53 21 1 0
4 12 22 0 1
31 50 19 4 0
4 19 20 0 1
4 26 20 0 1
4 19 20 0 1
4 26 20 0 1
90 85 16 1 0
43 85 17 1 0
4 16 18 0 1
4 28 14 0 1
51 118 12 1 0
16 118 13 3 0
4 18 14 0 1
18 61 14 3 0
17 60 15 1 0
49 60 16 2 0
48 59 17 2 0
50 53 18 1 0
84 53 19 1 0
82 53 20 1 0
60 53 21 1 0
37 53 22 1 0
4 12 23 0 1
91 81 18 1 0
89 81 19 3 0
90 78 20 1 0
43 78 21 1 0
4 16 22 0 1
4 9 20 0 1
92 4 20 1 0
34 4 21 1 0
13 4 22 1 0
27 4 23 1 0
28 4 24 1 0
26 4 25 1 0
44 4 26 1 0
33 4 27 1 0
7 4 28 1 0
32 4 29 1 0
69 4 30 1 0
72 4 31 1 0
5 4 32 1 0
58 4 33 1 0
85 4 34 1 0
86 4 35 1 0
65 4 36 1 0
66 4 37 1 0
67 4 38 1 0
47 4 39 1 0
4 17 40 0 1
4 29 17 0 1
17 62 15 1 0
3 62 16 1 0
73 62 17 1 0
39 62 18 1 0
15 62 19 9 0
4 13 20 0 1
4 20 20 0 1
38 75 20 1 0
48 75 21 2 0
50 74 22 1 0
84 74 23 1 0
82 74 24 1 0
60 74 25 1 0
45 74 26 1 0
4 15 27 0 1
91 71 22 1 0
89 71 23 3 0
90 68 24 1 0
43 68 25 1 0
4 16 26 0 1
4 9 24 0 1
92 4 24 1 0
34 4 25 1 0
13 4 26 1 0
27 4 27 1 0
28 4 28 1 0
26 4 29 1 0
44 4 30 1 0
33 4 31 1 0
7 4 32 1 0
32 4 33 1 0
69 4 34 1 0
72 4 35 1 0
5 4 36 1 0
58 4 37 1 0
85 4 38 1 0
86 4 39 1 0
65 4 40 1 0
66 4 41 1 0
67 4 42 1 0
47 4 43 1 0
4 17 44 0 1
4 29 20 0 1
34 70 20 1 0
13 70 21 1 0
27 70 22 1 0
28 70 23 1 0
26 70 24 1 0
44 70 25 1 0
33 70 26 1 0
7 70 27 1 0
32 70 28 1 0
69 70 29 3 0
69 68 30 1 0
72 68 31 1 0
5 68 32 1 0
58 68 33 1 0
85 68 34 1 0
86 68 35 1 0
65 68 36 1 0
35 68 37 1 0
43 68 38 1 0
4 16 39 0 1
4 21 30 0 1
72 86 30 1 0
5 86 31 1 0
58 86 32 1 0
85 86 33 1 0
86 86 34 1 0
65 86 35 1 0
35 86 36 3 0
6 85 37 1 0
43 85 38 1 0
4 16 39 0 1
4 11 37 0 1
43 82 37 1 0
4 16 38 0 1
4 29 20 0 1
40 69 20 1 0
75 69 21 1 0
74 69 22 1 0
64 69 23 2 0
65 68 24 1 0
35 68 25 1 0
43 68 26 1 0
4 16 27 0 1
4 14 24 0 1
4 28 20 0 1
3 120 20 1 0
73 120 21 1 0
76 120 22 1 0
16 120 23 3 0
4 18 24 0 1
18 80 24 1 0
17 80 25 1 0
3 80 26 1 0
73 80 27 1 0
76 80 28 1 0
36 80 29 2 0
74 79 30 1 0
12 79 31 3 0
46 78 32 1 0
35 78 33 1 0
43 78 34 1 0
4 16 35 0 1
14 3 32 1 0
4 8 33 0 1
34 88 32 1 0
13 88 33 1 0
27 88 34 1 0
28 88 35 1 0
26 88 36 1 0
44 88 37 1 0
33 88 38 1 0
7 88 39 1 0
32 88 40 1 0
69 88 41 1 0
72 88 42 1 0
5 88 43 1 0
58 88 44 1 0
85 88 45 1 0
86 88 46 1 0
65 88 47 1 0
66 88 48 1 0
67 88 49 5 0
35 85 50 1 0
43 85 51 1 0
4 16 52 0 1
4 19 50 0 1
34 68 50 1 0
13 68 51 1 0
27 68 52 1 0
28 68 53 1 0
26 68 54 1 0
44 68 55 1 0
33 68 56 1 0
7 68 57 1 0
32 68 58 1 0
69 68 59 1 0
72 68 60 1 0
5 68 61 1 0
58 68 62 1 0
85 68 63 1 0
86 68 64 1 0
65 68 65 1 0
35 68 66 1 0
43 68 67 1 0
4 16 68 0 1
4 26 50 0 1
62 51 50 3 0
4 19 51 0 1
34 68 51 1 0
13 68 52 1 0
27 68 53 1 0
28 68 54 1 0
26 68 55 1 0
44 68 56 1 0
33 68 57 1 0
7 68 58 1 0
32 68 59 1 0
69 68 60 1 0
72 68 61 1 0
5 68 62 1 0
58 68 63 1 0
85 68 64 1 0
86 68 65 1 0
65 68 66 1 0
35 68 67 1 0
43 68 68 1 0
4 16 69 0 1
4 26 51 0 1
4 29 30 0 1
4 25 24 0 1
17 102 15 1 0
3 102 16 1 0
73 102 17 1 0
76 102 18 1 0
71 102 19 3 0
4 27 20 0 1
34 78 20 1 0
13 78 21 1 0
27 78 22 1 0
28 78 23 1 0
26 78 24 1 0
44 78 25 1 0
33 78 26 1 0
7 78 27 1 0
32 78 28 1 0
69 78 29 1 0
72 78 30 1 0
5 78 31 1 0
58 78 32 1 0
85 78 33 1 0
86 78 34 1 0
65 78 35 1 0
35 78 36 1 0
43 78 37 1 0
4 16 38 0 1
4 29 20 0 1
4 25 14 0 1
4 25 8 0 1
