1 128 0 1 0
25 75 1 1 0
61 75 2 1 0
76 114 3 1 0
0 128 4 1 0
21 114 5 1 0
59 114 6 4 0
23 113 7 1 0
4 27 8 0 1
4 12 7 0 1
77 25 7 1 0
4 19 8 0 1
19 127 7 4 0
4 21 8 0 1
20 115 8 1 0
22 115 9 1 0
2 128 10 1 0
52 115 11 4 0
56 113 12 1 0
4 27 13 0 1
56 117 12 1 0
4 32 13 0 1
54 119 12 2 0
70 118 13 1 0
4 48 14 0 1
53 92 13 4 0
43 91 14 1 0
4 19 15 0 1
4 23 14 0 1
42 40 14 1 0
41 40 15 2 0
83 39 16 1 0
82 39 17 1 0
79 39 18 2 0
80 37 19 1 0
77 37 20 1 0
4 19 21 0 1
31 52 19 2 0
4 22 20 0 1
4 29 20 0 1
89 55 16 1 0
43 55 17 1 0
4 19 18 0 1
4 30 14 0 1
51 122 12 1 0
16 122 13 3 0
4 21 14 0 1
18 36 14 5 0
17 35 15 1 0
49 35 16 2 0
48 34 17 2 0
50 33 18 1 0
83 33 19 1 0
82 33 20 1 0
80 33 21 1 0
77 33 22 1 0
4 19 23 0 1
90 95 18 1 0
88 95 19 3 0
89 93 20 1 0
43 93 21 1 0
4 19 22 0 1
4 11 20 0 1
91 104 20 1 0
34 104 21 1 0
13 104 22 1 0
27 104 23 1 0
28 104 24 1 0
26 104 25 1 0
44 104 26 1 0
33 104 27 1 0
7 104 28 1 0
32 104 29 1 0
69 104 30 1 0
71 104 31 1 0
5 104 32 1 0
58 104 33 1 0
84 104 34 1 0
85 104 35 1 0
65 104 36 1 0
66 104 37 1 0
67 104 38 1 0
86 104 39 5 0
4 26 40 0 1
24 33 40 1 0
43 33 41 1 0
4 19 42 0 1
4 23 40 0 1
8 42 40 1 0
34 42 41 1 0
13 42 42 1 0
27 42 43 1 0
28 42 44 1 0
26 42 45 1 0
44 42 46 1 0
33 42 47 1 0
7 42 48 1 0
32 42 49 1 0
69 42 50 1 0
71 42 51 1 0
5 42 52 1 0
58 42 53 1 0
84 42 54 1 0
85 42 55 1 0
65 42 56 1 0
35 42 57 3 0
6 41 58 1 0
43 41 59 1 0
4 19 60 0 1
4 14 58 0 1
43 76 58 1 0
4 19 59 0 1
4 30 40 0 1
4 31 17 0 1
17 63 15 1 0
49 63 16 2 0
48 62 17 2 0
50 61 18 1 0
83 61 19 1 0
82 61 20 1 0
79 61 21 2 0
81 60 22 1 0
60 60 23 1 0
37 60 24 1 0
4 15 25 0 1
31 53 22 4 0
4 22 23 0 1
4 29 23 0 1
4 22 23 0 1
4 29 23 0 1
90 97 18 1 0
88 97 19 3 0
89 96 20 1 0
43 96 21 1 0
4 19 22 0 1
4 11 20 0 1
91 105 20 1 0
34 105 21 1 0
13 105 22 1 0
27 105 23 1 0
28 105 24 1 0
26 105 25 1 0
44 105 26 1 0
33 105 27 1 0
7 105 28 1 0
32 105 29 1 0
69 105 30 1 0
71 105 31 1 0
5 105 32 1 0
58 105 33 1 0
84 105 34 1 0
85 105 35 1 0
65 105 36 1 0
66 105 37 1 0
10 105 38 1 0
11 105 39 3 0
4 26 40 0 1
68 60 40 1 0
60 60 41 1 0
37 60 42 1 0
4 15 43 0 1
30 51 40 2 0
29 50 41 3 0
4 22 42 0 1
34 7 42 1 0
13 7 43 1 0
27 7 44 1 0
28 7 45 1 0
26 7 46 1 0
44 7 47 1 0
33 7 48 1 0
7 7 49 1 0
32 7 50 1 0
69 7 51 1 0
71 7 52 1 0
5 7 53 1 0
58 7 54 1 0
84 7 55 1 0
85 7 56 1 0
65 7 57 1 0
66 7 58 1 0
67 7 59 1 0
47 7 60 1 0
4 20 61 0 1
4 29 42 0 1
29 50 41 3 0
4 22 42 0 1
34 7 42 1 0
13 7 43 1 0
27 7 44 1 0
28 7 45 1 0
26 7 46 1 0
44 7 47 1 0
33 7 48 1 0
7 7 49 1 0
32 7 50 1 0
69 7 51 1 0
71 7 52 1 0
5 7 53 1 0
58 7 54 1 0
84 7 55 1 0
85 7 56 1 0
65 7 57 1 0
66 7 58 1 0
67 7 59 1 0
47 7 60 1 0
4 20 61 0 1
4 29 42 0 1
4 31 17 0 1
17 45 15 1 0
3 45 16 1 0
72 45 17 1 0
75 45 18 1 0
36 45 19 2 0
73 44 20 1 0
55 44 21 6 0
78 43 22 1 0
63 43 23 3 0
43 41 24 1 0
4 19 25 0 1
4 14 24 0 1
63 111 24 1 0
43 111 25 1 0
4 19 26 0 1
4 14 22 0 1
43 112 22 1 0
4 19 23 0 1
4 23 22 0 1
8 0 22 1 0
34 0 23 1 0
13 0 24 1 0
27 0 25 1 0
28 0 26 1 0
26 0 27 1 0
44 0 28 1 0
33 0 29 1 0
7 0 30 1 0
32 0 31 1 0
69 0 32 1 0
71 0 33 1 0
5 0 34 1 0
58 0 35 1 0
84 0 36 1 0
85 0 37 1 0
65 0 38 1 0
66 0 39 1 0
67 0 40 1 0
47 0 41 1 0
4 38 42 0 1
4 30 22 0 1
4 31 20 0 1
17 68 15 1 0
3 68 16 1 0
72 68 17 1 0
39 68 18 1 0
15 68 19 9 0
4 16 20 0 1
4 23 20 0 1
38 78 20 1 0
48 78 21 2 0
50 77 22 1 0
83 77 23 1 0
81 77 24 1 0
60 77 25 1 0
45 77 26 1 0
4 18 27 0 1
90 59 22 1 0
88 59 23 3 0
89 56 24 1 0
43 56 25 1 0
4 19 26 0 1
4 11 24 0 1
91 4 24 1 0
34 4 25 1 0
13 4 26 1 0
27 4 27 1 0
28 4 28 1 0
26 4 29 1 0
44 4 30 1 0
33 4 31 1 0
7 4 32 1 0
32 4 33 1 0
69 4 34 1 0
71 4 35 1 0
5 4 36 1 0
58 4 37 1 0
84 4 38 1 0
85 4 39 1 0
65 4 40 1 0
66 4 41 1 0
67 4 42 1 0
47 4 43 1 0
4 20 44 0 1
4 31 20 0 1
34 58 20 1 0
13 58 21 1 0
27 58 22 1 0
28 58 23 1 0
26 58 24 1 0
44 58 25 1 0
33 58 26 1 0
7 58 27 1 0
32 58 28 1 0
69 58 29 3 0
69 56 30 1 0
71 56 31 1 0
5 56 32 1 0
58 56 33 1 0
84 56 34 1 0
85 56 35 1 0
65 56 36 1 0
35 56 37 1 0
43 56 38 1 0
4 19 39 0 1
4 24 30 0 1
71 7 30 1 0
5 7 31 1 0
58 7 32 1 0
84 7 33 1 0
85 7 34 1 0
65 7 35 1 0
66 7 36 1 0
67 7 37 1 0
47 7 38 1 0
4 20 39 0 1
4 31 20 0 1
40 57 20 1 0
74 57 21 1 0
73 57 22 1 0
12 57 23 3 0
46 56 24 1 0
35 56 25 1 0
43 56 26 1 0
4 19 27 0 1
14 3 24 1 0
4 10 25 0 1
34 5 24 1 0
13 5 25 1 0
27 5 26 1 0
28 5 27 1 0
26 5 28 1 0
44 5 29 1 0
33 5 30 1 0
7 5 31 1 0
32 5 32 1 0
69 5 33 1 0
71 5 34 1 0
5 5 35 1 0
58 5 36 1 0
84 5 37 1 0
85 5 38 1 0
65 5 39 1 0
66 5 40 1 0
67 5 41 1 0
47 5 42 1 0
4 20 43 0 1
4 30 20 0 1
3 124 20 1 0
72 124 21 1 0
75 124 22 1 0
16 124 23 3 0
4 21 24 0 1
18 69 24 1 0
17 69 25 1 0
3 69 26 1 0
72 69 27 1 0
39 69 28 1 0
15 69 29 9 0
4 16 30 0 1
4 23 30 0 1
38 81 30 1 0
48 81 31 2 0
50 77 32 1 0
83 77 33 1 0
81 77 34 1 0
60 77 35 1 0
45 77 36 1 0
4 18 37 0 1
90 90 32 1 0
88 90 33 3 0
89 87 34 1 0
43 87 35 1 0
4 19 36 0 1
4 11 34 0 1
91 4 34 1 0
34 4 35 1 0
13 4 36 1 0
27 4 37 1 0
28 4 38 1 0
26 4 39 1 0
44 4 40 1 0
33 4 41 1 0
7 4 42 1 0
32 4 43 1 0
69 4 44 1 0
71 4 45 1 0
5 4 46 1 0
58 4 47 1 0
84 4 48 1 0
85 4 49 1 0
65 4 50 1 0
66 4 51 1 0
67 4 52 1 0
47 4 53 1 0
4 20 54 0 1
4 31 30 0 1
34 89 30 1 0
13 89 31 1 0
27 89 32 1 0
28 89 33 1 0
26 89 34 1 0
44 89 35 1 0
33 89 36 1 0
7 89 37 1 0
32 89 38 1 0
69 89 39 3 0
69 87 40 1 0
71 87 41 1 0
5 87 42 1 0
58 87 43 1 0
84 87 44 1 0
85 87 45 1 0
65 87 46 1 0
35 87 47 1 0
43 87 48 1 0
4 19 49 0 1
4 24 40 0 1
71 7 40 1 0
5 7 41 1 0
58 7 42 1 0
84 7 43 1 0
85 7 44 1 0
65 7 45 1 0
66 7 46 1 0
67 7 47 1 0
47 7 48 1 0
4 20 49 0 1
4 31 30 0 1
40 88 30 1 0
74 88 31 1 0
73 88 32 1 0
12 88 33 3 0
46 87 34 1 0
35 87 35 1 0
43 87 36 1 0
4 19 37 0 1
14 3 34 1 0
4 10 35 0 1
34 5 34 1 0
13 5 35 1 0
27 5 36 1 0
28 5 37 1 0
26 5 38 1 0
44 5 39 1 0
33 5 40 1 0
7 5 41 1 0
32 5 42 1 0
69 5 43 1 0
71 5 44 1 0
5 5 45 1 0
58 5 46 1 0
84 5 47 1 0
85 5 48 1 0
65 5 49 1 0
66 5 50 1 0
67 5 51 1 0
47 5 52 1 0
4 20 53 0 1
4 30 30 0 1
3 126 30 1 0
72 126 31 1 0
75 126 32 1 0
16 126 33 3 0
4 21 34 0 1
18 101 34 1 0
17 101 35 1 0
3 101 36 1 0
72 101 37 1 0
75 101 38 1 0
36 101 39 2 0
73 100 40 1 0
12 100 41 3 0
46 99 42 1 0
9 99 43 4 0
67 98 44 4 0
35 96 45 1 0
43 96 46 1 0
4 19 47 0 1
4 22 45 0 1
34 56 45 1 0
13 56 46 1 0
27 56 47 1 0
28 56 48 1 0
26 56 49 1 0
44 56 50 1 0
33 56 51 1 0
7 56 52 1 0
32 56 53 1 0
69 56 54 1 0
71 56 55 1 0
5 56 56 1 0
58 56 57 1 0
84 56 58 1 0
85 56 59 1 0
65 56 60 1 0
35 56 61 1 0
43 56 62 1 0
4 19 63 0 1
4 29 45 0 1
4 22 44 0 1
34 87 44 1 0
13 87 45 1 0
27 87 46 1 0
28 87 47 1 0
26 87 48 1 0
44 87 49 1 0
33 87 50 1 0
7 87 51 1 0
32 87 52 1 0
69 87 53 1 0
71 87 54 1 0
5 87 55 1 0
58 87 56 1 0
84 87 57 1 0
85 87 58 1 0
65 87 59 1 0
35 87 60 1 0
43 87 61 1 0
4 19 62 0 1
4 29 44 0 1
14 8 42 1 0
4 11 43 0 1
34 94 42 1 0
13 94 43 1 0
27 94 44 1 0
28 94 45 1 0
26 94 46 1 0
44 94 47 1 0
33 94 48 1 0
7 94 49 1 0
32 94 50 1 0
69 94 51 1 0
71 94 52 1 0
5 94 53 1 0
58 94 54 1 0
84 94 55 1 0
85 94 56 1 0
65 94 57 1 0
66 94 58 1 0
67 94 59 5 0
78 93 60 1 0
63 93 61 1 0
43 93 62 1 0
4 19 63 0 1
4 14 60 0 1
43 106 60 1 0
4 19 61 0 1
4 23 60 0 1
4 30 60 0 1
4 31 40 0 1
4 28 34 0 1
4 28 24 0 1
17 110 15 1 0
3 110 16 1 0
72 110 17 1 0
75 110 18 1 0
36 110 19 2 0
73 109 20 1 0
55 109 21 4 0
57 107 22 1 0
87 107 23 1 0
4 19 24 0 1
4 23 22 0 1
8 96 22 1 0
34 96 23 1 0
13 96 24 1 0
27 96 25 1 0
28 96 26 1 0
26 96 27 1 0
44 96 28 1 0
33 96 29 1 0
7 96 30 1 0
32 96 31 1 0
69 96 32 1 0
71 96 33 1 0
5 96 34 1 0
58 96 35 1 0
84 96 36 1 0
85 96 37 1 0
65 96 38 1 0
35 96 39 1 0
43 96 40 1 0
4 19 41 0 1
4 30 22 0 1
4 31 20 0 1
4 28 14 0 1
20 116 8 1 0
22 116 9 1 0
2 128 10 1 0
52 116 11 4 0
56 113 12 1 0
4 27 13 0 1
56 117 12 1 0
4 32 13 0 1
54 120 12 2 0
70 118 13 1 0
4 48 14 0 1
53 108 13 4 0
43 107 14 1 0
4 19 15 0 1
4 23 14 0 1
42 64 14 1 0
41 64 15 2 0
83 61 16 1 0
82 61 17 1 0
79 61 18 2 0
81 60 19 1 0
60 60 20 1 0
37 60 21 1 0
4 15 22 0 1
31 53 19 4 0
4 22 20 0 1
4 29 20 0 1
4 22 20 0 1
4 29 20 0 1
89 102 16 1 0
43 102 17 1 0
4 19 18 0 1
4 30 14 0 1
51 123 12 1 0
16 123 13 3 0
4 21 14 0 1
18 67 14 4 0
17 66 15 1 0
49 66 16 2 0
48 65 17 2 0
50 60 18 1 0
83 60 19 1 0
81 60 20 1 0
60 60 21 1 0
37 60 22 1 0
4 15 23 0 1
90 86 18 1 0
88 86 19 3 0
89 82 20 1 0
43 82 21 1 0
4 19 22 0 1
4 11 20 0 1
91 4 20 1 0
34 4 21 1 0
13 4 22 1 0
27 4 23 1 0
28 4 24 1 0
26 4 25 1 0
44 4 26 1 0
33 4 27 1 0
7 4 28 1 0
32 4 29 1 0
69 4 30 1 0
71 4 31 1 0
5 4 32 1 0
58 4 33 1 0
84 4 34 1 0
85 4 35 1 0
65 4 36 1 0
66 4 37 1 0
67 4 38 1 0
47 4 39 1 0
4 20 40 0 1
4 31 17 0 1
17 80 15 1 0
49 80 16 2 0
48 79 17 2 0
50 77 18 1 0
83 77 19 1 0
81 77 20 1 0
60 77 21 1 0
45 77 22 1 0
4 18 23 0 1
90 73 18 1 0
88 73 19 3 0
89 70 20 1 0
43 70 21 1 0
4 19 22 0 1
4 11 20 0 1
91 6 20 1 0
34 6 21 1 0
13 6 22 1 0
27 6 23 1 0
28 6 24 1 0
26 6 25 1 0
44 6 26 1 0
33 6 27 1 0
7 6 28 1 0
32 6 29 1 0
69 6 30 1 0
71 6 31 1 0
5 6 32 1 0
58 6 33 1 0
84 6 34 1 0
85 6 35 1 0
65 6 36 1 0
66 6 37 1 0
67 6 38 1 0
47 6 39 1 0
4 20 40 0 1
4 31 17 0 1
17 121 15 1 0
3 121 16 1 0
72 121 17 1 0
92 121 18 5 0
4 49 19 0 1
4 23 19 0 1
34 74 19 1 0
13 74 20 1 0
27 74 21 1 0
28 74 22 1 0
26 74 23 1 0
44 74 24 1 0
33 74 25 1 0
7 74 26 1 0
32 74 27 1 0
69 74 28 3 0
69 70 29 1 0
71 70 30 1 0
5 70 31 1 0
58 70 32 1 0
84 70 33 1 0
85 70 34 1 0
65 70 35 1 0
35 70 36 1 0
43 70 37 1 0
4 19 38 0 1
4 17 29 0 1
71 4 29 1 0
5 4 30 1 0
58 4 31 1 0
84 4 32 1 0
85 4 33 1 0
65 4 34 1 0
66 4 35 1 0
67 4 36 1 0
47 4 37 1 0
4 20 38 0 1
4 30 19 0 1
3 125 19 1 0
72 125 20 1 0
75 125 21 1 0
16 125 22 3 0
4 21 23 0 1
18 85 23 2 0
17 84 24 1 0
3 84 25 1 0
72 84 26 1 0
75 84 27 1 0
36 84 28 2 0
73 83 29 1 0
12 83 30 3 0
46 82 31 1 0
35 82 32 1 0
43 82 33 1 0
4 19 34 0 1
14 3 31 1 0
4 10 32 0 1
34 103 31 1 0
13 103 32 1 0
27 103 33 1 0
28 103 34 1 0
26 103 35 1 0
44 103 36 1 0
33 103 37 1 0
7 103 38 1 0
32 103 39 1 0
69 103 40 1 0
71 103 41 1 0
5 103 42 1 0
58 103 43 1 0
84 103 44 1 0
85 103 45 1 0
65 103 46 1 0
66 103 47 1 0
67 103 48 5 0
35 102 49 1 0
43 102 50 1 0
4 19 51 0 1
4 22 49 0 1
34 70 49 1 0
13 70 50 1 0
27 70 51 1 0
28 70 52 1 0
26 70 53 1 0
44 70 54 1 0
33 70 55 1 0
7 70 56 1 0
32 70 57 1 0
69 70 58 1 0
71 70 59 1 0
5 70 60 1 0
58 70 61 1 0
84 70 62 1 0
85 70 63 1 0
65 70 64 1 0
35 70 65 1 0
43 70 66 1 0
4 19 67 0 1
4 29 49 0 1
62 54 49 3 0
4 22 50 0 1
34 70 50 1 0
13 70 51 1 0
27 70 52 1 0
28 70 53 1 0
26 70 54 1 0
44 70 55 1 0
33 70 56 1 0
7 70 57 1 0
32 70 58 1 0
69 70 59 1 0
71 70 60 1 0
5 70 61 1 0
58 70 62 1 0
84 70 63 1 0
85 70 64 1 0
65 70 65 1 0
35 70 66 1 0
43 70 67 1 0
4 19 68 0 1
4 29 50 0 1
4 31 29 0 1
17 72 24 1 0
3 72 25 1 0
72 72 26 1 0
75 72 27 1 0
36 72 28 2 0
73 71 29 1 0
64 71 30 2 0
65 70 31 1 0
35 70 32 1 0
43 70 33 1 0
4 19 34 0 1
4 13 31 0 1
4 31 29 0 1
4 28 23 0 1
17 47 15 1 0
3 47 16 1 0
72 47 17 1 0
75 47 18 1 0
36 47 19 2 0
73 46 20 1 0
55 46 21 6 0
78 43 22 1 0
63 43 23 3 0
43 41 24 1 0
4 19 25 0 1
4 14 24 0 1
63 111 24 1 0
43 111 25 1 0
4 19 26 0 1
4 14 22 0 1
43 112 22 1 0
4 19 23 0 1
4 23 22 0 1
8 2 22 1 0
34 2 23 1 0
13 2 24 1 0
27 2 25 1 0
28 2 26 1 0
26 2 27 1 0
44 2 28 1 0
33 2 29 1 0
7 2 30 1 0
32 2 31 1 0
69 2 32 1 0
71 2 33 1 0
5 2 34 3 0
5 1 35 1 0
58 1 36 1 0
84 1 37 1 0
85 1 38 1 0
65 1 39 1 0
66 1 40 1 0
67 1 41 1 0
47 1 42 1 0
4 38 43 0 1
4 9 35 0 1
58 82 35 1 0
84 82 36 1 0
85 82 37 1 0
65 82 38 1 0
35 82 39 1 0
43 82 40 1 0
4 19 41 0 1
4 30 22 0 1
4 31 20 0 1
4 28 14 0 1
4 28 8 0 1
