1 0 1 0
20 1 1 0
53 2 1 0
65 3 1 0
0 4 1 0
17 5 1 0
51 6 4 0
19 7 1 0
4 8 0 1
4 7 0 1
66 7 1 0
4 8 0 1
15 7 4 0
4 8 0 1
16 8 1 0
18 9 1 0
2 10 1 0
44 11 4 0
48 12 1 0
4 13 0 1
48 12 1 0
4 13 0 1
46 12 2 0
59 13 1 0
4 14 0 1
45 13 4 0
35 14 1 0
4 15 0 1
4 14 0 1
34 14 1 0
33 15 2 0
72 16 1 0
71 17 1 0
68 18 2 0
69 19 1 0
66 20 1 0
4 21 0 1
24 19 2 0
4 20 0 1
4 20 0 1
77 16 1 0
35 17 1 0
4 18 0 1
4 14 0 1
43 12 1 0
12 13 3 0
4 14 0 1
14 14 5 0
13 15 1 0
41 16 2 0
40 17 2 0
42 18 1 0
72 19 1 0
70 20 1 0
52 21 1 0
37 22 1 0
4 23 0 1
78 18 1 0
76 19 1 0
77 20 1 0
35 21 1 0
4 22 0 1
4 17 0 1
13 15 1 0
3 16 1 0
61 17 1 0
64 18 1 0
29 19 2 0
62 20 1 0
47 21 6 0
67 22 1 0
54 23 3 0
35 24 1 0
4 25 0 1
4 24 0 1
54 24 1 0
35 25 1 0
4 26 0 1
4 22 0 1
35 22 1 0
4 23 0 1
4 22 0 1
7 22 1 0
27 23 1 0
9 24 1 0
22 25 1 0
23 26 1 0
21 27 1 0
36 28 1 0
26 29 1 0
6 30 1 0
25 31 1 0
58 32 1 0
60 33 1 0
5 34 1 0
50 35 1 0
73 36 1 0
74 37 1 0
55 38 1 0
56 39 1 0
57 40 1 0
39 41 1 0
4 42 0 1
4 22 0 1
4 20 0 1
13 15 1 0
3 16 1 0
61 17 1 0
64 18 1 0
29 19 2 0
62 20 1 0
47 21 6 0
67 22 1 0
54 23 3 0
35 24 1 0
4 25 0 1
4 24 0 1
54 24 1 0
35 25 1 0
4 26 0 1
4 22 0 1
35 22 1 0
4 23 0 1
4 22 0 1
7 22 1 0
27 23 1 0
9 24 1 0
22 25 1 0
23 26 1 0
21 27 1 0
36 28 1 0
26 29 1 0
6 30 1 0
25 31 1 0
58 32 1 0
60 33 1 0
5 34 1 0
50 35 1 0
73 36 1 0
74 37 1 0
55 38 1 0
56 39 1 0
57 40 1 0
39 41 1 0
4 42 0 1
4 22 0 1
4 20 0 1
13 15 1 0
3 16 1 0
61 17 1 0
64 18 1 0
29 19 2 0
62 20 1 0
8 21 3 0
38 22 1 0
28 23 1 0
35 24 1 0
4 25 0 1
10 22 1 0
4 23 0 1
27 22 1 0
9 23 1 0
22 24 1 0
23 25 1 0
21 26 1 0
36 27 1 0
26 28 1 0
6 29 1 0
25 30 1 0
58 31 1 0
60 32 1 0
5 33 1 0
50 34 1 0
73 35 1 0
74 36 1 0
55 37 1 0
56 38 1 0
57 39 1 0
39 40 1 0
4 41 0 1
4 20 0 1
13 15 1 0
3 16 1 0
61 17 1 0
64 18 1 0
29 19 2 0
62 20 1 0
47 21 4 0
49 22 1 0
75 23 1 0
4 24 0 1
4 22 0 1
7 22 1 0
27 23 1 0
9 24 1 0
22 25 1 0
23 26 1 0
21 27 1 0
36 28 1 0
26 29 1 0
6 30 1 0
25 31 1 0
58 32 1 0
60 33 1 0
5 34 1 0
50 35 1 0
73 36 1 0
74 37 1 0
55 38 1 0
28 39 1 0
35 40 1 0
4 41 0 1
4 22 0 1
4 20 0 1
4 14 0 1
16 8 1 0
18 9 1 0
2 10 1 0
44 11 4 0
48 12 1 0
4 13 0 1
48 12 1 0
4 13 0 1
46 12 2 0
59 13 1 0
4 14 0 1
45 13 4 0
35 14 1 0
4 15 0 1
4 14 0 1
34 14 1 0
33 15 2 0
72 16 1 0
70 17 1 0
52 18 1 0
37 19 1 0
4 20 0 1
77 16 1 0
35 17 1 0
4 18 0 1
4 14 0 1
43 12 1 0
12 13 3 0
4 14 0 1
14 14 1 0
13 15 1 0
3 16 1 0
61 17 1 0
31 18 1 0
11 19 9 0
4 20 0 1
4 20 0 1
30 20 1 0
63 21 1 0
62 22 1 0
8 23 3 0
38 24 1 0
28 25 1 0
35 26 1 0
4 27 0 1
10 24 1 0
4 25 0 1
27 24 1 0
9 25 1 0
22 26 1 0
23 27 1 0
21 28 1 0
36 29 1 0
26 30 1 0
6 31 1 0
25 32 1 0
58 33 1 0
60 34 1 0
5 35 1 0
50 36 1 0
73 37 1 0
74 38 1 0
55 39 1 0
28 40 1 0
35 41 1 0
4 42 0 1
4 20 0 1
27 20 1 0
9 21 1 0
22 22 1 0
23 23 1 0
21 24 1 0
36 25 1 0
26 26 1 0
6 27 1 0
25 28 1 0
58 29 3 0
58 30 1 0
60 31 1 0
5 32 1 0
50 33 1 0
73 34 1 0
74 35 1 0
55 36 1 0
28 37 1 0
35 38 1 0
4 39 0 1
4 30 0 1
60 30 1 0
5 31 1 0
50 32 1 0
73 33 1 0
74 34 1 0
55 35 1 0
56 36 1 0
57 37 1 0
39 38 1 0
4 39 0 1
4 20 0 1
32 20 1 0
63 21 1 0
62 22 1 0
8 23 3 0
38 24 1 0
28 25 1 0
35 26 1 0
4 27 0 1
10 24 1 0
4 25 0 1
27 24 1 0
9 25 1 0
22 26 1 0
23 27 1 0
21 28 1 0
36 29 1 0
26 30 1 0
6 31 1 0
25 32 1 0
58 33 1 0
60 34 1 0
5 35 3 0
5 36 1 0
50 37 1 0
73 38 1 0
74 39 1 0
55 40 1 0
28 41 1 0
35 42 1 0
4 43 0 1
4 36 0 1
50 36 1 0
73 37 1 0
74 38 1 0
55 39 1 0
56 40 1 0
57 41 1 0
39 42 1 0
4 43 0 1
4 20 0 1
3 20 1 0
61 21 1 0
64 22 1 0
12 23 3 0
4 24 0 1
14 24 1 0
13 25 1 0
3 26 1 0
61 27 1 0
64 28 1 0
29 29 2 0
62 30 1 0
47 31 6 0
67 32 1 0
54 33 3 0
35 34 1 0
4 35 0 1
4 34 0 1
54 34 1 0
35 35 1 0
4 36 0 1
4 32 0 1
35 32 1 0
4 33 0 1
4 32 0 1
7 32 1 0
27 33 1 0
9 34 1 0
22 35 1 0
23 36 1 0
21 37 1 0
36 38 1 0
26 39 1 0
6 40 1 0
25 41 1 0
58 42 1 0
60 43 1 0
5 44 3 0
5 45 3 0
5 46 1 0
50 47 1 0
73 48 1 0
74 49 1 0
55 50 1 0
28 51 1 0
35 52 1 0
4 53 0 1
4 46 0 1
50 46 1 0
73 47 1 0
74 48 1 0
55 49 1 0
56 50 1 0
57 51 1 0
39 52 1 0
4 53 0 1
4 45 0 1
50 45 3 0
50 46 1 0
73 47 1 0
74 48 1 0
55 49 1 0
28 50 1 0
35 51 1 0
4 52 0 1
4 46 0 1
73 46 1 0
74 47 1 0
55 48 1 0
56 49 1 0
57 50 1 0
39 51 1 0
4 52 0 1
4 32 0 1
4 30 0 1
4 24 0 1
4 14 0 1
4 8 0 1
