1 0 1 0
17 1 1 0
45 2 1 0
57 3 1 0
0 4 1 0
14 5 1 0
43 6 4 0
16 7 1 0
4 8 0 1
4 7 0 1
58 7 1 0
4 8 0 1
12 7 3 0
4 8 0 1
13 8 1 0
15 9 1 0
2 10 1 0
37 11 4 0
41 12 1 0
4 13 0 1
41 12 1 0
4 13 0 1
39 12 2 0
52 13 1 0
4 14 0 1
38 13 4 0
29 14 1 0
4 15 0 1
4 14 0 1
28 14 1 0
27 15 2 0
64 16 1 0
63 17 1 0
60 18 2 0
61 19 1 0
58 20 1 0
4 21 0 1
21 19 2 0
4 20 0 1
4 20 0 1
68 16 1 0
29 17 1 0
4 18 0 1
4 14 0 1
36 12 1 0
9 13 3 0
4 14 0 1
11 14 4 0
10 15 1 0
3 16 1 0
54 17 1 0
56 18 1 0
26 19 2 0
55 20 1 0
40 21 6 0
59 22 1 0
46 23 3 0
29 24 1 0
4 25 0 1
4 24 0 1
46 24 1 0
29 25 1 0
4 26 0 1
4 22 0 1
29 22 1 0
4 23 0 1
4 22 0 1
7 22 1 0
24 23 1 0
8 24 1 0
19 25 1 0
20 26 1 0
18 27 1 0
30 28 1 0
23 29 1 0
6 30 1 0
22 31 1 0
51 32 1 0
53 33 1 0
5 34 1 0
42 35 1 0
65 36 1 0
66 37 1 0
48 38 1 0
49 39 1 0
50 40 1 0
32 41 1 0
4 42 0 1
4 22 0 1
4 20 0 1
10 15 1 0
3 16 1 0
54 17 1 0
56 18 1 0
26 19 2 0
55 20 1 0
40 21 6 0
59 22 1 0
46 23 3 0
29 24 1 0
4 25 0 1
4 24 0 1
46 24 1 0
29 25 1 0
4 26 0 1
4 22 0 1
29 22 1 0
4 23 0 1
4 22 0 1
7 22 1 0
24 23 1 0
8 24 1 0
19 25 1 0
20 26 1 0
18 27 1 0
30 28 1 0
23 29 1 0
6 30 1 0
22 31 1 0
51 32 1 0
53 33 1 0
5 34 1 0
42 35 1 0
65 36 1 0
66 37 1 0
48 38 1 0
49 39 1 0
50 40 1 0
32 41 1 0
4 42 0 1
4 22 0 1
4 20 0 1
10 15 1 0
34 16 2 0
33 17 2 0
35 18 1 0
64 19 1 0
62 20 1 0
44 21 1 0
31 22 1 0
4 23 0 1
69 18 1 0
67 19 3 0
68 20 1 0
29 21 1 0
4 22 0 1
4 20 0 1
70 20 1 0
24 21 1 0
8 22 1 0
19 23 1 0
20 24 1 0
18 25 1 0
30 26 1 0
23 27 1 0
6 28 1 0
22 29 1 0
51 30 1 0
53 31 1 0
5 32 1 0
42 33 1 0
65 34 1 0
66 35 1 0
48 36 1 0
49 37 1 0
50 38 1 0
32 39 1 0
4 40 0 1
4 17 0 1
10 15 1 0
3 16 1 0
54 17 1 0
71 18 5 0
4 19 0 1
4 19 0 1
24 19 1 0
8 20 1 0
19 21 1 0
20 22 1 0
18 23 1 0
30 24 1 0
23 25 1 0
6 26 1 0
22 27 1 0
51 28 3 0
51 29 1 0
53 30 1 0
5 31 1 0
42 32 1 0
65 33 1 0
66 34 1 0
48 35 1 0
25 36 1 0
29 37 1 0
4 38 0 1
4 29 0 1
53 29 1 0
5 30 1 0
42 31 1 0
65 32 1 0
66 33 1 0
48 34 1 0
49 35 1 0
50 36 1 0
32 37 1 0
4 38 0 1
4 19 0 1
3 19 1 0
54 20 1 0
56 21 1 0
9 22 3 0
4 23 0 1
11 23 2 0
10 24 1 0
3 25 1 0
54 26 1 0
56 27 1 0
26 28 2 0
55 29 1 0
40 30 6 0
59 31 1 0
46 32 3 0
29 33 1 0
4 34 0 1
4 33 0 1
46 33 1 0
29 34 1 0
4 35 0 1
4 31 0 1
29 31 1 0
4 32 0 1
4 31 0 1
7 31 1 0
24 32 1 0
8 33 1 0
19 34 1 0
20 35 1 0
18 36 1 0
30 37 1 0
23 38 1 0
6 39 1 0
22 40 1 0
51 41 1 0
53 42 1 0
5 43 3 0
5 44 3 0
5 45 1 0
42 46 1 0
65 47 1 0
66 48 1 0
48 49 1 0
25 50 1 0
29 51 1 0
4 52 0 1
4 45 0 1
42 45 1 0
65 46 1 0
66 47 1 0
48 48 1 0
49 49 1 0
50 50 1 0
32 51 1 0
4 52 0 1
4 44 0 1
42 44 3 0
42 45 1 0
65 46 1 0
66 47 1 0
48 48 1 0
25 49 1 0
29 50 1 0
4 51 0 1
4 45 0 1
65 45 1 0
66 46 1 0
48 47 1 0
49 48 1 0
50 49 1 0
32 50 1 0
4 51 0 1
4 31 0 1
4 29 0 1
10 24 1 0
3 25 1 0
54 26 1 0
56 27 1 0
26 28 2 0
55 29 1 0
47 30 2 0
48 31 1 0
25 32 1 0
29 33 1 0
4 34 0 1
4 31 0 1
4 29 0 1
4 23 0 1
4 14 0 1
4 8 0 1
