1 0 1 0
17 1 1 0
45 2 1 0
58 3 1 0
0 4 1 0
14 5 1 0
43 6 4 0
16 7 1 0
4 8 0 1
4 7 0 1
59 7 1 0
4 8 0 1
12 7 4 0
4 8 0 1
13 8 1 0
15 9 1 0
2 10 1 0
36 11 4 0
40 12 1 0
4 13 0 1
40 12 1 0
4 13 0 1
38 12 2 0
52 13 1 0
65 14 1 0
63 15 1 0
44 16 1 0
27 17 1 0
4 18 0 1
37 13 4 0
30 14 1 0
4 15 0 1
4 14 0 1
29 14 1 0
28 15 2 0
65 16 1 0
63 17 1 0
44 18 1 0
33 19 1 0
4 20 0 1
69 16 1 0
30 17 1 0
4 18 0 1
4 14 0 1
35 12 1 0
9 13 3 0
4 14 0 1
11 14 2 0
10 15 1 0
3 16 1 0
55 17 1 0
31 18 5 0
4 19 0 1
4 19 0 1
24 19 1 0
8 20 1 0
19 21 1 0
20 22 1 0
18 23 1 0
32 24 1 0
23 25 1 0
6 26 1 0
22 27 1 0
51 28 3 0
51 29 1 0
54 30 1 0
5 31 1 0
42 32 1 0
66 33 1 0
67 34 1 0
47 35 1 0
25 36 1 0
30 37 1 0
4 38 0 1
4 29 0 1
54 29 1 0
5 30 1 0
42 31 1 0
66 32 1 0
67 33 1 0
47 34 1 0
49 35 1 0
50 36 1 0
34 37 1 0
4 38 0 1
4 19 0 1
3 19 1 0
55 20 1 0
57 21 1 0
9 22 3 0
4 23 0 1
11 23 2 0
10 24 1 0
3 25 1 0
55 26 1 0
57 27 1 0
26 28 2 0
56 29 1 0
39 30 6 0
60 31 1 0
46 32 3 0
30 33 1 0
4 34 0 1
4 33 0 1
46 33 1 0
30 34 1 0
4 35 0 1
4 31 0 1
30 31 1 0
4 32 0 1
4 31 0 1
7 31 1 0
24 32 1 0
8 33 1 0
19 34 1 0
20 35 1 0
18 36 1 0
32 37 1 0
23 38 1 0
6 39 1 0
22 40 1 0
51 41 1 0
54 42 1 0
5 43 3 0
5 44 3 0
5 45 1 0
42 46 1 0
66 47 1 0
67 48 1 0
47 49 1 0
25 50 1 0
30 51 1 0
4 52 0 1
4 45 0 1
42 45 1 0
66 46 1 0
67 47 1 0
47 48 1 0
49 49 1 0
50 50 1 0
34 51 1 0
4 52 0 1
4 44 0 1
42 44 3 0
42 45 1 0
66 46 1 0
67 47 1 0
47 48 1 0
25 49 1 0
30 50 1 0
4 51 0 1
4 45 0 1
66 45 1 0
67 46 1 0
47 47 1 0
49 48 1 0
50 49 1 0
34 50 1 0
4 51 0 1
4 31 0 1
4 29 0 1
10 24 1 0
3 25 1 0
55 26 1 0
57 27 1 0
53 28 3 0
4 29 0 1
24 29 1 0
8 30 1 0
19 31 1 0
20 32 1 0
18 33 1 0
32 34 1 0
23 35 1 0
6 36 1 0
22 37 1 0
51 38 1 0
54 39 1 0
5 40 1 0
42 41 1 0
66 42 1 0
67 43 1 0
47 44 1 0
49 45 1 0
50 46 4 0
41 47 1 0
68 48 1 0
4 49 0 1
4 47 0 1
7 47 1 0
24 48 1 0
8 49 1 0
19 50 1 0
20 51 1 0
18 52 1 0
32 53 1 0
23 54 1 0
6 55 1 0
22 56 1 0
51 57 1 0
54 58 1 0
5 59 1 0
42 60 1 0
66 61 1 0
48 62 2 0
4 63 0 1
66 63 1 0
67 64 1 0
47 65 1 0
25 66 1 0
30 67 1 0
4 68 0 1
4 47 0 1
4 29 0 1
4 23 0 1
10 15 1 0
3 16 1 0
55 17 1 0
57 18 1 0
53 19 3 0
4 20 0 1
24 20 1 0
8 21 1 0
19 22 1 0
20 23 1 0
18 24 1 0
32 25 1 0
23 26 1 0
6 27 1 0
22 28 1 0
51 29 1 0
54 30 1 0
5 31 1 0
42 32 1 0
66 33 1 0
67 34 1 0
47 35 1 0
49 36 1 0
50 37 1 0
34 38 1 0
4 39 0 1
4 20 0 1
4 14 0 1
13 8 1 0
15 9 1 0
2 10 1 0
36 11 4 0
40 12 1 0
4 13 0 1
40 12 1 0
4 13 0 1
38 12 2 0
52 13 1 0
4 14 0 1
37 13 4 0
30 14 1 0
4 15 0 1
4 14 0 1
29 14 1 0
28 15 2 0
65 16 1 0
64 17 1 0
61 18 2 0
62 19 1 0
59 20 1 0
4 21 0 1
21 19 2 0
4 20 0 1
4 20 0 1
69 16 1 0
30 17 1 0
4 18 0 1
4 14 0 1
35 12 1 0
9 13 3 0
4 14 0 1
11 14 3 0
10 15 1 0
3 16 1 0
55 17 1 0
57 18 1 0
26 19 2 0
56 20 1 0
39 21 6 0
60 22 1 0
46 23 3 0
30 24 1 0
4 25 0 1
4 24 0 1
46 24 1 0
30 25 1 0
4 26 0 1
4 22 0 1
30 22 1 0
4 23 0 1
4 22 0 1
7 22 1 0
24 23 1 0
8 24 1 0
19 25 1 0
20 26 1 0
18 27 1 0
32 28 1 0
23 29 1 0
6 30 1 0
22 31 1 0
51 32 1 0
54 33 1 0
5 34 1 0
42 35 1 0
66 36 1 0
67 37 1 0
47 38 1 0
49 39 1 0
50 40 1 0
34 41 1 0
4 42 0 1
4 22 0 1
4 20 0 1
10 15 1 0
3 16 1 0
55 17 1 0
57 18 1 0
26 19 2 0
56 20 1 0
39 21 6 0
60 22 1 0
46 23 3 0
30 24 1 0
4 25 0 1
4 24 0 1
46 24 1 0
30 25 1 0
4 26 0 1
4 22 0 1
30 22 1 0
4 23 0 1
4 22 0 1
7 22 1 0
24 23 1 0
8 24 1 0
19 25 1 0
20 26 1 0
18 27 1 0
32 28 1 0
23 29 1 0
6 30 1 0
22 31 1 0
51 32 1 0
54 33 1 0
5 34 1 0
42 35 1 0
66 36 1 0
67 37 1 0
47 38 1 0
49 39 1 0
50 40 1 0
34 41 1 0
4 42 0 1
4 22 0 1
4 20 0 1
10 15 1 0
3 16 1 0
55 17 1 0
57 18 1 0
26 19 2 0
56 20 1 0
39 21 4 0
41 22 1 0
68 23 1 0
4 24 0 1
4 22 0 1
7 22 1 0
24 23 1 0
8 24 1 0
19 25 1 0
20 26 1 0
18 27 1 0
32 28 1 0
23 29 1 0
6 30 1 0
22 31 1 0
51 32 1 0
54 33 1 0
5 34 1 0
42 35 1 0
66 36 1 0
67 37 1 0
47 38 1 0
49 39 1 0
50 40 1 0
34 41 1 0
4 42 0 1
4 22 0 1
4 20 0 1
4 14 0 1
4 8 0 1
