1 102 0 1 0
19 68 1 1 0
47 68 2 1 0
58 82 3 1 0
0 102 4 1 0
15 82 5 1 0
45 82 6 4 0
17 81 7 1 0
4 27 8 0 1
4 12 7 0 1
59 92 7 1 0
4 21 8 0 1
13 101 7 3 0
4 22 8 0 1
14 83 8 1 0
16 83 9 1 0
2 102 10 1 0
39 83 11 4 0
43 81 12 1 0
4 27 13 0 1
43 91 12 1 0
4 32 13 0 1
41 94 12 2 0
53 93 13 1 0
4 50 14 0 1
40 73 13 4 0
32 72 14 1 0
4 21 15 0 1
4 24 14 0 1
31 40 14 1 0
30 40 15 2 0
65 39 16 1 0
64 39 17 1 0
61 39 18 2 0
62 37 19 1 0
59 37 20 1 0
4 21 21 0 1
23 51 19 2 0
4 23 20 0 1
4 29 20 0 1
70 57 16 1 0
32 57 17 1 0
4 21 18 0 1
4 30 14 0 1
38 100 12 1 0
10 100 13 3 0
4 22 14 0 1
12 36 14 10 0
11 35 15 1 0
36 35 16 2 0
35 34 17 2 0
37 33 18 1 0
65 33 19 1 0
64 33 20 1 0
62 33 21 1 0
59 33 22 1 0
4 21 23 0 1
71 90 18 1 0
69 90 19 3 0
70 88 20 1 0
32 88 21 1 0
4 21 22 0 1
4 11 20 0 1
72 76 20 1 0
26 76 21 1 0
9 76 22 1 0
21 76 23 1 0
22 76 24 1 0
20 76 25 1 0
33 76 26 1 0
25 76 27 1 0
7 76 28 1 0
24 76 29 1 0
52 76 30 1 0
54 76 31 1 0
5 76 32 1 0
44 76 33 1 0
66 76 34 1 0
67 76 35 1 0
49 76 36 1 0
50 76 37 1 0
51 76 38 1 0
68 76 39 5 0
4 26 40 0 1
18 33 40 1 0
32 33 41 1 0
4 21 42 0 1
4 24 40 0 1
8 42 40 1 0
26 42 41 1 0
9 42 42 1 0
21 42 43 1 0
22 42 44 1 0
20 42 45 1 0
33 42 46 1 0
25 42 47 1 0
7 42 48 1 0
24 42 49 1 0
52 42 50 1 0
54 42 51 1 0
5 42 52 1 0
44 42 53 1 0
66 42 54 1 0
67 42 55 1 0
49 42 56 1 0
27 42 57 3 0
6 41 58 1 0
32 41 59 1 0
4 21 60 0 1
4 13 58 0 1
32 69 58 1 0
4 21 59 0 1
4 30 40 0 1
4 31 17 0 1
11 45 15 1 0
3 45 16 1 0
55 45 17 1 0
57 45 18 1 0
28 45 19 2 0
56 44 20 1 0
42 44 21 6 0
60 43 22 1 0
48 43 23 3 0
32 41 24 1 0
4 21 25 0 1
4 13 24 0 1
48 78 24 1 0
32 78 25 1 0
4 21 26 0 1
4 13 22 0 1
32 79 22 1 0
4 21 23 0 1
4 24 22 0 1
8 2 22 1 0
26 2 23 1 0
9 2 24 1 0
21 2 25 1 0
22 2 26 1 0
20 2 27 1 0
33 2 28 1 0
25 2 29 1 0
7 2 30 1 0
24 2 31 1 0
52 2 32 1 0
54 2 33 1 0
5 2 34 1 0
44 2 35 1 0
66 2 36 1 0
67 2 37 1 0
49 2 38 1 0
50 2 39 1 0
51 2 40 1 0
34 2 41 1 0
4 38 42 0 1
4 30 22 0 1
4 31 20 0 1
11 64 15 1 0
36 64 16 2 0
35 63 17 2 0
37 58 18 1 0
65 58 19 1 0
63 58 20 1 0
46 58 21 1 0
29 58 22 1 0
4 14 23 0 1
71 87 18 1 0
69 87 19 3 0
70 84 20 1 0
32 84 21 1 0
4 21 22 0 1
4 11 20 0 1
72 89 20 1 0
26 89 21 1 0
9 89 22 1 0
21 89 23 1 0
22 89 24 1 0
20 89 25 1 0
33 89 26 1 0
25 89 27 1 0
7 89 28 1 0
24 89 29 1 0
52 89 30 1 0
54 89 31 1 0
5 89 32 1 0
44 89 33 1 0
66 89 34 1 0
67 89 35 1 0
49 89 36 1 0
50 89 37 1 0
51 89 38 5 0
60 88 39 1 0
48 88 40 1 0
32 88 41 1 0
4 21 42 0 1
4 13 39 0 1
32 77 39 1 0
4 21 40 0 1
4 24 39 0 1
4 30 39 0 1
4 31 17 0 1
11 62 15 1 0
36 62 16 2 0
35 61 17 2 0
37 58 18 1 0
65 58 19 1 0
63 58 20 1 0
46 58 21 1 0
29 58 22 1 0
4 14 23 0 1
71 71 18 1 0
69 71 19 3 0
70 70 20 1 0
32 70 21 1 0
4 21 22 0 1
4 11 20 0 1
72 89 20 1 0
26 89 21 1 0
9 89 22 1 0
21 89 23 1 0
22 89 24 1 0
20 89 25 1 0
33 89 26 1 0
25 89 27 1 0
7 89 28 1 0
24 89 29 1 0
52 89 30 1 0
54 89 31 1 0
5 89 32 1 0
44 89 33 1 0
66 89 34 1 0
67 89 35 1 0
49 89 36 1 0
50 89 37 1 0
51 89 38 5 0
60 88 39 1 0
48 88 40 1 0
32 88 41 1 0
4 21 42 0 1
4 13 39 0 1
32 77 39 1 0
4 21 40 0 1
4 24 39 0 1
4 30 39 0 1
4 31 17 0 1
11 60 15 1 0
36 60 16 2 0
35 59 17 2 0
37 58 18 1 0
65 58 19 1 0
63 58 20 1 0
46 58 21 1 0
29 58 22 1 0
4 14 23 0 1
71 53 18 1 0
69 53 19 3 0
70 52 20 1 0
32 52 21 1 0
4 21 22 0 1
4 11 20 0 1
72 86 20 1 0
26 86 21 1 0
9 86 22 1 0
21 86 23 1 0
22 86 24 1 0
20 86 25 1 0
33 86 26 1 0
25 86 27 1 0
7 86 28 1 0
24 86 29 1 0
52 86 30 1 0
54 86 31 1 0
5 86 32 1 0
44 86 33 3 0
44 85 34 3 0
44 84 35 1 0
66 84 36 1 0
67 84 37 1 0
49 84 38 1 0
27 84 39 1 0
32 84 40 1 0
4 21 41 0 1
4 25 35 0 1
66 84 35 1 0
67 84 36 1 0
49 84 37 1 0
27 84 38 1 0
32 84 39 1 0
4 21 40 0 1
4 25 34 0 1
66 9 34 1 0
67 9 35 1 0
49 9 36 1 0
50 9 37 1 0
51 9 38 1 0
34 9 39 1 0
4 20 40 0 1
4 31 17 0 1
11 66 15 1 0
36 66 16 2 0
35 65 17 2 0
37 58 18 1 0
65 58 19 1 0
63 58 20 1 0
46 58 21 1 0
29 58 22 1 0
4 14 23 0 1
71 96 18 1 0
69 96 19 3 0
70 95 20 1 0
32 95 21 1 0
4 21 22 0 1
4 11 20 0 1
72 8 20 1 0
26 8 21 1 0
9 8 22 1 0
21 8 23 1 0
22 8 24 1 0
20 8 25 1 0
33 8 26 1 0
25 8 27 1 0
7 8 28 1 0
24 8 29 1 0
52 8 30 1 0
54 8 31 1 0
5 8 32 1 0
44 8 33 3 0
44 7 34 1 0
66 7 35 1 0
67 7 36 1 0
49 7 37 1 0
50 7 38 1 0
51 7 39 3 0
4 24 40 0 1
26 86 40 1 0
9 86 41 1 0
21 86 42 1 0
22 86 43 1 0
20 86 44 1 0
33 86 45 1 0
25 86 46 1 0
7 86 47 1 0
24 86 48 1 0
52 86 49 1 0
54 86 50 1 0
5 86 51 1 0
44 86 52 3 0
44 85 53 3 0
44 84 54 1 0
66 84 55 1 0
67 84 56 1 0
49 84 57 1 0
27 84 58 1 0
32 84 59 1 0
4 21 60 0 1
4 25 54 0 1
66 84 54 1 0
67 84 55 1 0
49 84 56 1 0
27 84 57 1 0
32 84 58 1 0
4 21 59 0 1
4 25 53 0 1
66 9 53 1 0
67 9 54 1 0
49 9 55 1 0
50 9 56 1 0
51 9 57 1 0
34 9 58 1 0
4 20 59 0 1
4 30 40 0 1
4 25 34 0 1
66 70 34 1 0
67 70 35 1 0
49 70 36 1 0
27 70 37 1 0
32 70 38 1 0
4 21 39 0 1
4 31 17 0 1
11 17 15 1 0
36 17 16 2 0
35 16 17 2 0
37 15 18 1 0
65 15 19 1 0
64 15 20 1 0
62 15 21 1 0
59 15 22 1 0
4 21 23 0 1
71 56 18 1 0
69 56 19 3 0
70 54 20 1 0
32 54 21 1 0
4 21 22 0 1
4 11 20 0 1
72 75 20 1 0
26 75 21 1 0
9 75 22 1 0
21 75 23 1 0
22 75 24 1 0
20 75 25 1 0
33 75 26 1 0
25 75 27 1 0
7 75 28 1 0
24 75 29 1 0
52 75 30 1 0
54 75 31 1 0
5 75 32 1 0
44 75 33 1 0
66 75 34 1 0
67 75 35 1 0
49 75 36 1 0
50 75 37 1 0
51 75 38 1 0
68 75 39 5 0
4 26 40 0 1
18 15 40 1 0
32 15 41 1 0
4 21 42 0 1
4 24 40 0 1
8 1 40 1 0
26 1 41 1 0
9 1 42 1 0
21 1 43 1 0
22 1 44 1 0
20 1 45 1 0
33 1 46 1 0
25 1 47 1 0
7 1 48 1 0
24 1 49 1 0
52 1 50 1 0
54 1 51 1 0
5 1 52 1 0
44 1 53 1 0
66 1 54 1 0
67 1 55 1 0
49 1 56 1 0
50 1 57 1 0
51 1 58 1 0
34 1 59 1 0
4 38 60 0 1
4 30 40 0 1
4 31 17 0 1
11 19 15 1 0
36 19 16 2 0
35 18 17 2 0
37 15 18 1 0
65 15 19 1 0
64 15 20 1 0
62 15 21 1 0
59 15 22 1 0
4 21 23 0 1
71 99 18 1 0
69 99 19 3 0
70 97 20 1 0
32 97 21 1 0
4 21 22 0 1
4 11 20 0 1
72 74 20 1 0
26 74 21 1 0
9 74 22 1 0
21 74 23 1 0
22 74 24 1 0
20 74 25 1 0
33 74 26 1 0
25 74 27 1 0
7 74 28 1 0
24 74 29 1 0
52 74 30 1 0
54 74 31 1 0
5 74 32 1 0
44 74 33 1 0
66 74 34 1 0
67 74 35 1 0
49 74 36 1 0
50 74 37 1 0
51 74 38 1 0
68 74 39 5 0
4 26 40 0 1
18 15 40 1 0
32 15 41 1 0
4 21 42 0 1
4 24 40 0 1
8 0 40 1 0
26 0 41 1 0
9 0 42 1 0
21 0 43 1 0
22 0 44 1 0
20 0 45 1 0
33 0 46 1 0
25 0 47 1 0
7 0 48 1 0
24 0 49 1 0
52 0 50 1 0
54 0 51 1 0
5 0 52 1 0
44 0 53 1 0
66 0 54 1 0
67 0 55 1 0
49 0 56 1 0
50 0 57 1 0
51 0 58 1 0
34 0 59 1 0
4 38 60 0 1
4 30 40 0 1
4 31 17 0 1
11 47 15 1 0
3 47 16 1 0
55 47 17 1 0
57 47 18 1 0
28 47 19 2 0
56 46 20 1 0
42 46 21 6 0
60 43 22 1 0
48 43 23 3 0
32 41 24 1 0
4 21 25 0 1
4 13 24 0 1
48 78 24 1 0
32 78 25 1 0
4 21 26 0 1
4 13 22 0 1
32 80 22 1 0
4 21 23 0 1
4 24 22 0 1
8 4 22 1 0
26 4 23 1 0
9 4 24 1 0
21 4 25 1 0
22 4 26 1 0
20 4 27 1 0
33 4 28 1 0
25 4 29 1 0
7 4 30 1 0
24 4 31 1 0
52 4 32 1 0
54 4 33 1 0
5 4 34 3 0
5 3 35 1 0
44 3 36 1 0
66 3 37 1 0
67 3 38 1 0
49 3 39 1 0
50 3 40 1 0
51 3 41 1 0
34 3 42 1 0
4 38 43 0 1
4 10 35 0 1
44 55 35 1 0
66 55 36 1 0
67 55 37 1 0
49 55 38 1 0
50 55 39 1 0
51 55 40 6 0
60 54 41 1 0
48 54 42 1 0
32 54 43 1 0
4 21 44 0 1
4 13 41 0 1
32 67 41 1 0
4 21 42 0 1
4 24 41 0 1
8 52 41 1 0
26 52 42 1 0
9 52 43 1 0
21 52 44 1 0
22 52 45 1 0
20 52 46 1 0
33 52 47 1 0
25 52 48 1 0
7 52 49 1 0
24 52 50 1 0
52 52 51 1 0
54 52 52 1 0
5 52 53 1 0
44 52 54 1 0
66 52 55 1 0
67 52 56 1 0
49 52 57 1 0
27 52 58 1 0
32 52 59 1 0
4 21 60 0 1
4 30 41 0 1
4 30 22 0 1
4 31 20 0 1
11 49 15 1 0
3 49 16 1 0
55 49 17 1 0
57 49 18 1 0
28 49 19 2 0
56 48 20 1 0
42 48 21 6 0
60 43 22 1 0
48 43 23 3 0
32 41 24 1 0
4 21 25 0 1
4 13 24 0 1
48 78 24 1 0
32 78 25 1 0
4 21 26 0 1
4 13 22 0 1
32 80 22 1 0
4 21 23 0 1
4 24 22 0 1
8 6 22 1 0
26 6 23 1 0
9 6 24 1 0
21 6 25 1 0
22 6 26 1 0
20 6 27 1 0
33 6 28 1 0
25 6 29 1 0
7 6 30 1 0
24 6 31 1 0
52 6 32 1 0
54 6 33 1 0
5 6 34 3 0
5 5 35 1 0
44 5 36 1 0
66 5 37 1 0
67 5 38 1 0
49 5 39 1 0
50 5 40 1 0
51 5 41 1 0
34 5 42 1 0
4 38 43 0 1
4 10 35 0 1
44 98 35 1 0
66 98 36 1 0
67 98 37 1 0
49 98 38 1 0
50 98 39 1 0
51 98 40 6 0
60 97 41 1 0
48 97 42 1 0
32 97 43 1 0
4 21 44 0 1
4 13 41 0 1
32 67 41 1 0
4 21 42 0 1
4 24 41 0 1
8 95 41 1 0
26 95 42 1 0
9 95 43 1 0
21 95 44 1 0
22 95 45 1 0
20 95 46 1 0
33 95 47 1 0
25 95 48 1 0
7 95 49 1 0
24 95 50 1 0
52 95 51 1 0
54 95 52 1 0
5 95 53 1 0
44 95 54 1 0
66 95 55 1 0
67 95 56 1 0
49 95 57 1 0
27 95 58 1 0
32 95 59 1 0
4 21 60 0 1
4 30 41 0 1
4 30 22 0 1
4 31 20 0 1
4 28 14 0 1
4 28 8 0 1
