1 86 0 1 0
21 54 1 1 0
50 54 2 1 0
61 67 3 1 0
0 86 4 1 0
17 67 5 1 0
48 67 6 4 0
19 66 7 1 0
4 21 8 0 1
4 9 7 0 1
62 20 7 1 0
4 14 8 0 1
15 85 7 3 0
4 15 8 0 1
16 68 8 1 0
18 68 9 1 0
2 86 10 1 0
42 68 11 4 0
46 66 12 1 0
4 21 13 0 1
46 78 12 1 0
4 26 13 0 1
44 80 12 2 0
56 79 13 1 0
4 43 14 0 1
43 60 13 4 0
34 59 14 1 0
4 14 15 0 1
4 17 14 0 1
33 33 14 1 0
32 33 15 2 0
68 32 16 1 0
67 32 17 1 0
64 32 18 2 0
65 30 19 1 0
62 30 20 1 0
4 14 21 0 1
25 44 19 2 0
4 16 20 0 1
4 23 20 0 1
73 49 16 1 0
34 49 17 1 0
4 14 18 0 1
4 24 14 0 1
41 84 12 1 0
12 84 13 3 0
4 15 14 0 1
14 53 14 9 0
13 52 15 1 0
39 52 16 2 0
38 51 17 2 0
40 50 18 1 0
68 50 19 1 0
66 50 20 1 0
49 50 21 1 0
31 50 22 1 0
4 12 23 0 1
74 72 18 7 0
72 69 19 1 0
73 69 20 1 0
34 69 21 1 0
4 14 22 0 1
4 10 19 0 1
72 56 19 1 0
73 56 20 1 0
34 56 21 1 0
4 14 22 0 1
4 10 19 0 1
72 45 19 1 0
73 45 20 1 0
34 45 21 1 0
4 14 22 0 1
4 10 19 0 1
72 81 19 1 0
73 81 20 1 0
34 81 21 1 0
4 14 22 0 1
4 25 17 0 1
13 29 15 1 0
39 29 16 2 0
38 28 17 2 0
40 27 18 1 0
68 27 19 1 0
67 27 20 1 0
65 27 21 1 0
62 27 22 1 0
4 14 23 0 1
74 77 18 1 0
72 77 19 3 0
73 75 20 1 0
34 75 21 1 0
4 14 22 0 1
4 8 20 0 1
75 61 20 1 0
28 61 21 1 0
10 61 22 1 0
23 61 23 1 0
24 61 24 1 0
22 61 25 1 0
35 61 26 1 0
27 61 27 1 0
7 61 28 1 0
26 61 29 1 0
55 61 30 1 0
57 61 31 1 0
5 61 32 1 0
47 61 33 1 0
69 61 34 1 0
70 61 35 1 0
52 61 36 1 0
53 61 37 1 0
54 61 38 1 0
71 61 39 5 0
4 19 40 0 1
20 27 40 1 0
34 27 41 1 0
4 14 42 0 1
4 17 40 0 1
8 35 40 1 0
28 35 41 1 0
10 35 42 1 0
23 35 43 1 0
24 35 44 1 0
22 35 45 1 0
35 35 46 1 0
27 35 47 1 0
7 35 48 1 0
26 35 49 1 0
55 35 50 1 0
57 35 51 1 0
5 35 52 1 0
47 35 53 1 0
69 35 54 1 0
70 35 55 1 0
52 35 56 1 0
29 35 57 3 0
6 34 58 1 0
34 34 59 1 0
4 14 60 0 1
4 11 58 0 1
34 55 58 1 0
4 14 59 0 1
4 24 40 0 1
4 25 17 0 1
13 38 15 1 0
3 38 16 1 0
58 38 17 1 0
60 38 18 1 0
30 38 19 2 0
59 37 20 1 0
45 37 21 6 0
63 36 22 1 0
51 36 23 3 0
34 34 24 1 0
4 14 25 0 1
4 11 24 0 1
51 63 24 1 0
34 63 25 1 0
4 14 26 0 1
4 11 22 0 1
34 64 22 1 0
4 14 23 0 1
4 17 22 0 1
8 0 22 1 0
28 0 23 1 0
10 0 24 1 0
23 0 25 1 0
24 0 26 1 0
22 0 27 1 0
35 0 28 1 0
27 0 29 1 0
7 0 30 1 0
26 0 31 1 0
55 0 32 1 0
57 0 33 1 0
5 0 34 1 0
47 0 35 1 0
69 0 36 1 0
70 0 37 1 0
52 0 38 1 0
53 0 39 1 0
54 0 40 1 0
37 0 41 1 0
4 31 42 0 1
4 24 22 0 1
4 25 20 0 1
13 74 15 1 0
3 74 16 1 0
58 74 17 1 0
60 74 18 1 0
30 74 19 2 0
59 73 20 1 0
9 73 21 3 0
36 69 22 1 0
29 69 23 1 0
34 69 24 1 0
4 14 25 0 1
11 6 22 1 0
4 8 23 0 1
28 76 22 1 0
10 76 23 1 0
23 76 24 1 0
24 76 25 1 0
22 76 26 1 0
35 76 27 1 0
27 76 28 1 0
7 76 29 1 0
26 76 30 1 0
55 76 31 1 0
57 76 32 1 0
5 76 33 1 0
47 76 34 1 0
69 76 35 1 0
70 76 36 1 0
52 76 37 1 0
53 76 38 1 0
54 76 39 5 0
63 75 40 1 0
51 75 41 1 0
34 75 42 1 0
4 14 43 0 1
4 11 40 0 1
34 62 40 1 0
4 14 41 0 1
4 17 40 0 1
4 24 40 0 1
4 25 20 0 1
13 58 15 1 0
3 58 16 1 0
58 58 17 1 0
60 58 18 1 0
30 58 19 2 0
59 57 20 1 0
9 57 21 3 0
36 56 22 1 0
29 56 23 1 0
34 56 24 1 0
4 14 25 0 1
11 6 22 1 0
4 8 23 0 1
28 76 22 1 0
10 76 23 1 0
23 76 24 1 0
24 76 25 1 0
22 76 26 1 0
35 76 27 1 0
27 76 28 1 0
7 76 29 1 0
26 76 30 1 0
55 76 31 1 0
57 76 32 1 0
5 76 33 1 0
47 76 34 1 0
69 76 35 1 0
70 76 36 1 0
52 76 37 1 0
53 76 38 1 0
54 76 39 5 0
63 75 40 1 0
51 75 41 1 0
34 75 42 1 0
4 14 43 0 1
4 11 40 0 1
34 62 40 1 0
4 14 41 0 1
4 17 40 0 1
4 24 40 0 1
4 25 20 0 1
13 48 15 1 0
3 48 16 1 0
58 48 17 1 0
60 48 18 1 0
30 48 19 2 0
59 47 20 1 0
9 47 21 3 0
36 45 22 1 0
29 45 23 1 0
34 45 24 1 0
4 14 25 0 1
11 6 22 1 0
4 8 23 0 1
28 71 22 1 0
10 71 23 1 0
23 71 24 1 0
24 71 25 1 0
22 71 26 1 0
35 71 27 1 0
27 71 28 1 0
7 71 29 1 0
26 71 30 1 0
55 71 31 1 0
57 71 32 1 0
5 71 33 1 0
47 71 34 3 0
47 70 35 3 0
47 69 36 1 0
69 69 37 1 0
70 69 38 1 0
52 69 39 1 0
29 69 40 1 0
34 69 41 1 0
4 14 42 0 1
4 18 36 0 1
69 69 36 1 0
70 69 37 1 0
52 69 38 1 0
29 69 39 1 0
34 69 40 1 0
4 14 41 0 1
4 18 35 0 1
69 5 35 1 0
70 5 36 1 0
52 5 37 1 0
53 5 38 1 0
54 5 39 1 0
37 5 40 1 0
4 13 41 0 1
4 25 20 0 1
13 83 15 1 0
3 83 16 1 0
58 83 17 1 0
60 83 18 1 0
30 83 19 2 0
59 82 20 1 0
9 82 21 3 0
36 81 22 1 0
29 81 23 1 0
34 81 24 1 0
4 14 25 0 1
11 6 22 1 0
4 8 23 0 1
28 46 22 1 0
10 46 23 1 0
23 46 24 1 0
24 46 25 1 0
22 46 26 1 0
35 46 27 1 0
27 46 28 1 0
7 46 29 1 0
26 46 30 1 0
55 46 31 1 0
57 46 32 1 0
5 46 33 1 0
47 46 34 3 0
47 45 35 1 0
69 45 36 1 0
70 45 37 1 0
52 45 38 1 0
29 45 39 1 0
34 45 40 1 0
4 14 41 0 1
4 18 35 0 1
69 56 35 1 0
70 56 36 1 0
52 56 37 1 0
29 56 38 1 0
34 56 39 1 0
4 14 40 0 1
4 25 20 0 1
13 40 15 1 0
3 40 16 1 0
58 40 17 1 0
60 40 18 1 0
30 40 19 2 0
59 39 20 1 0
45 39 21 6 0
63 36 22 1 0
51 36 23 3 0
34 34 24 1 0
4 14 25 0 1
4 11 24 0 1
51 63 24 1 0
34 63 25 1 0
4 14 26 0 1
4 11 22 0 1
34 65 22 1 0
4 14 23 0 1
4 17 22 0 1
8 2 22 1 0
28 2 23 1 0
10 2 24 1 0
23 2 25 1 0
24 2 26 1 0
22 2 27 1 0
35 2 28 1 0
27 2 29 1 0
7 2 30 1 0
26 2 31 1 0
55 2 32 1 0
57 2 33 1 0
5 2 34 3 0
5 1 35 1 0
47 1 36 1 0
69 1 37 1 0
70 1 38 1 0
52 1 39 1 0
53 1 40 1 0
54 1 41 1 0
37 1 42 1 0
4 31 43 0 1
4 7 35 0 1
47 45 35 1 0
69 45 36 1 0
70 45 37 1 0
52 45 38 1 0
29 45 39 1 0
34 45 40 1 0
4 14 41 0 1
4 24 22 0 1
4 25 20 0 1
13 42 15 1 0
3 42 16 1 0
58 42 17 1 0
60 42 18 1 0
30 42 19 2 0
59 41 20 1 0
45 41 21 6 0
63 36 22 1 0
51 36 23 3 0
34 34 24 1 0
4 14 25 0 1
4 11 24 0 1
51 63 24 1 0
34 63 25 1 0
4 14 26 0 1
4 11 22 0 1
34 65 22 1 0
4 14 23 0 1
4 17 22 0 1
8 4 22 1 0
28 4 23 1 0
10 4 24 1 0
23 4 25 1 0
24 4 26 1 0
22 4 27 1 0
35 4 28 1 0
27 4 29 1 0
7 4 30 1 0
26 4 31 1 0
55 4 32 1 0
57 4 33 1 0
5 4 34 3 0
5 3 35 1 0
47 3 36 1 0
69 3 37 1 0
70 3 38 1 0
52 3 39 1 0
53 3 40 1 0
54 3 41 1 0
37 3 42 1 0
4 31 43 0 1
4 7 35 0 1
47 81 35 1 0
69 81 36 1 0
70 81 37 1 0
52 81 38 1 0
29 81 39 1 0
34 81 40 1 0
4 14 41 0 1
4 24 22 0 1
4 25 20 0 1
4 22 14 0 1
4 22 8 0 1
