1 0 1 0
19 1 1 0
48 2 1 0
59 3 1 0
0 4 1 0
15 5 1 0
46 6 4 0
17 7 1 0
4 8 0 1
4 7 0 1
60 7 1 0
4 8 0 1
13 7 3 0
4 8 0 1
14 8 1 0
16 9 1 0
2 10 1 0
40 11 4 0
44 12 1 0
4 13 0 1
44 12 1 0
4 13 0 1
42 12 2 0
54 13 1 0
4 14 0 1
41 13 4 0
32 14 1 0
4 15 0 1
4 14 0 1
31 14 1 0
30 15 2 0
66 16 1 0
65 17 1 0
62 18 2 0
63 19 1 0
60 20 1 0
4 21 0 1
23 19 2 0
4 20 0 1
4 20 0 1
71 16 1 0
32 17 1 0
4 18 0 1
4 14 0 1
39 12 1 0
10 13 3 0
4 14 0 1
12 14 8 0
11 15 1 0
3 16 1 0
56 17 1 0
58 18 1 0
28 19 2 0
57 20 1 0
43 21 6 0
61 22 1 0
49 23 3 0
32 24 1 0
4 25 0 1
4 24 0 1
49 24 1 0
32 25 1 0
4 26 0 1
4 22 0 1
32 22 1 0
4 23 0 1
4 22 0 1
8 22 1 0
26 23 1 0
9 24 1 0
21 25 1 0
22 26 1 0
20 27 1 0
33 28 1 0
25 29 1 0
7 30 1 0
24 31 1 0
53 32 1 0
55 33 1 0
5 34 1 0
45 35 1 0
67 36 1 0
68 37 1 0
50 38 1 0
51 39 1 0
52 40 1 0
35 41 1 0
4 42 0 1
4 22 0 1
4 20 0 1
11 15 1 0
37 16 2 0
36 17 2 0
38 18 1 0
66 19 1 0
65 20 1 0
63 21 1 0
60 22 1 0
4 23 0 1
72 18 1 0
70 19 3 0
71 20 1 0
32 21 1 0
4 22 0 1
4 20 0 1
73 20 1 0
26 21 1 0
9 22 1 0
21 23 1 0
22 24 1 0
20 25 1 0
33 26 1 0
25 27 1 0
7 28 1 0
24 29 1 0
53 30 1 0
55 31 1 0
5 32 1 0
45 33 1 0
67 34 1 0
68 35 1 0
50 36 1 0
51 37 1 0
52 38 1 0
69 39 5 0
4 40 0 1
18 40 1 0
32 41 1 0
4 42 0 1
4 40 0 1
8 40 1 0
26 41 1 0
9 42 1 0
21 43 1 0
22 44 1 0
20 45 1 0
33 46 1 0
25 47 1 0
7 48 1 0
24 49 1 0
53 50 1 0
55 51 1 0
5 52 1 0
45 53 1 0
67 54 1 0
68 55 1 0
50 56 1 0
27 57 3 0
6 58 1 0
32 59 1 0
4 60 0 1
4 58 0 1
32 58 1 0
4 59 0 1
4 40 0 1
4 17 0 1
11 15 1 0
37 16 2 0
36 17 2 0
38 18 1 0
66 19 1 0
64 20 1 0
47 21 1 0
29 22 1 0
4 23 0 1
72 18 1 0
70 19 3 0
71 20 1 0
32 21 1 0
4 22 0 1
4 20 0 1
73 20 1 0
26 21 1 0
9 22 1 0
21 23 1 0
22 24 1 0
20 25 1 0
33 26 1 0
25 27 1 0
7 28 1 0
24 29 1 0
53 30 1 0
55 31 1 0
5 32 1 0
45 33 1 0
67 34 1 0
68 35 1 0
50 36 1 0
51 37 1 0
52 38 5 0
61 39 1 0
49 40 1 0
32 41 1 0
4 42 0 1
4 39 0 1
32 39 1 0
4 40 0 1
4 39 0 1
4 39 0 1
4 17 0 1
11 15 1 0
37 16 2 0
36 17 2 0
38 18 1 0
66 19 1 0
64 20 1 0
47 21 1 0
34 22 1 0
4 23 0 1
72 18 1 0
70 19 3 0
71 20 1 0
32 21 1 0
4 22 0 1
4 20 0 1
73 20 1 0
26 21 1 0
9 22 1 0
21 23 1 0
22 24 1 0
20 25 1 0
33 26 1 0
25 27 1 0
7 28 1 0
24 29 1 0
53 30 1 0
55 31 1 0
5 32 1 0
45 33 1 0
67 34 1 0
68 35 1 0
50 36 1 0
51 37 1 0
52 38 5 0
61 39 1 0
49 40 1 0
32 41 1 0
4 42 0 1
4 39 0 1
32 39 1 0
4 40 0 1
4 39 0 1
4 39 0 1
4 17 0 1
11 15 1 0
37 16 2 0
36 17 2 0
38 18 1 0
66 19 1 0
64 20 1 0
47 21 1 0
29 22 1 0
4 23 0 1
72 18 1 0
70 19 3 0
71 20 1 0
32 21 1 0
4 22 0 1
4 20 0 1
73 20 1 0
26 21 1 0
9 22 1 0
21 23 1 0
22 24 1 0
20 25 1 0
33 26 1 0
25 27 1 0
7 28 1 0
24 29 1 0
53 30 1 0
55 31 1 0
5 32 1 0
45 33 3 0
45 34 3 0
45 35 1 0
67 36 1 0
68 37 1 0
50 38 1 0
27 39 1 0
32 40 1 0
4 41 0 1
4 35 0 1
67 35 1 0
68 36 1 0
50 37 1 0
27 38 1 0
32 39 1 0
4 40 0 1
4 34 0 1
67 34 1 0
68 35 1 0
50 36 1 0
51 37 1 0
52 38 1 0
35 39 1 0
4 40 0 1
4 17 0 1
11 15 1 0
37 16 2 0
36 17 2 0
38 18 1 0
66 19 1 0
64 20 1 0
47 21 1 0
29 22 1 0
4 23 0 1
72 18 1 0
70 19 3 0
71 20 1 0
32 21 1 0
4 22 0 1
4 20 0 1
73 20 1 0
26 21 1 0
9 22 1 0
21 23 1 0
22 24 1 0
20 25 1 0
33 26 1 0
25 27 1 0
7 28 1 0
24 29 1 0
53 30 1 0
55 31 1 0
5 32 1 0
45 33 3 0
45 34 1 0
67 35 1 0
68 36 1 0
50 37 1 0
27 38 1 0
32 39 1 0
4 40 0 1
4 34 0 1
67 34 1 0
68 35 1 0
50 36 1 0
27 37 1 0
32 38 1 0
4 39 0 1
4 17 0 1
11 15 1 0
3 16 1 0
56 17 1 0
58 18 1 0
28 19 2 0
57 20 1 0
43 21 6 0
61 22 1 0
49 23 3 0
32 24 1 0
4 25 0 1
4 24 0 1
49 24 1 0
32 25 1 0
4 26 0 1
4 22 0 1
32 22 1 0
4 23 0 1
4 22 0 1
8 22 1 0
26 23 1 0
9 24 1 0
21 25 1 0
22 26 1 0
20 27 1 0
33 28 1 0
25 29 1 0
7 30 1 0
24 31 1 0
53 32 1 0
55 33 1 0
5 34 3 0
5 35 1 0
45 36 1 0
67 37 1 0
68 38 1 0
50 39 1 0
51 40 1 0
52 41 1 0
35 42 1 0
4 43 0 1
4 35 0 1
45 35 1 0
67 36 1 0
68 37 1 0
50 38 1 0
27 39 1 0
32 40 1 0
4 41 0 1
4 22 0 1
4 20 0 1
11 15 1 0
3 16 1 0
56 17 1 0
58 18 1 0
28 19 2 0
57 20 1 0
43 21 6 0
61 22 1 0
49 23 3 0
32 24 1 0
4 25 0 1
4 24 0 1
49 24 1 0
32 25 1 0
4 26 0 1
4 22 0 1
32 22 1 0
4 23 0 1
4 22 0 1
8 22 1 0
26 23 1 0
9 24 1 0
21 25 1 0
22 26 1 0
20 27 1 0
33 28 1 0
25 29 1 0
7 30 1 0
24 31 1 0
53 32 1 0
55 33 1 0
5 34 3 0
5 35 1 0
45 36 1 0
67 37 1 0
68 38 1 0
50 39 1 0
51 40 1 0
52 41 1 0
35 42 1 0
4 43 0 1
4 35 0 1
45 35 1 0
67 36 1 0
68 37 1 0
50 38 1 0
27 39 1 0
32 40 1 0
4 41 0 1
4 22 0 1
4 20 0 1
4 14 0 1
4 8 0 1
