1 86 0 1 0
19 59 1 1 0
47 59 2 1 0
58 71 3 1 0
0 86 4 1 0
15 71 5 1 0
45 71 6 4 0
17 70 7 1 0
4 21 8 0 1
4 10 7 0 1
59 20 7 1 0
4 14 8 0 1
13 85 7 3 0
4 15 8 0 1
14 72 8 1 0
16 72 9 1 0
2 86 10 1 0
39 72 11 4 0
43 70 12 1 0
4 21 13 0 1
43 79 12 1 0
4 26 13 0 1
41 81 12 2 0
53 80 13 1 0
4 44 14 0 1
40 64 13 4 0
32 63 14 1 0
4 14 15 0 1
4 17 14 0 1
31 34 14 1 0
30 34 15 2 0
65 33 16 1 0
64 33 17 1 0
61 33 18 2 0
62 31 19 1 0
59 31 20 1 0
4 14 21 0 1
23 45 19 2 0
4 16 20 0 1
4 23 20 0 1
70 49 16 1 0
32 49 17 1 0
4 14 18 0 1
4 24 14 0 1
38 84 12 1 0
10 84 13 3 0
4 15 14 0 1
12 30 14 8 0
11 29 15 1 0
36 29 16 2 0
35 28 17 2 0
37 27 18 1 0
65 27 19 1 0
64 27 20 1 0
62 27 21 1 0
59 27 22 1 0
4 14 23 0 1
71 78 18 1 0
69 78 19 3 0
70 76 20 1 0
32 76 21 1 0
4 14 22 0 1
4 9 20 0 1
72 65 20 1 0
26 65 21 1 0
9 65 22 1 0
21 65 23 1 0
22 65 24 1 0
20 65 25 1 0
33 65 26 1 0
25 65 27 1 0
7 65 28 1 0
24 65 29 1 0
52 65 30 1 0
54 65 31 1 0
5 65 32 1 0
44 65 33 1 0
66 65 34 1 0
67 65 35 1 0
49 65 36 1 0
50 65 37 1 0
51 65 38 1 0
68 65 39 5 0
4 19 40 0 1
18 27 40 1 0
32 27 41 1 0
4 14 42 0 1
4 17 40 0 1
8 36 40 1 0
26 36 41 1 0
9 36 42 1 0
21 36 43 1 0
22 36 44 1 0
20 36 45 1 0
33 36 46 1 0
25 36 47 1 0
7 36 48 1 0
24 36 49 1 0
52 36 50 1 0
54 36 51 1 0
5 36 52 1 0
44 36 53 1 0
66 36 54 1 0
67 36 55 1 0
49 36 56 1 0
27 36 57 3 0
6 35 58 1 0
32 35 59 1 0
4 14 60 0 1
4 11 58 0 1
32 60 58 1 0
4 14 59 0 1
4 24 40 0 1
4 25 17 0 1
11 39 15 1 0
3 39 16 1 0
55 39 17 1 0
57 39 18 1 0
28 39 19 2 0
56 38 20 1 0
42 38 21 6 0
60 37 22 1 0
48 37 23 3 0
32 35 24 1 0
4 14 25 0 1
4 11 24 0 1
48 67 24 1 0
32 67 25 1 0
4 14 26 0 1
4 11 22 0 1
32 68 22 1 0
4 14 23 0 1
4 17 22 0 1
8 0 22 1 0
26 0 23 1 0
9 0 24 1 0
21 0 25 1 0
22 0 26 1 0
20 0 27 1 0
33 0 28 1 0
25 0 29 1 0
7 0 30 1 0
24 0 31 1 0
52 0 32 1 0
54 0 33 1 0
5 0 34 1 0
44 0 35 1 0
66 0 36 1 0
67 0 37 1 0
49 0 38 1 0
50 0 39 1 0
51 0 40 1 0
34 0 41 1 0
4 32 42 0 1
4 24 22 0 1
4 25 20 0 1
11 56 15 1 0
36 56 16 2 0
35 55 17 2 0
37 50 18 1 0
65 50 19 1 0
63 50 20 1 0
46 50 21 1 0
29 50 22 1 0
4 12 23 0 1
71 75 18 1 0
69 75 19 3 0
70 73 20 1 0
32 73 21 1 0
4 14 22 0 1
4 9 20 0 1
72 77 20 1 0
26 77 21 1 0
9 77 22 1 0
21 77 23 1 0
22 77 24 1 0
20 77 25 1 0
33 77 26 1 0
25 77 27 1 0
7 77 28 1 0
24 77 29 1 0
52 77 30 1 0
54 77 31 1 0
5 77 32 1 0
44 77 33 1 0
66 77 34 1 0
67 77 35 1 0
49 77 36 1 0
50 77 37 1 0
51 77 38 5 0
60 76 39 1 0
48 76 40 1 0
32 76 41 1 0
4 14 42 0 1
4 11 39 0 1
32 66 39 1 0
4 14 40 0 1
4 17 39 0 1
4 24 39 0 1
4 25 17 0 1
11 54 15 1 0
36 54 16 2 0
35 53 17 2 0
37 50 18 1 0
65 50 19 1 0
63 50 20 1 0
46 50 21 1 0
29 50 22 1 0
4 12 23 0 1
71 62 18 1 0
69 62 19 3 0
70 61 20 1 0
32 61 21 1 0
4 14 22 0 1
4 9 20 0 1
72 77 20 1 0
26 77 21 1 0
9 77 22 1 0
21 77 23 1 0
22 77 24 1 0
20 77 25 1 0
33 77 26 1 0
25 77 27 1 0
7 77 28 1 0
24 77 29 1 0
52 77 30 1 0
54 77 31 1 0
5 77 32 1 0
44 77 33 1 0
66 77 34 1 0
67 77 35 1 0
49 77 36 1 0
50 77 37 1 0
51 77 38 5 0
60 76 39 1 0
48 76 40 1 0
32 76 41 1 0
4 14 42 0 1
4 11 39 0 1
32 66 39 1 0
4 14 40 0 1
4 17 39 0 1
4 24 39 0 1
4 25 17 0 1
11 52 15 1 0
36 52 16 2 0
35 51 17 2 0
37 50 18 1 0
65 50 19 1 0
63 50 20 1 0
46 50 21 1 0
29 50 22 1 0
4 12 23 0 1
71 48 18 1 0
69 48 19 3 0
70 46 20 1 0
32 46 21 1 0
4 14 22 0 1
4 9 20 0 1
72 6 20 1 0
26 6 21 1 0
9 6 22 1 0
21 6 23 1 0
22 6 24 1 0
20 6 25 1 0
33 6 26 1 0
25 6 27 1 0
7 6 28 1 0
24 6 29 1 0
52 6 30 1 0
54 6 31 1 0
5 6 32 1 0
44 6 33 3 0
44 5 34 1 0
66 5 35 1 0
67 5 36 1 0
49 5 37 1 0
50 5 38 1 0
51 5 39 3 0
4 17 40 0 1
26 74 40 1 0
9 74 41 1 0
21 74 42 1 0
22 74 43 1 0
20 74 44 1 0
33 74 45 1 0
25 74 46 1 0
7 74 47 1 0
24 74 48 1 0
52 74 49 1 0
54 74 50 1 0
5 74 51 1 0
44 74 52 3 0
44 73 53 1 0
66 73 54 1 0
67 73 55 1 0
49 73 56 1 0
27 73 57 1 0
32 73 58 1 0
4 14 59 0 1
4 18 53 0 1
66 73 53 1 0
67 73 54 1 0
49 73 55 1 0
27 73 56 1 0
32 73 57 1 0
4 14 58 0 1
4 24 40 0 1
4 18 34 0 1
66 7 34 1 0
67 7 35 1 0
49 7 36 1 0
50 7 37 1 0
51 7 38 1 0
34 7 39 1 0
4 13 40 0 1
4 25 17 0 1
11 58 15 1 0
36 58 16 2 0
35 57 17 2 0
37 50 18 1 0
65 50 19 1 0
63 50 20 1 0
46 50 21 1 0
29 50 22 1 0
4 12 23 0 1
71 83 18 1 0
69 83 19 3 0
70 82 20 1 0
32 82 21 1 0
4 14 22 0 1
4 9 20 0 1
72 47 20 1 0
26 47 21 1 0
9 47 22 1 0
21 47 23 1 0
22 47 24 1 0
20 47 25 1 0
33 47 26 1 0
25 47 27 1 0
7 47 28 1 0
24 47 29 1 0
52 47 30 1 0
54 47 31 1 0
5 47 32 1 0
44 47 33 3 0
44 46 34 1 0
66 46 35 1 0
67 46 36 1 0
49 46 37 1 0
27 46 38 1 0
32 46 39 1 0
4 14 40 0 1
4 18 34 0 1
66 61 34 1 0
67 61 35 1 0
49 61 36 1 0
27 61 37 1 0
32 61 38 1 0
4 14 39 0 1
4 25 17 0 1
11 41 15 1 0
3 41 16 1 0
55 41 17 1 0
57 41 18 1 0
28 41 19 2 0
56 40 20 1 0
42 40 21 6 0
60 37 22 1 0
48 37 23 3 0
32 35 24 1 0
4 14 25 0 1
4 11 24 0 1
48 67 24 1 0
32 67 25 1 0
4 14 26 0 1
4 11 22 0 1
32 69 22 1 0
4 14 23 0 1
4 17 22 0 1
8 2 22 1 0
26 2 23 1 0
9 2 24 1 0
21 2 25 1 0
22 2 26 1 0
20 2 27 1 0
33 2 28 1 0
25 2 29 1 0
7 2 30 1 0
24 2 31 1 0
52 2 32 1 0
54 2 33 1 0
5 2 34 3 0
5 1 35 1 0
44 1 36 1 0
66 1 37 1 0
67 1 38 1 0
49 1 39 1 0
50 1 40 1 0
51 1 41 1 0
34 1 42 1 0
4 32 43 0 1
4 8 35 0 1
44 46 35 1 0
66 46 36 1 0
67 46 37 1 0
49 46 38 1 0
27 46 39 1 0
32 46 40 1 0
4 14 41 0 1
4 24 22 0 1
4 25 20 0 1
11 43 15 1 0
3 43 16 1 0
55 43 17 1 0
57 43 18 1 0
28 43 19 2 0
56 42 20 1 0
42 42 21 6 0
60 37 22 1 0
48 37 23 3 0
32 35 24 1 0
4 14 25 0 1
4 11 24 0 1
48 67 24 1 0
32 67 25 1 0
4 14 26 0 1
4 11 22 0 1
32 69 22 1 0
4 14 23 0 1
4 17 22 0 1
8 4 22 1 0
26 4 23 1 0
9 4 24 1 0
21 4 25 1 0
22 4 26 1 0
20 4 27 1 0
33 4 28 1 0
25 4 29 1 0
7 4 30 1 0
24 4 31 1 0
52 4 32 1 0
54 4 33 1 0
5 4 34 3 0
5 3 35 1 0
44 3 36 1 0
66 3 37 1 0
67 3 38 1 0
49 3 39 1 0
50 3 40 1 0
51 3 41 1 0
34 3 42 1 0
4 32 43 0 1
4 8 35 0 1
44 82 35 1 0
66 82 36 1 0
67 82 37 1 0
49 82 38 1 0
27 82 39 1 0
32 82 40 1 0
4 14 41 0 1
4 24 22 0 1
4 25 20 0 1
4 22 14 0 1
4 22 8 0 1
