1 130 0 1 0
22 76 1 1 0
56 76 2 1 0
70 111 3 1 0
0 130 4 1 0
18 111 5 1 0
54 111 6 4 0
20 110 7 1 0
4 30 8 0 1
4 13 7 0 1
71 23 7 1 0
4 21 8 0 1
16 127 7 5 0
4 24 8 0 1
17 112 8 1 0
19 112 9 1 0
2 130 10 1 0
47 112 11 4 0
51 110 12 1 0
4 30 13 0 1
51 117 12 1 0
4 36 13 0 1
49 58 12 2 0
63 57 13 1 0
77 57 14 1 0
75 57 15 1 0
55 57 16 1 0
32 57 17 1 0
4 16 18 0 1
48 70 13 4 0
38 69 14 1 0
4 21 15 0 1
4 26 14 0 1
37 59 14 1 0
36 59 15 2 0
77 57 16 1 0
75 57 17 1 0
55 57 18 1 0
32 57 19 1 0
4 16 20 0 1
83 83 16 1 0
38 83 17 1 0
4 21 18 0 1
4 34 14 0 1
46 128 12 1 0
13 128 13 3 0
4 24 14 0 1
15 115 14 1 0
14 115 15 1 0
3 115 16 1 0
66 115 17 1 0
69 115 18 1 0
64 115 19 3 0
4 33 20 0 1
29 85 20 1 0
10 85 21 1 0
24 85 22 1 0
25 85 23 1 0
23 85 24 1 0
39 85 25 1 0
28 85 26 1 0
7 85 27 1 0
27 85 28 1 0
62 85 29 1 0
65 85 30 1 0
5 85 31 1 0
53 85 32 3 0
53 84 33 3 0
53 83 34 1 0
78 83 35 1 0
79 83 36 1 0
59 83 37 1 0
30 83 38 1 0
38 83 39 1 0
4 21 40 0 1
4 28 34 0 1
78 83 34 1 0
79 83 35 1 0
59 83 36 1 0
30 83 37 1 0
38 83 38 1 0
4 21 39 0 1
4 28 33 0 1
78 9 33 1 0
79 9 34 1 0
59 9 35 1 0
60 9 36 1 0
61 9 37 1 0
42 9 38 1 0
4 18 39 0 1
4 35 20 0 1
4 31 14 0 1
17 113 8 1 0
19 113 9 1 0
2 130 10 1 0
47 113 11 4 0
51 110 12 1 0
4 30 13 0 1
51 117 12 1 0
4 36 13 0 1
49 67 12 2 0
63 57 13 1 0
77 57 14 1 0
75 57 15 1 0
55 57 16 1 0
32 57 17 1 0
4 16 18 0 1
48 119 13 4 0
38 118 14 1 0
4 21 15 0 1
4 26 14 0 1
37 63 14 3 0
36 62 15 2 0
77 57 16 1 0
75 57 17 1 0
55 57 18 1 0
32 57 19 1 0
4 16 20 0 1
83 92 16 1 0
38 92 17 1 0
4 21 18 0 1
4 14 15 0 1
36 66 15 2 0
77 57 16 1 0
75 57 17 1 0
55 57 18 1 0
32 57 19 1 0
4 16 20 0 1
83 103 16 1 0
38 103 17 1 0
4 21 18 0 1
4 34 14 0 1
46 129 12 1 0
13 129 13 3 0
4 24 14 0 1
15 116 14 1 0
14 116 15 1 0
3 116 16 1 0
66 116 17 1 0
69 116 18 1 0
64 116 19 3 0
4 33 20 0 1
29 93 20 1 0
10 93 21 1 0
24 93 22 1 0
25 93 23 1 0
23 93 24 1 0
39 93 25 1 0
28 93 26 1 0
7 93 27 1 0
27 93 28 1 0
62 93 29 1 0
65 93 30 1 0
5 93 31 1 0
53 93 32 3 0
53 92 33 1 0
78 92 34 1 0
79 92 35 1 0
59 92 36 1 0
30 92 37 1 0
38 92 38 1 0
4 21 39 0 1
4 28 33 0 1
78 103 33 1 0
79 103 34 1 0
59 103 35 1 0
30 103 36 1 0
38 103 37 1 0
4 21 38 0 1
4 35 20 0 1
4 31 14 0 1
17 114 8 1 0
19 114 9 1 0
2 130 10 1 0
47 114 11 4 0
51 110 12 1 0
4 30 13 0 1
51 117 12 1 0
4 36 13 0 1
49 124 12 2 0
63 123 13 1 0
4 54 14 0 1
48 99 13 4 0
38 98 14 1 0
4 21 15 0 1
4 26 14 0 1
37 44 14 1 0
36 44 15 2 0
77 43 16 1 0
76 43 17 1 0
73 43 18 2 0
74 41 19 1 0
71 41 20 1 0
4 21 21 0 1
26 55 19 2 0
4 25 20 0 1
4 32 20 0 1
83 56 16 1 0
38 56 17 1 0
4 21 18 0 1
4 34 14 0 1
46 125 12 1 0
13 125 13 3 0
4 24 14 0 1
15 40 14 11 0
14 39 15 1 0
44 39 16 2 0
43 38 17 2 0
45 37 18 1 0
77 37 19 1 0
76 37 20 1 0
74 37 21 1 0
71 37 22 1 0
4 21 23 0 1
84 80 18 1 0
82 80 19 3 0
83 78 20 1 0
38 78 21 1 0
4 21 22 0 1
4 12 20 0 1
85 100 20 1 0
29 100 21 1 0
10 100 22 1 0
24 100 23 1 0
25 100 24 1 0
23 100 25 1 0
39 100 26 1 0
28 100 27 1 0
7 100 28 1 0
27 100 29 1 0
62 100 30 1 0
65 100 31 1 0
5 100 32 1 0
53 100 33 1 0
78 100 34 1 0
79 100 35 1 0
59 100 36 1 0
60 100 37 1 0
61 100 38 1 0
80 100 39 5 0
4 29 40 0 1
21 37 40 1 0
38 37 41 1 0
4 21 42 0 1
4 26 40 0 1
8 46 40 1 0
29 46 41 1 0
10 46 42 1 0
24 46 43 1 0
25 46 44 1 0
23 46 45 1 0
39 46 46 1 0
28 46 47 1 0
7 46 48 1 0
27 46 49 1 0
62 46 50 1 0
65 46 51 1 0
5 46 52 1 0
53 46 53 1 0
78 46 54 1 0
79 46 55 1 0
59 46 56 1 0
30 46 57 3 0
6 45 58 1 0
38 45 59 1 0
4 21 60 0 1
4 15 58 0 1
38 77 58 1 0
4 21 59 0 1
4 34 40 0 1
4 35 17 0 1
14 61 15 1 0
44 61 16 2 0
43 60 17 2 0
45 57 18 1 0
77 57 19 1 0
75 57 20 1 0
55 57 21 1 0
32 57 22 1 0
4 16 23 0 1
84 86 18 3 0
82 83 19 1 0
83 83 20 1 0
38 83 21 1 0
4 21 22 0 1
4 14 19 0 1
82 103 19 1 0
83 103 20 1 0
38 103 21 1 0
4 21 22 0 1
4 35 17 0 1
14 65 15 1 0
44 65 16 2 0
43 64 17 2 0
45 57 18 1 0
77 57 19 1 0
75 57 20 1 0
55 57 21 1 0
32 57 22 1 0
4 16 23 0 1
84 95 18 3 0
82 92 19 1 0
83 92 20 1 0
38 92 21 1 0
4 21 22 0 1
4 14 19 0 1
82 118 19 1 0
83 118 20 1 0
38 118 21 1 0
4 21 22 0 1
4 35 17 0 1
14 88 15 1 0
3 88 16 1 0
66 88 17 1 0
69 88 18 1 0
31 88 19 2 0
67 87 20 1 0
9 87 21 3 0
41 83 22 1 0
30 83 23 1 0
38 83 24 1 0
4 21 25 0 1
11 10 22 1 0
4 12 23 0 1
29 7 22 1 0
10 7 23 1 0
24 7 24 1 0
25 7 25 1 0
23 7 26 1 0
39 7 27 1 0
28 7 28 1 0
7 7 29 1 0
27 7 30 1 0
62 7 31 1 0
65 7 32 1 0
5 7 33 1 0
53 7 34 1 0
78 7 35 1 0
79 7 36 1 0
59 7 37 1 0
60 7 38 1 0
61 7 39 1 0
42 7 40 1 0
4 22 41 0 1
4 35 20 0 1
14 105 15 1 0
3 105 16 1 0
66 105 17 1 0
69 105 18 1 0
31 105 19 2 0
67 104 20 1 0
9 104 21 3 0
41 103 22 1 0
30 103 23 1 0
38 103 24 1 0
4 21 25 0 1
11 10 22 1 0
4 12 23 0 1
29 7 22 1 0
10 7 23 1 0
24 7 24 1 0
25 7 25 1 0
23 7 26 1 0
39 7 27 1 0
28 7 28 1 0
7 7 29 1 0
27 7 30 1 0
62 7 31 1 0
65 7 32 1 0
5 7 33 1 0
53 7 34 1 0
78 7 35 1 0
79 7 36 1 0
59 7 37 1 0
60 7 38 1 0
61 7 39 1 0
42 7 40 1 0
4 22 41 0 1
4 35 20 0 1
14 49 15 1 0
3 49 16 1 0
66 49 17 1 0
69 49 18 1 0
31 49 19 2 0
67 48 20 1 0
50 48 21 6 0
72 47 22 1 0
57 47 23 3 0
38 45 24 1 0
4 21 25 0 1
4 15 24 0 1
57 102 24 1 0
38 102 25 1 0
4 21 26 0 1
4 15 22 0 1
38 108 22 1 0
4 21 23 0 1
4 26 22 0 1
8 1 22 1 0
29 1 23 1 0
10 1 24 1 0
24 1 25 1 0
25 1 26 1 0
23 1 27 1 0
39 1 28 1 0
28 1 29 1 0
7 1 30 1 0
27 1 31 1 0
62 1 32 1 0
65 1 33 1 0
5 1 34 1 0
53 1 35 1 0
78 1 36 1 0
79 1 37 1 0
59 1 38 1 0
60 1 39 1 0
61 1 40 1 0
42 1 41 1 0
4 42 42 0 1
4 34 22 0 1
4 35 20 0 1
14 68 15 1 0
3 68 16 1 0
66 68 17 1 0
34 68 18 1 0
12 68 19 9 0
4 17 20 0 1
4 26 20 0 1
33 82 20 1 0
43 82 21 2 0
45 81 22 1 0
77 81 23 1 0
75 81 24 1 0
55 81 25 1 0
40 81 26 1 0
4 20 27 0 1
84 75 22 1 0
82 75 23 3 0
83 72 24 1 0
38 72 25 1 0
4 21 26 0 1
4 12 24 0 1
85 7 24 1 0
29 7 25 1 0
10 7 26 1 0
24 7 27 1 0
25 7 28 1 0
23 7 29 1 0
39 7 30 1 0
28 7 31 1 0
7 7 32 1 0
27 7 33 1 0
62 7 34 1 0
65 7 35 1 0
5 7 36 1 0
53 7 37 1 0
78 7 38 1 0
79 7 39 1 0
59 7 40 1 0
60 7 41 1 0
61 7 42 1 0
42 7 43 1 0
4 22 44 0 1
4 35 20 0 1
29 74 20 1 0
10 74 21 1 0
24 74 22 1 0
25 74 23 1 0
23 74 24 1 0
39 74 25 1 0
28 74 26 1 0
7 74 27 1 0
27 74 28 1 0
62 74 29 3 0
62 72 30 1 0
65 72 31 1 0
5 72 32 1 0
53 72 33 1 0
78 72 34 1 0
79 72 35 1 0
59 72 36 1 0
30 72 37 1 0
38 72 38 1 0
4 21 39 0 1
4 27 30 0 1
65 8 30 1 0
5 8 31 1 0
53 8 32 1 0
78 8 33 1 0
79 8 34 1 0
59 8 35 1 0
60 8 36 1 0
61 8 37 1 0
42 8 38 1 0
4 22 39 0 1
4 35 20 0 1
35 73 20 1 0
68 73 21 1 0
67 73 22 1 0
58 73 23 2 0
59 72 24 1 0
30 72 25 1 0
38 72 26 1 0
4 21 27 0 1
4 19 24 0 1
4 34 20 0 1
3 126 20 1 0
66 126 21 1 0
69 126 22 1 0
13 126 23 3 0
4 24 24 0 1
15 91 24 2 0
14 90 25 1 0
3 90 26 1 0
66 90 27 1 0
69 90 28 1 0
31 90 29 2 0
67 89 30 1 0
9 89 31 3 0
41 83 32 1 0
30 83 33 1 0
38 83 34 1 0
4 21 35 0 1
11 10 32 1 0
4 12 33 0 1
29 79 32 1 0
10 79 33 1 0
24 79 34 1 0
25 79 35 1 0
23 79 36 1 0
39 79 37 1 0
28 79 38 1 0
7 79 39 1 0
27 79 40 1 0
62 79 41 1 0
65 79 42 1 0
5 79 43 1 0
53 79 44 1 0
78 79 45 1 0
79 79 46 1 0
59 79 47 1 0
60 79 48 1 0
61 79 49 5 0
72 78 50 1 0
57 78 51 1 0
38 78 52 1 0
4 21 53 0 1
4 15 50 0 1
38 101 50 1 0
4 21 51 0 1
4 26 50 0 1
4 34 50 0 1
4 35 30 0 1
14 107 25 1 0
3 107 26 1 0
66 107 27 1 0
69 107 28 1 0
31 107 29 2 0
67 106 30 1 0
9 106 31 3 0
41 103 32 1 0
30 103 33 1 0
38 103 34 1 0
4 21 35 0 1
11 10 32 1 0
4 12 33 0 1
29 79 32 1 0
10 79 33 1 0
24 79 34 1 0
25 79 35 1 0
23 79 36 1 0
39 79 37 1 0
28 79 38 1 0
7 79 39 1 0
27 79 40 1 0
62 79 41 1 0
65 79 42 1 0
5 79 43 1 0
53 79 44 1 0
78 79 45 1 0
79 79 46 1 0
59 79 47 1 0
60 79 48 1 0
61 79 49 5 0
72 78 50 1 0
57 78 51 1 0
38 78 52 1 0
4 21 53 0 1
4 15 50 0 1
38 101 50 1 0
4 21 51 0 1
4 26 50 0 1
4 34 50 0 1
4 35 30 0 1
4 31 24 0 1
14 97 15 1 0
3 97 16 1 0
66 97 17 1 0
69 97 18 1 0
31 97 19 2 0
67 96 20 1 0
9 96 21 3 0
41 92 22 1 0
30 92 23 1 0
38 92 24 1 0
4 21 25 0 1
11 10 22 1 0
4 12 23 0 1
29 71 22 1 0
10 71 23 1 0
24 71 24 1 0
25 71 25 1 0
23 71 26 1 0
39 71 27 1 0
28 71 28 1 0
7 71 29 1 0
27 71 30 1 0
62 71 31 1 0
65 71 32 1 0
5 71 33 1 0
53 71 34 1 0
78 71 35 1 0
79 71 36 1 0
59 71 37 1 0
60 71 38 1 0
61 71 39 4 0
52 69 40 1 0
81 69 41 1 0
4 21 42 0 1
4 26 40 0 1
8 83 40 1 0
29 83 41 1 0
10 83 42 1 0
24 83 43 1 0
25 83 44 1 0
23 83 45 1 0
39 83 46 1 0
28 83 47 1 0
7 83 48 1 0
27 83 49 1 0
62 83 50 1 0
65 83 51 1 0
5 83 52 1 0
53 83 53 1 0
78 83 54 1 0
79 83 55 1 0
59 83 56 1 0
30 83 57 1 0
38 83 58 1 0
4 21 59 0 1
4 34 40 0 1
4 35 20 0 1
14 122 15 1 0
3 122 16 1 0
66 122 17 1 0
69 122 18 1 0
31 122 19 2 0
67 121 20 1 0
9 121 21 3 0
41 118 22 1 0
30 118 23 1 0
38 118 24 1 0
4 21 25 0 1
11 10 22 1 0
4 12 23 0 1
29 120 22 1 0
10 120 23 1 0
24 120 24 1 0
25 120 25 1 0
23 120 26 1 0
39 120 27 1 0
28 120 28 1 0
7 120 29 1 0
27 120 30 1 0
62 120 31 1 0
65 120 32 1 0
5 120 33 1 0
53 120 34 1 0
78 120 35 1 0
79 120 36 1 0
59 120 37 1 0
60 120 38 1 0
61 120 39 4 0
52 118 40 1 0
81 118 41 1 0
4 21 42 0 1
4 26 40 0 1
8 94 40 3 0
29 92 41 1 0
10 92 42 1 0
24 92 43 1 0
25 92 44 1 0
23 92 45 1 0
39 92 46 1 0
28 92 47 1 0
7 92 48 1 0
27 92 49 1 0
62 92 50 1 0
65 92 51 1 0
5 92 52 1 0
53 92 53 1 0
78 92 54 1 0
79 92 55 1 0
59 92 56 1 0
30 92 57 1 0
38 92 58 1 0
4 21 59 0 1
4 14 41 0 1
29 103 41 1 0
10 103 42 1 0
24 103 43 1 0
25 103 44 1 0
23 103 45 1 0
39 103 46 1 0
28 103 47 1 0
7 103 48 1 0
27 103 49 1 0
62 103 50 1 0
65 103 51 1 0
5 103 52 1 0
53 103 53 1 0
78 103 54 1 0
79 103 55 1 0
59 103 56 1 0
30 103 57 1 0
38 103 58 1 0
4 21 59 0 1
4 34 40 0 1
4 35 20 0 1
14 51 15 1 0
3 51 16 1 0
66 51 17 1 0
69 51 18 1 0
31 51 19 2 0
67 50 20 1 0
50 50 21 6 0
72 47 22 1 0
57 47 23 3 0
38 45 24 1 0
4 21 25 0 1
4 15 24 0 1
57 102 24 1 0
38 102 25 1 0
4 21 26 0 1
4 15 22 0 1
38 108 22 1 0
4 21 23 0 1
4 26 22 0 1
8 4 22 1 0
29 4 23 1 0
10 4 24 1 0
24 4 25 1 0
25 4 26 1 0
23 4 27 1 0
39 4 28 1 0
28 4 29 1 0
7 4 30 1 0
27 4 31 1 0
62 4 32 1 0
65 4 33 1 0
5 4 34 3 0
5 3 35 3 0
5 2 36 1 0
53 2 37 1 0
78 2 38 1 0
79 2 39 1 0
59 2 40 1 0
60 2 41 1 0
61 2 42 1 0
42 2 43 1 0
4 42 44 0 1
4 11 36 0 1
53 92 36 1 0
78 92 37 1 0
79 92 38 1 0
59 92 39 1 0
30 92 40 1 0
38 92 41 1 0
4 21 42 0 1
4 11 35 0 1
53 0 35 1 0
78 0 36 1 0
79 0 37 1 0
59 0 38 1 0
60 0 39 1 0
61 0 40 1 0
42 0 41 1 0
4 42 42 0 1
4 34 22 0 1
4 35 20 0 1
14 53 15 1 0
3 53 16 1 0
66 53 17 1 0
69 53 18 1 0
31 53 19 2 0
67 52 20 1 0
50 52 21 6 0
72 47 22 1 0
57 47 23 3 0
38 45 24 1 0
4 21 25 0 1
4 15 24 0 1
57 102 24 1 0
38 102 25 1 0
4 21 26 0 1
4 15 22 0 1
38 109 22 1 0
4 21 23 0 1
4 26 22 0 1
8 6 22 1 0
29 6 23 1 0
10 6 24 1 0
24 6 25 1 0
25 6 26 1 0
23 6 27 1 0
39 6 28 1 0
28 6 29 1 0
7 6 30 1 0
27 6 31 1 0
62 6 32 1 0
65 6 33 1 0
5 6 34 3 0
5 5 35 1 0
53 5 36 1 0
78 5 37 1 0
79 5 38 1 0
59 5 39 1 0
60 5 40 1 0
61 5 41 1 0
42 5 42 1 0
4 42 43 0 1
4 11 35 0 1
53 118 35 1 0
78 118 36 1 0
79 118 37 1 0
59 118 38 1 0
30 118 39 1 0
38 118 40 1 0
4 21 41 0 1
4 34 22 0 1
4 35 20 0 1
4 31 14 0 1
4 31 8 0 1
