1 105 0 1 0
21 68 1 1 0
51 68 2 1 0
63 91 3 1 0
0 105 4 1 0
17 91 5 1 0
49 91 6 4 0
19 90 7 1 0
4 23 8 0 1
4 9 7 0 1
64 16 7 1 0
4 15 8 0 1
15 102 7 5 0
4 17 8 0 1
16 92 8 1 0
18 92 9 1 0
2 105 10 1 0
42 92 11 4 0
46 90 12 1 0
4 23 13 0 1
46 98 12 1 0
4 29 13 0 1
44 100 12 2 0
57 99 13 1 0
4 47 14 0 1
43 81 13 4 0
34 80 14 1 0
4 15 15 0 1
4 19 14 0 1
33 36 14 1 0
32 36 15 2 0
70 35 16 1 0
69 35 17 1 0
66 35 18 2 0
67 33 19 1 0
64 33 20 1 0
4 15 21 0 1
25 48 19 2 0
4 18 20 0 1
4 25 20 0 1
76 49 16 1 0
34 49 17 1 0
4 15 18 0 1
4 27 14 0 1
41 101 12 1 0
12 101 13 3 0
4 17 14 0 1
14 42 14 7 0
13 41 15 1 0
3 41 16 1 0
60 41 17 1 0
62 41 18 1 0
30 41 19 2 0
61 40 20 1 0
45 40 21 6 0
65 39 22 1 0
52 39 23 3 0
34 37 24 1 0
4 15 25 0 1
4 11 24 0 1
52 84 24 1 0
34 84 25 1 0
4 15 26 0 1
4 11 22 0 1
34 85 22 1 0
4 15 23 0 1
4 19 22 0 1
8 0 22 1 0
28 0 23 1 0
10 0 24 1 0
23 0 25 1 0
24 0 26 1 0
22 0 27 1 0
35 0 28 1 0
27 0 29 1 0
7 0 30 1 0
26 0 31 1 0
56 0 32 1 0
59 0 33 1 0
5 0 34 1 0
48 0 35 1 0
71 0 36 1 0
72 0 37 1 0
53 0 38 1 0
54 0 39 1 0
55 0 40 1 0
37 0 41 1 0
4 34 42 0 1
4 27 22 0 1
4 28 20 0 1
13 32 15 1 0
39 32 16 2 0
38 31 17 2 0
40 30 18 1 0
70 30 19 1 0
69 30 20 1 0
67 30 21 1 0
64 30 22 1 0
4 15 23 0 1
77 71 18 1 0
75 71 19 3 0
76 69 20 1 0
34 69 21 1 0
4 15 22 0 1
4 8 20 0 1
78 82 20 1 0
28 82 21 1 0
10 82 22 1 0
23 82 23 1 0
24 82 24 1 0
22 82 25 1 0
35 82 26 1 0
27 82 27 1 0
7 82 28 1 0
26 82 29 1 0
56 82 30 1 0
59 82 31 1 0
5 82 32 1 0
48 82 33 1 0
71 82 34 1 0
72 82 35 1 0
53 82 36 1 0
54 82 37 1 0
55 82 38 1 0
73 82 39 5 0
4 21 40 0 1
20 30 40 1 0
34 30 41 1 0
4 15 42 0 1
4 19 40 0 1
8 38 40 1 0
28 38 41 1 0
10 38 42 1 0
23 38 43 1 0
24 38 44 1 0
22 38 45 1 0
35 38 46 1 0
27 38 47 1 0
7 38 48 1 0
26 38 49 1 0
56 38 50 1 0
59 38 51 1 0
5 38 52 1 0
48 38 53 1 0
71 38 54 1 0
72 38 55 1 0
53 38 56 1 0
29 38 57 3 0
6 37 58 1 0
34 37 59 1 0
4 15 60 0 1
4 11 58 0 1
34 69 58 1 0
4 15 59 0 1
4 27 40 0 1
4 28 17 0 1
13 59 15 1 0
39 59 16 2 0
38 58 17 2 0
40 57 18 1 0
70 57 19 1 0
68 57 20 1 0
50 57 21 1 0
31 57 22 1 0
4 13 23 0 1
77 73 18 1 0
75 73 19 3 0
76 72 20 1 0
34 72 21 1 0
4 15 22 0 1
4 8 20 0 1
78 70 20 1 0
28 70 21 1 0
10 70 22 1 0
23 70 23 1 0
24 70 24 1 0
22 70 25 1 0
35 70 26 1 0
27 70 27 1 0
7 70 28 1 0
26 70 29 1 0
56 70 30 1 0
59 70 31 1 0
5 70 32 1 0
48 70 33 1 0
71 70 34 1 0
72 70 35 1 0
53 70 36 1 0
54 70 37 1 0
55 70 38 5 0
65 69 39 1 0
52 69 40 1 0
34 69 41 1 0
4 15 42 0 1
4 11 39 0 1
34 83 39 1 0
4 15 40 0 1
4 19 39 0 1
4 27 39 0 1
4 28 17 0 1
13 56 15 1 0
39 56 16 2 0
38 55 17 2 0
40 50 18 1 0
70 50 19 1 0
68 50 20 1 0
50 50 21 1 0
31 50 22 1 0
4 12 23 0 1
77 79 18 1 0
75 79 19 3 0
76 76 20 1 0
34 76 21 1 0
4 15 22 0 1
4 8 20 0 1
78 64 20 1 0
28 64 21 1 0
10 64 22 1 0
23 64 23 1 0
24 64 24 1 0
22 64 25 1 0
35 64 26 1 0
27 64 27 1 0
7 64 28 1 0
26 64 29 1 0
56 64 30 1 0
59 64 31 1 0
5 64 32 1 0
48 64 33 1 0
71 64 34 1 0
72 64 35 1 0
53 64 36 1 0
54 64 37 1 0
55 64 38 4 0
47 62 39 1 0
74 62 40 1 0
4 15 41 0 1
4 19 39 0 1
8 72 39 1 0
28 72 40 1 0
10 72 41 1 0
23 72 42 1 0
24 72 43 1 0
22 72 44 1 0
35 72 45 1 0
27 72 46 1 0
7 72 47 1 0
26 72 48 1 0
56 72 49 1 0
59 72 50 1 0
5 72 51 1 0
48 72 52 1 0
71 72 53 1 0
72 72 54 1 0
53 72 55 1 0
29 72 56 1 0
34 72 57 1 0
4 15 58 0 1
4 27 39 0 1
4 28 17 0 1
13 74 15 1 0
3 74 16 1 0
60 74 17 1 0
62 74 18 1 0
30 74 19 2 0
61 73 20 1 0
9 73 21 3 0
36 72 22 1 0
29 72 23 1 0
34 72 24 1 0
4 15 25 0 1
11 6 22 1 0
4 8 23 0 1
28 70 22 1 0
10 70 23 1 0
23 70 24 1 0
24 70 25 1 0
22 70 26 1 0
35 70 27 1 0
27 70 28 1 0
7 70 29 1 0
26 70 30 1 0
56 70 31 1 0
59 70 32 1 0
5 70 33 1 0
48 70 34 1 0
71 70 35 1 0
72 70 36 1 0
53 70 37 1 0
54 70 38 1 0
55 70 39 5 0
65 69 40 1 0
52 69 41 1 0
34 69 42 1 0
4 15 43 0 1
4 11 40 0 1
34 83 40 1 0
4 15 41 0 1
4 19 40 0 1
4 27 40 0 1
4 28 20 0 1
13 44 15 1 0
3 44 16 1 0
60 44 17 1 0
62 44 18 1 0
30 44 19 2 0
61 43 20 1 0
45 43 21 6 0
65 39 22 1 0
52 39 23 3 0
34 37 24 1 0
4 15 25 0 1
4 11 24 0 1
52 84 24 1 0
34 84 25 1 0
4 15 26 0 1
4 11 22 0 1
34 86 22 1 0
4 15 23 0 1
4 19 22 0 1
8 2 22 1 0
28 2 23 1 0
10 2 24 1 0
23 2 25 1 0
24 2 26 1 0
22 2 27 1 0
35 2 28 1 0
27 2 29 1 0
7 2 30 1 0
26 2 31 1 0
56 2 32 1 0
59 2 33 1 0
5 2 34 3 0
5 1 35 1 0
48 1 36 1 0
71 1 37 1 0
72 1 38 1 0
53 1 39 1 0
54 1 40 1 0
55 1 41 1 0
37 1 42 1 0
4 34 43 0 1
4 7 35 0 1
48 76 35 1 0
71 76 36 1 0
72 76 37 1 0
53 76 38 1 0
29 76 39 1 0
34 76 40 1 0
4 15 41 0 1
4 27 22 0 1
4 28 20 0 1
13 46 15 1 0
3 46 16 1 0
60 46 17 1 0
62 46 18 1 0
30 46 19 2 0
61 45 20 1 0
45 45 21 6 0
65 39 22 1 0
52 39 23 3 0
34 37 24 1 0
4 15 25 0 1
4 11 24 0 1
52 84 24 1 0
34 84 25 1 0
4 15 26 0 1
4 11 22 0 1
34 86 22 1 0
4 15 23 0 1
4 19 22 0 1
8 4 22 1 0
28 4 23 1 0
10 4 24 1 0
23 4 25 1 0
24 4 26 1 0
22 4 27 1 0
35 4 28 1 0
27 4 29 1 0
7 4 30 1 0
26 4 31 1 0
56 4 32 1 0
59 4 33 1 0
5 4 34 3 0
5 3 35 1 0
48 3 36 1 0
71 3 37 1 0
72 3 38 1 0
53 3 39 1 0
54 3 40 1 0
55 3 41 1 0
37 3 42 1 0
4 34 43 0 1
4 7 35 0 1
48 67 35 1 0
71 67 36 1 0
72 67 37 1 0
53 67 38 1 0
54 67 39 1 0
55 67 40 4 0
47 65 41 1 0
74 65 42 1 0
4 15 43 0 1
4 19 41 0 1
8 78 41 3 0
28 76 42 1 0
10 76 43 1 0
23 76 44 1 0
24 76 45 1 0
22 76 46 1 0
35 76 47 1 0
27 76 48 1 0
7 76 49 1 0
26 76 50 1 0
56 76 51 1 0
59 76 52 1 0
5 76 53 1 0
48 76 54 1 0
71 76 55 1 0
72 76 56 1 0
53 76 57 1 0
29 76 58 1 0
34 76 59 1 0
4 15 60 0 1
4 10 42 0 1
28 72 42 1 0
10 72 43 1 0
23 72 44 1 0
24 72 45 1 0
22 72 46 1 0
35 72 47 1 0
27 72 48 1 0
7 72 49 1 0
26 72 50 1 0
56 72 51 1 0
59 72 52 1 0
5 72 53 1 0
48 72 54 1 0
71 72 55 1 0
72 72 56 1 0
53 72 57 1 0
29 72 58 1 0
34 72 59 1 0
4 15 60 0 1
4 27 41 0 1
4 27 22 0 1
4 28 20 0 1
4 24 14 0 1
16 88 8 1 0
18 88 9 1 0
2 105 10 1 0
42 88 11 4 0
46 87 12 1 0
4 22 13 0 1
46 98 12 1 0
4 29 13 0 1
44 51 12 2 0
57 50 13 1 0
70 50 14 1 0
68 50 15 1 0
50 50 16 1 0
31 50 17 1 0
4 12 18 0 1
43 63 13 4 0
34 62 14 1 0
4 15 15 0 1
4 19 14 0 1
33 61 14 1 0
32 61 15 2 0
70 57 16 1 0
68 57 17 1 0
50 57 18 1 0
31 57 19 1 0
4 13 20 0 1
76 93 16 1 0
34 93 17 1 0
4 15 18 0 1
4 27 14 0 1
41 104 12 1 0
12 104 13 3 0
4 17 14 0 1
14 97 14 1 0
13 97 15 1 0
3 97 16 1 0
60 97 17 1 0
62 97 18 1 0
58 97 19 3 0
4 26 20 0 1
28 95 20 1 0
10 95 21 1 0
23 95 22 1 0
24 95 23 1 0
22 95 24 1 0
35 95 25 1 0
27 95 26 1 0
7 95 27 1 0
26 95 28 1 0
56 95 29 1 0
59 95 30 1 0
5 95 31 1 0
48 95 32 3 0
48 94 33 3 0
48 93 34 1 0
71 93 35 1 0
72 93 36 1 0
53 93 37 1 0
29 93 38 1 0
34 93 39 1 0
4 15 40 0 1
4 20 34 0 1
71 93 34 1 0
72 93 35 1 0
53 93 36 1 0
29 93 37 1 0
34 93 38 1 0
4 15 39 0 1
4 20 33 0 1
71 5 33 1 0
72 5 34 1 0
53 5 35 1 0
54 5 36 1 0
55 5 37 1 0
37 5 38 1 0
4 14 39 0 1
4 28 20 0 1
4 24 14 0 1
16 89 8 1 0
18 89 9 1 0
2 105 10 1 0
42 89 11 4 0
46 87 12 1 0
4 22 13 0 1
46 98 12 1 0
4 29 13 0 1
44 52 12 2 0
57 50 13 1 0
70 50 14 1 0
68 50 15 1 0
50 50 16 1 0
31 50 17 1 0
4 12 18 0 1
43 66 13 4 0
34 65 14 1 0
4 15 15 0 1
4 19 14 0 1
33 54 14 3 0
32 53 15 2 0
70 50 16 1 0
68 50 17 1 0
50 50 18 1 0
31 50 19 1 0
4 12 20 0 1
76 76 16 1 0
34 76 17 1 0
4 15 18 0 1
4 10 15 0 1
32 60 15 2 0
70 57 16 1 0
68 57 17 1 0
50 57 18 1 0
31 57 19 1 0
4 13 20 0 1
76 75 16 1 0
34 75 17 1 0
4 15 18 0 1
4 27 14 0 1
41 103 12 1 0
12 103 13 3 0
4 17 14 0 1
14 96 14 1 0
13 96 15 1 0
3 96 16 1 0
60 96 17 1 0
62 96 18 1 0
58 96 19 3 0
4 26 20 0 1
28 77 20 1 0
10 77 21 1 0
23 77 22 1 0
24 77 23 1 0
22 77 24 1 0
35 77 25 1 0
27 77 26 1 0
7 77 27 1 0
26 77 28 1 0
56 77 29 1 0
59 77 30 1 0
5 77 31 1 0
48 77 32 3 0
48 76 33 1 0
71 76 34 1 0
72 76 35 1 0
53 76 36 1 0
29 76 37 1 0
34 76 38 1 0
4 15 39 0 1
4 20 33 0 1
71 75 33 1 0
72 75 34 1 0
53 75 35 1 0
29 75 36 1 0
34 75 37 1 0
4 15 38 0 1
4 28 20 0 1
4 24 14 0 1
4 24 8 0 1
