1 99 0 1 0
21 66 1 1 0
51 66 2 1 0
62 81 3 1 0
0 99 4 1 0
17 81 5 1 0
49 81 6 4 0
19 80 7 1 0
4 28 8 0 1
4 9 7 0 1
63 18 7 1 0
4 13 8 0 1
15 98 7 4 0
4 15 8 0 1
16 82 8 1 0
18 82 9 1 0
2 99 10 1 0
42 82 11 4 0
46 80 12 1 0
4 28 13 0 1
46 89 12 1 0
4 33 13 0 1
44 95 12 2 0
57 93 13 1 0
4 52 14 0 1
43 71 13 4 0
34 70 14 1 0
4 13 15 0 1
4 17 14 0 1
33 41 14 1 0
32 41 15 2 0
69 40 16 1 0
68 40 17 1 0
65 40 18 2 0
66 38 19 1 0
63 38 20 1 0
4 13 21 0 1
25 53 19 2 0
4 16 20 0 1
4 30 20 0 1
75 54 16 1 0
34 54 17 1 0
4 13 18 0 1
4 31 14 0 1
41 96 12 1 0
12 96 13 3 0
4 15 14 0 1
14 37 14 6 0
13 36 15 1 0
39 36 16 2 0
38 35 17 2 0
40 34 18 1 0
69 34 19 1 0
68 34 20 1 0
66 34 21 1 0
63 34 22 1 0
4 13 23 0 1
76 69 18 1 0
74 69 19 3 0
75 67 20 1 0
34 67 21 1 0
4 13 22 0 1
4 8 20 0 1
77 72 20 1 0
28 72 21 1 0
10 72 22 1 0
23 72 23 1 0
24 72 24 1 0
22 72 25 1 0
35 72 26 1 0
27 72 27 1 0
7 72 28 1 0
26 72 29 1 0
56 72 30 1 0
58 72 31 1 0
5 72 32 1 0
48 72 33 1 0
70 72 34 1 0
71 72 35 1 0
53 72 36 1 0
54 72 37 1 0
55 72 38 1 0
72 72 39 5 0
4 25 40 0 1
20 34 40 1 0
34 34 41 1 0
4 13 42 0 1
4 17 40 0 1
8 43 40 1 0
28 43 41 1 0
10 43 42 1 0
23 43 43 1 0
24 43 44 1 0
22 43 45 1 0
35 43 46 1 0
27 43 47 1 0
7 43 48 1 0
26 43 49 1 0
56 43 50 1 0
58 43 51 1 0
5 43 52 1 0
48 43 53 1 0
70 43 54 1 0
71 43 55 1 0
53 43 56 1 0
29 43 57 3 0
6 42 58 1 0
34 42 59 1 0
4 13 60 0 1
4 11 58 0 1
34 67 58 1 0
4 13 59 0 1
4 31 40 0 1
4 32 17 0 1
13 64 15 1 0
39 64 16 2 0
38 63 17 2 0
40 59 18 1 0
69 59 19 1 0
67 59 20 1 0
50 59 21 1 0
31 59 22 1 0
4 12 23 0 1
76 86 18 3 0
74 85 19 1 0
75 85 20 1 0
34 85 21 1 0
4 13 22 0 1
4 10 19 0 1
74 90 19 1 0
75 90 20 1 0
34 90 21 1 0
4 13 22 0 1
4 32 17 0 1
13 46 15 1 0
3 46 16 1 0
59 46 17 1 0
61 46 18 1 0
30 46 19 2 0
60 45 20 1 0
45 45 21 6 0
64 44 22 1 0
52 44 23 3 0
34 42 24 1 0
4 13 25 0 1
4 11 24 0 1
52 74 24 1 0
34 74 25 1 0
4 13 26 0 1
4 11 22 0 1
34 76 22 1 0
4 13 23 0 1
4 17 22 0 1
8 0 22 1 0
28 0 23 1 0
10 0 24 1 0
23 0 25 1 0
24 0 26 1 0
22 0 27 1 0
35 0 28 1 0
27 0 29 1 0
7 0 30 1 0
26 0 31 1 0
56 0 32 1 0
58 0 33 1 0
5 0 34 1 0
48 0 35 1 0
70 0 36 1 0
71 0 37 1 0
53 0 38 1 0
54 0 39 1 0
55 0 40 1 0
37 0 41 1 0
4 39 42 0 1
4 31 22 0 1
4 32 20 0 1
13 88 15 1 0
3 88 16 1 0
59 88 17 1 0
61 88 18 1 0
30 88 19 2 0
60 87 20 1 0
9 87 21 3 0
36 85 22 1 0
29 85 23 1 0
34 85 24 1 0
4 13 25 0 1
11 6 22 1 0
4 8 23 0 1
28 68 22 1 0
10 68 23 1 0
23 68 24 1 0
24 68 25 1 0
22 68 26 1 0
35 68 27 1 0
27 68 28 1 0
7 68 29 1 0
26 68 30 1 0
56 68 31 1 0
58 68 32 1 0
5 68 33 1 0
48 68 34 1 0
70 68 35 1 0
71 68 36 1 0
53 68 37 1 0
54 68 38 1 0
55 68 39 5 0
64 67 40 1 0
52 67 41 1 0
34 67 42 1 0
4 13 43 0 1
4 11 40 0 1
34 73 40 1 0
4 13 41 0 1
4 17 40 0 1
4 31 40 0 1
4 32 20 0 1
13 92 15 1 0
3 92 16 1 0
59 92 17 1 0
61 92 18 1 0
30 92 19 2 0
60 91 20 1 0
9 91 21 3 0
36 90 22 1 0
29 90 23 1 0
34 90 24 1 0
4 13 25 0 1
11 6 22 1 0
4 8 23 0 1
28 68 22 1 0
10 68 23 1 0
23 68 24 1 0
24 68 25 1 0
22 68 26 1 0
35 68 27 1 0
27 68 28 1 0
7 68 29 1 0
26 68 30 1 0
56 68 31 1 0
58 68 32 1 0
5 68 33 1 0
48 68 34 1 0
70 68 35 1 0
71 68 36 1 0
53 68 37 1 0
54 68 38 1 0
55 68 39 5 0
64 67 40 1 0
52 67 41 1 0
34 67 42 1 0
4 13 43 0 1
4 11 40 0 1
34 73 40 1 0
4 13 41 0 1
4 17 40 0 1
4 31 40 0 1
4 32 20 0 1
13 58 15 1 0
3 58 16 1 0
59 58 17 1 0
61 58 18 1 0
30 58 19 2 0
60 57 20 1 0
45 57 21 4 0
47 55 22 1 0
73 55 23 1 0
4 13 24 0 1
4 17 22 0 1
8 86 22 3 0
28 85 23 1 0
10 85 24 1 0
23 85 25 1 0
24 85 26 1 0
22 85 27 1 0
35 85 28 1 0
27 85 29 1 0
7 85 30 1 0
26 85 31 1 0
56 85 32 1 0
58 85 33 1 0
5 85 34 1 0
48 85 35 1 0
70 85 36 1 0
71 85 37 1 0
53 85 38 1 0
29 85 39 1 0
34 85 40 1 0
4 13 41 0 1
4 10 23 0 1
28 90 23 1 0
10 90 24 1 0
23 90 25 1 0
24 90 26 1 0
22 90 27 1 0
35 90 28 1 0
27 90 29 1 0
7 90 30 1 0
26 90 31 1 0
56 90 32 1 0
58 90 33 1 0
5 90 34 1 0
48 90 35 1 0
70 90 36 1 0
71 90 37 1 0
53 90 38 1 0
29 90 39 1 0
34 90 40 1 0
4 13 41 0 1
4 31 22 0 1
4 32 20 0 1
4 29 14 0 1
16 79 8 1 0
18 79 9 1 0
2 99 10 1 0
42 79 11 4 0
46 78 12 1 0
4 27 13 0 1
46 89 12 1 0
4 33 13 0 1
44 94 12 2 0
57 93 13 1 0
4 52 14 0 1
43 56 13 4 0
34 55 14 1 0
4 13 15 0 1
4 17 14 0 1
33 62 14 3 0
32 61 15 2 0
69 59 16 1 0
67 59 17 1 0
50 59 18 1 0
31 59 19 1 0
4 12 20 0 1
75 83 16 1 0
34 83 17 1 0
4 13 18 0 1
4 10 15 0 1
32 60 15 2 0
69 59 16 1 0
67 59 17 1 0
50 59 18 1 0
31 59 19 1 0
4 12 20 0 1
75 65 16 1 0
34 65 17 1 0
4 13 18 0 1
4 31 14 0 1
41 97 12 1 0
12 97 13 3 0
4 15 14 0 1
14 49 14 2 0
13 48 15 1 0
3 48 16 1 0
59 48 17 1 0
61 48 18 1 0
30 48 19 2 0
60 47 20 1 0
45 47 21 6 0
64 44 22 1 0
52 44 23 3 0
34 42 24 1 0
4 13 25 0 1
4 11 24 0 1
52 74 24 1 0
34 74 25 1 0
4 13 26 0 1
4 11 22 0 1
34 77 22 1 0
4 13 23 0 1
4 17 22 0 1
8 2 22 1 0
28 2 23 1 0
10 2 24 1 0
23 2 25 1 0
24 2 26 1 0
22 2 27 1 0
35 2 28 1 0
27 2 29 1 0
7 2 30 1 0
26 2 31 1 0
56 2 32 1 0
58 2 33 1 0
5 2 34 3 0
5 1 35 1 0
48 1 36 1 0
70 1 37 1 0
71 1 38 1 0
53 1 39 1 0
54 1 40 1 0
55 1 41 1 0
37 1 42 1 0
4 39 43 0 1
4 7 35 0 1
48 23 35 3 0
48 22 36 1 0
70 22 37 1 0
71 22 38 1 0
53 22 39 1 0
54 22 40 1 0
55 22 41 6 0
64 20 42 1 0
52 20 43 1 0
34 20 44 1 0
4 13 45 0 1
4 11 42 0 1
34 75 42 1 0
4 13 43 0 1
4 17 42 0 1
8 84 42 3 0
28 83 43 1 0
10 83 44 1 0
23 83 45 1 0
24 83 46 1 0
22 83 47 1 0
35 83 48 1 0
27 83 49 1 0
7 83 50 1 0
26 83 51 1 0
56 83 52 1 0
58 83 53 1 0
5 83 54 1 0
48 83 55 1 0
70 83 56 1 0
71 83 57 1 0
53 83 58 1 0
29 83 59 1 0
34 83 60 1 0
4 13 61 0 1
4 10 43 0 1
28 5 43 1 0
10 5 44 1 0
23 5 45 1 0
24 5 46 1 0
22 5 47 1 0
35 5 48 1 0
27 5 49 1 0
7 5 50 1 0
26 5 51 1 0
56 5 52 1 0
58 5 53 1 0
5 5 54 1 0
48 5 55 1 0
70 5 56 1 0
71 5 57 1 0
53 5 58 1 0
54 5 59 1 0
55 5 60 1 0
37 5 61 1 0
4 14 62 0 1
4 31 42 0 1
4 19 36 0 1
70 21 36 1 0
71 21 37 1 0
53 21 38 1 0
29 21 39 3 0
6 20 40 1 0
34 20 41 1 0
4 13 42 0 1
4 11 40 0 1
34 26 40 1 0
4 13 41 0 1
4 31 22 0 1
4 32 20 0 1
13 51 15 1 0
3 51 16 1 0
59 51 17 1 0
61 51 18 1 0
30 51 19 2 0
60 50 20 1 0
45 50 21 6 0
64 44 22 1 0
52 44 23 3 0
34 42 24 1 0
4 13 25 0 1
4 11 24 0 1
52 74 24 1 0
34 74 25 1 0
4 13 26 0 1
4 11 22 0 1
34 77 22 1 0
4 13 23 0 1
4 17 22 0 1
8 4 22 1 0
28 4 23 1 0
10 4 24 1 0
23 4 25 1 0
24 4 26 1 0
22 4 27 1 0
35 4 28 1 0
27 4 29 1 0
7 4 30 1 0
26 4 31 1 0
56 4 32 1 0
58 4 33 1 0
5 4 34 3 0
5 3 35 1 0
48 3 36 1 0
70 3 37 1 0
71 3 38 1 0
53 3 39 1 0
54 3 40 1 0
55 3 41 1 0
37 3 42 1 0
4 39 43 0 1
4 7 35 0 1
48 24 35 3 0
48 23 36 3 0
48 22 37 1 0
70 22 38 1 0
71 22 39 1 0
53 22 40 1 0
54 22 41 1 0
55 22 42 6 0
64 20 43 1 0
52 20 44 1 0
34 20 45 1 0
4 13 46 0 1
4 11 43 0 1
34 75 43 1 0
4 13 44 0 1
4 17 43 0 1
8 84 43 3 0
28 83 44 1 0
10 83 45 1 0
23 83 46 1 0
24 83 47 1 0
22 83 48 1 0
35 83 49 1 0
27 83 50 1 0
7 83 51 1 0
26 83 52 1 0
56 83 53 1 0
58 83 54 1 0
5 83 55 1 0
48 83 56 1 0
70 83 57 1 0
71 83 58 1 0
53 83 59 1 0
29 83 60 1 0
34 83 61 1 0
4 13 62 0 1
4 10 44 0 1
28 5 44 1 0
10 5 45 1 0
23 5 46 1 0
24 5 47 1 0
22 5 48 1 0
35 5 49 1 0
27 5 50 1 0
7 5 51 1 0
26 5 52 1 0
56 5 53 1 0
58 5 54 1 0
5 5 55 1 0
48 5 56 1 0
70 5 57 1 0
71 5 58 1 0
53 5 59 1 0
54 5 60 1 0
55 5 61 1 0
37 5 62 1 0
4 14 63 0 1
4 31 43 0 1
4 19 37 0 1
70 21 37 1 0
71 21 38 1 0
53 21 39 1 0
29 21 40 3 0
6 20 41 1 0
34 20 42 1 0
4 13 43 0 1
4 11 41 0 1
34 26 41 1 0
4 13 42 0 1
4 19 36 0 1
70 65 36 1 0
71 65 37 1 0
53 65 38 1 0
29 65 39 1 0
34 65 40 1 0
4 13 41 0 1
4 31 22 0 1
4 32 20 0 1
4 29 14 0 1
4 29 8 0 1
