1 101 0 1 0
21 65 1 1 0
51 65 2 1 0
62 80 3 1 0
0 101 4 1 0
17 80 5 1 0
49 80 6 4 0
19 79 7 1 0
4 22 8 0 1
4 9 7 0 1
63 18 7 1 0
4 14 8 0 1
15 100 7 4 0
4 15 8 0 1
16 81 8 1 0
18 81 9 1 0
2 101 10 1 0
42 81 11 4 0
46 79 12 1 0
4 22 13 0 1
46 89 12 1 0
4 27 13 0 1
44 95 12 2 0
57 93 13 1 0
4 45 14 0 1
43 71 13 4 0
34 70 14 1 0
4 14 15 0 1
4 17 14 0 1
33 35 14 1 0
32 35 15 2 0
69 34 16 1 0
68 34 17 1 0
65 34 18 2 0
66 32 19 1 0
63 32 20 1 0
4 14 21 0 1
25 46 19 2 0
4 16 20 0 1
4 24 20 0 1
75 49 16 1 0
34 49 17 1 0
4 14 18 0 1
4 25 14 0 1
41 98 12 1 0
12 98 13 3 0
4 15 14 0 1
14 31 14 6 0
13 30 15 1 0
39 30 16 2 0
38 29 17 2 0
40 28 18 1 0
69 28 19 1 0
68 28 20 1 0
66 28 21 1 0
63 28 22 1 0
4 14 23 0 1
76 69 18 1 0
74 69 19 3 0
75 67 20 1 0
34 67 21 1 0
4 14 22 0 1
4 8 20 0 1
77 72 20 1 0
28 72 21 1 0
10 72 22 1 0
23 72 23 1 0
24 72 24 1 0
22 72 25 1 0
35 72 26 1 0
27 72 27 1 0
7 72 28 1 0
26 72 29 1 0
56 72 30 1 0
58 72 31 1 0
5 72 32 1 0
48 72 33 1 0
70 72 34 1 0
71 72 35 1 0
53 72 36 1 0
54 72 37 1 0
55 72 38 1 0
72 72 39 5 0
4 20 40 0 1
20 28 40 1 0
34 28 41 1 0
4 14 42 0 1
4 17 40 0 1
8 37 40 1 0
28 37 41 1 0
10 37 42 1 0
23 37 43 1 0
24 37 44 1 0
22 37 45 1 0
35 37 46 1 0
27 37 47 1 0
7 37 48 1 0
26 37 49 1 0
56 37 50 1 0
58 37 51 1 0
5 37 52 1 0
48 37 53 1 0
70 37 54 1 0
71 37 55 1 0
53 37 56 1 0
29 37 57 3 0
6 36 58 1 0
34 36 59 1 0
4 14 60 0 1
4 11 58 0 1
34 66 58 1 0
4 14 59 0 1
4 25 40 0 1
4 26 17 0 1
13 57 15 1 0
39 57 16 2 0
38 56 17 2 0
40 50 18 1 0
69 50 19 1 0
67 50 20 1 0
50 50 21 1 0
31 50 22 1 0
4 12 23 0 1
76 86 18 3 0
74 82 19 1 0
75 82 20 1 0
34 82 21 1 0
4 14 22 0 1
4 10 19 0 1
74 90 19 1 0
75 90 20 1 0
34 90 21 1 0
4 14 22 0 1
4 26 17 0 1
13 40 15 1 0
3 40 16 1 0
59 40 17 1 0
61 40 18 1 0
30 40 19 2 0
60 39 20 1 0
45 39 21 6 0
64 38 22 1 0
52 38 23 3 0
34 36 24 1 0
4 14 25 0 1
4 11 24 0 1
52 74 24 1 0
34 74 25 1 0
4 14 26 0 1
4 11 22 0 1
34 75 22 1 0
4 14 23 0 1
4 17 22 0 1
8 0 22 1 0
28 0 23 1 0
10 0 24 1 0
23 0 25 1 0
24 0 26 1 0
22 0 27 1 0
35 0 28 1 0
27 0 29 1 0
7 0 30 1 0
26 0 31 1 0
56 0 32 1 0
58 0 33 1 0
5 0 34 1 0
48 0 35 1 0
70 0 36 1 0
71 0 37 1 0
53 0 38 1 0
54 0 39 1 0
55 0 40 1 0
37 0 41 1 0
4 33 42 0 1
4 25 22 0 1
4 26 20 0 1
13 88 15 1 0
3 88 16 1 0
59 88 17 1 0
61 88 18 1 0
30 88 19 2 0
60 87 20 1 0
9 87 21 3 0
36 82 22 1 0
29 82 23 1 0
34 82 24 1 0
4 14 25 0 1
11 6 22 1 0
4 8 23 0 1
28 68 22 1 0
10 68 23 1 0
23 68 24 1 0
24 68 25 1 0
22 68 26 1 0
35 68 27 1 0
27 68 28 1 0
7 68 29 1 0
26 68 30 1 0
56 68 31 1 0
58 68 32 1 0
5 68 33 1 0
48 68 34 1 0
70 68 35 1 0
71 68 36 1 0
53 68 37 1 0
54 68 38 1 0
55 68 39 5 0
64 67 40 1 0
52 67 41 1 0
34 67 42 1 0
4 14 43 0 1
4 11 40 0 1
34 73 40 1 0
4 14 41 0 1
4 17 40 0 1
4 25 40 0 1
4 26 20 0 1
13 92 15 1 0
3 92 16 1 0
59 92 17 1 0
61 92 18 1 0
30 92 19 2 0
60 91 20 1 0
9 91 21 3 0
36 90 22 1 0
29 90 23 1 0
34 90 24 1 0
4 14 25 0 1
11 6 22 1 0
4 8 23 0 1
28 68 22 1 0
10 68 23 1 0
23 68 24 1 0
24 68 25 1 0
22 68 26 1 0
35 68 27 1 0
27 68 28 1 0
7 68 29 1 0
26 68 30 1 0
56 68 31 1 0
58 68 32 1 0
5 68 33 1 0
48 68 34 1 0
70 68 35 1 0
71 68 36 1 0
53 68 37 1 0
54 68 38 1 0
55 68 39 5 0
64 67 40 1 0
52 67 41 1 0
34 67 42 1 0
4 14 43 0 1
4 11 40 0 1
34 73 40 1 0
4 14 41 0 1
4 17 40 0 1
4 25 40 0 1
4 26 20 0 1
13 64 15 1 0
3 64 16 1 0
59 64 17 1 0
61 64 18 1 0
30 64 19 2 0
60 63 20 1 0
45 63 21 4 0
47 61 22 1 0
73 61 23 1 0
4 14 24 0 1
4 17 22 0 1
8 86 22 3 0
28 82 23 1 0
10 82 24 1 0
23 82 25 1 0
24 82 26 1 0
22 82 27 1 0
35 82 28 1 0
27 82 29 1 0
7 82 30 1 0
26 82 31 1 0
56 82 32 1 0
58 82 33 1 0
5 82 34 1 0
48 82 35 1 0
70 82 36 1 0
71 82 37 1 0
53 82 38 1 0
29 82 39 1 0
34 82 40 1 0
4 14 41 0 1
4 10 23 0 1
28 90 23 1 0
10 90 24 1 0
23 90 25 1 0
24 90 26 1 0
22 90 27 1 0
35 90 28 1 0
27 90 29 1 0
7 90 30 1 0
26 90 31 1 0
56 90 32 1 0
58 90 33 1 0
5 90 34 1 0
48 90 35 1 0
70 90 36 1 0
71 90 37 1 0
53 90 38 1 0
29 90 39 1 0
34 90 40 1 0
4 14 41 0 1
4 25 22 0 1
4 26 20 0 1
4 23 14 0 1
16 78 8 1 0
18 78 9 1 0
2 101 10 1 0
42 78 11 4 0
46 77 12 1 0
4 21 13 0 1
46 89 12 1 0
4 27 13 0 1
44 94 12 2 0
57 93 13 1 0
4 45 14 0 1
43 62 13 4 0
34 61 14 1 0
4 14 15 0 1
4 17 14 0 1
33 55 14 3 0
32 54 15 2 0
69 50 16 1 0
67 50 17 1 0
50 50 18 1 0
31 50 19 1 0
4 12 20 0 1
75 82 16 1 0
34 82 17 1 0
4 14 18 0 1
4 10 15 0 1
32 58 15 2 0
69 50 16 1 0
67 50 17 1 0
50 50 18 1 0
31 50 19 1 0
4 12 20 0 1
75 90 16 1 0
34 90 17 1 0
4 14 18 0 1
4 25 14 0 1
41 99 12 1 0
12 99 13 3 0
4 15 14 0 1
14 53 14 4 0
13 52 15 1 0
39 52 16 2 0
38 51 17 2 0
40 50 18 1 0
69 50 19 1 0
67 50 20 1 0
50 50 21 1 0
31 50 22 1 0
4 12 23 0 1
76 48 18 1 0
74 48 19 3 0
75 47 20 1 0
34 47 21 1 0
4 14 22 0 1
4 8 20 0 1
77 84 20 1 0
28 84 21 1 0
10 84 22 1 0
23 84 23 1 0
24 84 24 1 0
22 84 25 1 0
35 84 26 1 0
27 84 27 1 0
7 84 28 1 0
26 84 29 1 0
56 84 30 1 0
58 84 31 1 0
5 84 32 1 0
48 84 33 3 0
48 83 34 3 0
48 82 35 1 0
70 82 36 1 0
71 82 37 1 0
53 82 38 1 0
29 82 39 1 0
34 82 40 1 0
4 14 41 0 1
4 19 35 0 1
70 82 35 1 0
71 82 36 1 0
53 82 37 1 0
29 82 38 1 0
34 82 39 1 0
4 14 40 0 1
4 19 34 0 1
70 5 34 1 0
71 5 35 1 0
53 5 36 1 0
54 5 37 1 0
55 5 38 1 0
37 5 39 1 0
4 13 40 0 1
4 26 17 0 1
13 60 15 1 0
39 60 16 2 0
38 59 17 2 0
40 50 18 1 0
69 50 19 1 0
67 50 20 1 0
50 50 21 1 0
31 50 22 1 0
4 12 23 0 1
76 97 18 1 0
74 97 19 3 0
75 96 20 1 0
34 96 21 1 0
4 14 22 0 1
4 8 20 0 1
77 85 20 1 0
28 85 21 1 0
10 85 22 1 0
23 85 23 1 0
24 85 24 1 0
22 85 25 1 0
35 85 26 1 0
27 85 27 1 0
7 85 28 1 0
26 85 29 1 0
56 85 30 1 0
58 85 31 1 0
5 85 32 1 0
48 85 33 3 0
48 84 34 3 0
48 83 35 3 0
48 82 36 1 0
70 82 37 1 0
71 82 38 1 0
53 82 39 1 0
29 82 40 1 0
34 82 41 1 0
4 14 42 0 1
4 19 36 0 1
70 82 36 1 0
71 82 37 1 0
53 82 38 1 0
29 82 39 1 0
34 82 40 1 0
4 14 41 0 1
4 19 35 0 1
70 5 35 1 0
71 5 36 1 0
53 5 37 1 0
54 5 38 1 0
55 5 39 1 0
37 5 40 1 0
4 13 41 0 1
4 19 34 0 1
70 90 34 1 0
71 90 35 1 0
53 90 36 1 0
29 90 37 1 0
34 90 38 1 0
4 14 39 0 1
4 26 17 0 1
13 42 15 1 0
3 42 16 1 0
59 42 17 1 0
61 42 18 1 0
30 42 19 2 0
60 41 20 1 0
45 41 21 6 0
64 38 22 1 0
52 38 23 3 0
34 36 24 1 0
4 14 25 0 1
4 11 24 0 1
52 74 24 1 0
34 74 25 1 0
4 14 26 0 1
4 11 22 0 1
34 76 22 1 0
4 14 23 0 1
4 17 22 0 1
8 2 22 1 0
28 2 23 1 0
10 2 24 1 0
23 2 25 1 0
24 2 26 1 0
22 2 27 1 0
35 2 28 1 0
27 2 29 1 0
7 2 30 1 0
26 2 31 1 0
56 2 32 1 0
58 2 33 1 0
5 2 34 3 0
5 1 35 1 0
48 1 36 1 0
70 1 37 1 0
71 1 38 1 0
53 1 39 1 0
54 1 40 1 0
55 1 41 1 0
37 1 42 1 0
4 33 43 0 1
4 7 35 0 1
48 47 35 1 0
70 47 36 1 0
71 47 37 1 0
53 47 38 1 0
29 47 39 1 0
34 47 40 1 0
4 14 41 0 1
4 25 22 0 1
4 26 20 0 1
13 44 15 1 0
3 44 16 1 0
59 44 17 1 0
61 44 18 1 0
30 44 19 2 0
60 43 20 1 0
45 43 21 6 0
64 38 22 1 0
52 38 23 3 0
34 36 24 1 0
4 14 25 0 1
4 11 24 0 1
52 74 24 1 0
34 74 25 1 0
4 14 26 0 1
4 11 22 0 1
34 76 22 1 0
4 14 23 0 1
4 17 22 0 1
8 4 22 1 0
28 4 23 1 0
10 4 24 1 0
23 4 25 1 0
24 4 26 1 0
22 4 27 1 0
35 4 28 1 0
27 4 29 1 0
7 4 30 1 0
26 4 31 1 0
56 4 32 1 0
58 4 33 1 0
5 4 34 3 0
5 3 35 1 0
48 3 36 1 0
70 3 37 1 0
71 3 38 1 0
53 3 39 1 0
54 3 40 1 0
55 3 41 1 0
37 3 42 1 0
4 33 43 0 1
4 7 35 0 1
48 96 35 1 0
70 96 36 1 0
71 96 37 1 0
53 96 38 1 0
29 96 39 1 0
34 96 40 1 0
4 14 41 0 1
4 25 22 0 1
4 26 20 0 1
4 23 14 0 1
4 23 8 0 1
