1 92 0 1 0
21 57 1 1 0
50 57 2 1 0
61 74 3 1 0
0 92 4 1 0
17 74 5 1 0
48 74 6 4 0
19 73 7 1 0
4 22 8 0 1
4 10 7 0 1
62 19 7 1 0
4 14 8 0 1
15 91 7 3 0
4 16 8 0 1
16 75 8 1 0
18 75 9 1 0
2 92 10 1 0
42 75 11 4 0
46 73 12 1 0
4 22 13 0 1
46 80 12 1 0
4 27 13 0 1
44 82 12 2 0
56 81 13 1 0
4 45 14 0 1
43 67 13 4 0
34 66 14 1 0
4 14 15 0 1
4 18 14 0 1
33 35 14 1 0
32 35 15 2 0
68 34 16 1 0
67 34 17 1 0
64 34 18 2 0
65 32 19 1 0
62 32 20 1 0
4 14 21 0 1
25 46 19 2 0
4 17 20 0 1
4 24 20 0 1
73 47 16 1 0
34 47 17 1 0
4 14 18 0 1
4 25 14 0 1
41 90 12 1 0
12 90 13 3 0
4 16 14 0 1
14 31 14 10 0
13 30 15 1 0
39 30 16 2 0
38 29 17 2 0
40 28 18 1 0
68 28 19 1 0
67 28 20 1 0
65 28 21 1 0
62 28 22 1 0
4 14 23 0 1
74 89 18 1 0
72 89 19 3 0
73 87 20 1 0
34 87 21 1 0
4 14 22 0 1
4 9 20 0 1
75 68 20 1 0
28 68 21 1 0
10 68 22 1 0
23 68 23 1 0
24 68 24 1 0
22 68 25 1 0
35 68 26 1 0
27 68 27 1 0
7 68 28 1 0
26 68 29 1 0
55 68 30 1 0
57 68 31 1 0
5 68 32 1 0
47 68 33 1 0
69 68 34 1 0
70 68 35 1 0
52 68 36 1 0
53 68 37 1 0
54 68 38 1 0
71 68 39 5 0
4 21 40 0 1
20 28 40 1 0
34 28 41 1 0
4 14 42 0 1
4 18 40 0 1
8 37 40 1 0
28 37 41 1 0
10 37 42 1 0
23 37 43 1 0
24 37 44 1 0
22 37 45 1 0
35 37 46 1 0
27 37 47 1 0
7 37 48 1 0
26 37 49 1 0
55 37 50 1 0
57 37 51 1 0
5 37 52 1 0
47 37 53 1 0
69 37 54 1 0
70 37 55 1 0
52 37 56 1 0
29 37 57 3 0
6 36 58 1 0
34 36 59 1 0
4 14 60 0 1
4 11 58 0 1
34 58 58 1 0
4 14 59 0 1
4 25 40 0 1
4 26 17 0 1
13 56 15 1 0
39 56 16 2 0
38 55 17 2 0
40 48 18 1 0
68 48 19 1 0
66 48 20 1 0
49 48 21 1 0
31 48 22 1 0
4 12 23 0 1
74 84 18 1 0
72 84 19 3 0
73 83 20 1 0
34 83 21 1 0
4 14 22 0 1
4 9 20 0 1
75 5 20 1 0
28 5 21 1 0
10 5 22 1 0
23 5 23 1 0
24 5 24 1 0
22 5 25 1 0
35 5 26 1 0
27 5 27 1 0
7 5 28 1 0
26 5 29 1 0
55 5 30 1 0
57 5 31 1 0
5 5 32 1 0
47 5 33 1 0
69 5 34 1 0
70 5 35 1 0
52 5 36 1 0
53 5 37 1 0
54 5 38 1 0
37 5 39 1 0
4 15 40 0 1
4 26 17 0 1
13 52 15 1 0
39 52 16 2 0
38 51 17 2 0
40 48 18 1 0
68 48 19 1 0
66 48 20 1 0
49 48 21 1 0
31 48 22 1 0
4 12 23 0 1
74 63 18 1 0
72 63 19 3 0
73 61 20 1 0
34 61 21 1 0
4 14 22 0 1
4 9 20 0 1
75 5 20 1 0
28 5 21 1 0
10 5 22 1 0
23 5 23 1 0
24 5 24 1 0
22 5 25 1 0
35 5 26 1 0
27 5 27 1 0
7 5 28 1 0
26 5 29 1 0
55 5 30 1 0
57 5 31 1 0
5 5 32 1 0
47 5 33 1 0
69 5 34 1 0
70 5 35 1 0
52 5 36 1 0
53 5 37 1 0
54 5 38 1 0
37 5 39 1 0
4 15 40 0 1
4 26 17 0 1
13 40 15 1 0
3 40 16 1 0
58 40 17 1 0
60 40 18 1 0
30 40 19 2 0
59 39 20 1 0
45 39 21 6 0
63 38 22 1 0
51 38 23 3 0
34 36 24 1 0
4 14 25 0 1
4 11 24 0 1
51 70 24 1 0
34 70 25 1 0
4 14 26 0 1
4 11 22 0 1
34 71 22 1 0
4 14 23 0 1
4 18 22 0 1
8 0 22 1 0
28 0 23 1 0
10 0 24 1 0
23 0 25 1 0
24 0 26 1 0
22 0 27 1 0
35 0 28 1 0
27 0 29 1 0
7 0 30 1 0
26 0 31 1 0
55 0 32 1 0
57 0 33 1 0
5 0 34 1 0
47 0 35 1 0
69 0 36 1 0
70 0 37 1 0
52 0 38 1 0
53 0 39 1 0
54 0 40 1 0
37 0 41 1 0
4 33 42 0 1
4 25 22 0 1
4 26 20 0 1
13 54 15 1 0
39 54 16 2 0
38 53 17 2 0
40 48 18 1 0
68 48 19 1 0
66 48 20 1 0
49 48 21 1 0
31 48 22 1 0
4 12 23 0 1
74 79 18 1 0
72 79 19 3 0
73 76 20 1 0
34 76 21 1 0
4 14 22 0 1
4 9 20 0 1
75 88 20 1 0
28 88 21 1 0
10 88 22 1 0
23 88 23 1 0
24 88 24 1 0
22 88 25 1 0
35 88 26 1 0
27 88 27 1 0
7 88 28 1 0
26 88 29 1 0
55 88 30 1 0
57 88 31 1 0
5 88 32 1 0
47 88 33 1 0
69 88 34 1 0
70 88 35 1 0
52 88 36 1 0
53 88 37 1 0
54 88 38 5 0
63 87 39 1 0
51 87 40 1 0
34 87 41 1 0
4 14 42 0 1
4 11 39 0 1
34 69 39 1 0
4 14 40 0 1
4 18 39 0 1
4 25 39 0 1
4 26 17 0 1
13 50 15 1 0
39 50 16 2 0
38 49 17 2 0
40 48 18 1 0
68 48 19 1 0
66 48 20 1 0
49 48 21 1 0
31 48 22 1 0
4 12 23 0 1
74 60 18 1 0
72 60 19 3 0
73 59 20 1 0
34 59 21 1 0
4 14 22 0 1
4 9 20 0 1
75 88 20 1 0
28 88 21 1 0
10 88 22 1 0
23 88 23 1 0
24 88 24 1 0
22 88 25 1 0
35 88 26 1 0
27 88 27 1 0
7 88 28 1 0
26 88 29 1 0
55 88 30 1 0
57 88 31 1 0
5 88 32 1 0
47 88 33 1 0
69 88 34 1 0
70 88 35 1 0
52 88 36 1 0
53 88 37 1 0
54 88 38 5 0
63 87 39 1 0
51 87 40 1 0
34 87 41 1 0
4 14 42 0 1
4 11 39 0 1
34 69 39 1 0
4 14 40 0 1
4 18 39 0 1
4 25 39 0 1
4 26 17 0 1
13 65 15 1 0
3 65 16 1 0
58 65 17 1 0
60 65 18 1 0
30 65 19 2 0
59 64 20 1 0
9 64 21 3 0
36 61 22 1 0
29 61 23 1 0
34 61 24 1 0
4 14 25 0 1
11 7 22 1 0
4 9 23 0 1
28 78 22 1 0
10 78 23 1 0
23 78 24 1 0
24 78 25 1 0
22 78 26 1 0
35 78 27 1 0
27 78 28 1 0
7 78 29 1 0
26 78 30 1 0
55 78 31 1 0
57 78 32 1 0
5 78 33 1 0
47 78 34 3 0
47 77 35 3 0
47 76 36 1 0
69 76 37 1 0
70 76 38 1 0
52 76 39 1 0
29 76 40 1 0
34 76 41 1 0
4 14 42 0 1
4 20 36 0 1
69 76 36 1 0
70 76 37 1 0
52 76 38 1 0
29 76 39 1 0
34 76 40 1 0
4 14 41 0 1
4 20 35 0 1
69 6 35 1 0
70 6 36 1 0
52 6 37 1 0
53 6 38 1 0
54 6 39 1 0
37 6 40 1 0
4 13 41 0 1
4 26 20 0 1
13 86 15 1 0
3 86 16 1 0
58 86 17 1 0
60 86 18 1 0
30 86 19 2 0
59 85 20 1 0
9 85 21 3 0
36 83 22 1 0
29 83 23 1 0
34 83 24 1 0
4 14 25 0 1
11 7 22 1 0
4 9 23 0 1
28 62 22 1 0
10 62 23 1 0
23 62 24 1 0
24 62 25 1 0
22 62 26 1 0
35 62 27 1 0
27 62 28 1 0
7 62 29 1 0
26 62 30 1 0
55 62 31 1 0
57 62 32 1 0
5 62 33 1 0
47 62 34 3 0
47 61 35 1 0
69 61 36 1 0
70 61 37 1 0
52 61 38 1 0
29 61 39 1 0
34 61 40 1 0
4 14 41 0 1
4 20 35 0 1
69 59 35 1 0
70 59 36 1 0
52 59 37 1 0
29 59 38 1 0
34 59 39 1 0
4 14 40 0 1
4 26 20 0 1
13 42 15 1 0
3 42 16 1 0
58 42 17 1 0
60 42 18 1 0
30 42 19 2 0
59 41 20 1 0
45 41 21 6 0
63 38 22 1 0
51 38 23 3 0
34 36 24 1 0
4 14 25 0 1
4 11 24 0 1
51 70 24 1 0
34 70 25 1 0
4 14 26 0 1
4 11 22 0 1
34 72 22 1 0
4 14 23 0 1
4 18 22 0 1
8 2 22 1 0
28 2 23 1 0
10 2 24 1 0
23 2 25 1 0
24 2 26 1 0
22 2 27 1 0
35 2 28 1 0
27 2 29 1 0
7 2 30 1 0
26 2 31 1 0
55 2 32 1 0
57 2 33 1 0
5 2 34 3 0
5 1 35 1 0
47 1 36 1 0
69 1 37 1 0
70 1 38 1 0
52 1 39 1 0
53 1 40 1 0
54 1 41 1 0
37 1 42 1 0
4 33 43 0 1
4 8 35 0 1
47 61 35 1 0
69 61 36 1 0
70 61 37 1 0
52 61 38 1 0
29 61 39 1 0
34 61 40 1 0
4 14 41 0 1
4 25 22 0 1
4 26 20 0 1
13 44 15 1 0
3 44 16 1 0
58 44 17 1 0
60 44 18 1 0
30 44 19 2 0
59 43 20 1 0
45 43 21 6 0
63 38 22 1 0
51 38 23 3 0
34 36 24 1 0
4 14 25 0 1
4 11 24 0 1
51 70 24 1 0
34 70 25 1 0
4 14 26 0 1
4 11 22 0 1
34 72 22 1 0
4 14 23 0 1
4 18 22 0 1
8 4 22 1 0
28 4 23 1 0
10 4 24 1 0
23 4 25 1 0
24 4 26 1 0
22 4 27 1 0
35 4 28 1 0
27 4 29 1 0
7 4 30 1 0
26 4 31 1 0
55 4 32 1 0
57 4 33 1 0
5 4 34 3 0
5 3 35 1 0
47 3 36 1 0
69 3 37 1 0
70 3 38 1 0
52 3 39 1 0
53 3 40 1 0
54 3 41 1 0
37 3 42 1 0
4 33 43 0 1
4 8 35 0 1
47 83 35 1 0
69 83 36 1 0
70 83 37 1 0
52 83 38 1 0
29 83 39 1 0
34 83 40 1 0
4 14 41 0 1
4 25 22 0 1
4 26 20 0 1
4 23 14 0 1
4 23 8 0 1
