1 84 0 1 0
19 54 1 1 0
47 54 2 1 0
58 71 3 1 0
0 84 4 1 0
15 71 5 1 0
45 71 6 4 0
17 70 7 1 0
4 19 8 0 1
4 8 7 0 1
59 16 7 1 0
4 12 8 0 1
13 83 7 3 0
4 13 8 0 1
14 72 8 1 0
16 72 9 1 0
2 84 10 1 0
39 72 11 4 0
43 70 12 1 0
4 19 13 0 1
43 77 12 1 0
4 24 13 0 1
41 79 12 2 0
53 78 13 1 0
4 42 14 0 1
40 62 13 4 0
32 61 14 1 0
4 12 15 0 1
4 15 14 0 1
31 32 14 1 0
30 32 15 2 0
65 31 16 1 0
64 31 17 1 0
61 31 18 2 0
62 29 19 1 0
59 29 20 1 0
4 12 21 0 1
23 43 19 2 0
4 14 20 0 1
4 21 20 0 1
70 44 16 1 0
32 44 17 1 0
4 12 18 0 1
4 22 14 0 1
38 82 12 1 0
10 82 13 3 0
4 13 14 0 1
12 28 14 8 0
11 27 15 1 0
36 27 16 2 0
35 26 17 2 0
37 25 18 1 0
65 25 19 1 0
64 25 20 1 0
62 25 21 1 0
59 25 22 1 0
4 12 23 0 1
71 57 18 1 0
69 57 19 3 0
70 55 20 1 0
32 55 21 1 0
4 12 22 0 1
4 7 20 0 1
72 63 20 1 0
26 63 21 1 0
9 63 22 1 0
21 63 23 1 0
22 63 24 1 0
20 63 25 1 0
33 63 26 1 0
25 63 27 1 0
7 63 28 1 0
24 63 29 1 0
52 63 30 1 0
54 63 31 1 0
5 63 32 1 0
44 63 33 1 0
66 63 34 1 0
67 63 35 1 0
49 63 36 1 0
50 63 37 1 0
51 63 38 1 0
68 63 39 5 0
4 18 40 0 1
18 25 40 1 0
32 25 41 1 0
4 12 42 0 1
4 15 40 0 1
8 34 40 1 0
26 34 41 1 0
9 34 42 1 0
21 34 43 1 0
22 34 44 1 0
20 34 45 1 0
33 34 46 1 0
25 34 47 1 0
7 34 48 1 0
24 34 49 1 0
52 34 50 1 0
54 34 51 1 0
5 34 52 1 0
44 34 53 1 0
66 34 54 1 0
67 34 55 1 0
49 34 56 1 0
27 34 57 3 0
6 33 58 1 0
32 33 59 1 0
4 12 60 0 1
4 9 58 0 1
32 55 58 1 0
4 12 59 0 1
4 22 40 0 1
4 23 17 0 1
11 37 15 1 0
3 37 16 1 0
55 37 17 1 0
57 37 18 1 0
28 37 19 2 0
56 36 20 1 0
42 36 21 6 0
60 35 22 1 0
48 35 23 3 0
32 33 24 1 0
4 12 25 0 1
4 9 24 0 1
48 65 24 1 0
32 65 25 1 0
4 12 26 0 1
4 9 22 0 1
32 68 22 1 0
4 12 23 0 1
4 15 22 0 1
8 0 22 1 0
26 0 23 1 0
9 0 24 1 0
21 0 25 1 0
22 0 26 1 0
20 0 27 1 0
33 0 28 1 0
25 0 29 1 0
7 0 30 1 0
24 0 31 1 0
52 0 32 1 0
54 0 33 1 0
5 0 34 1 0
44 0 35 1 0
66 0 36 1 0
67 0 37 1 0
49 0 38 1 0
50 0 39 1 0
51 0 40 1 0
34 0 41 1 0
4 30 42 0 1
4 22 22 0 1
4 23 20 0 1
11 51 15 1 0
36 51 16 2 0
35 50 17 2 0
37 45 18 1 0
65 45 19 1 0
63 45 20 1 0
46 45 21 1 0
29 45 22 1 0
4 10 23 0 1
71 76 18 1 0
69 76 19 3 0
70 73 20 1 0
32 73 21 1 0
4 12 22 0 1
4 7 20 0 1
72 56 20 1 0
26 56 21 1 0
9 56 22 1 0
21 56 23 1 0
22 56 24 1 0
20 56 25 1 0
33 56 26 1 0
25 56 27 1 0
7 56 28 1 0
24 56 29 1 0
52 56 30 1 0
54 56 31 1 0
5 56 32 1 0
44 56 33 1 0
66 56 34 1 0
67 56 35 1 0
49 56 36 1 0
50 56 37 1 0
51 56 38 5 0
60 55 39 1 0
48 55 40 1 0
32 55 41 1 0
4 12 42 0 1
4 9 39 0 1
32 64 39 1 0
4 12 40 0 1
4 15 39 0 1
4 22 39 0 1
4 23 17 0 1
11 49 15 1 0
36 49 16 2 0
35 48 17 2 0
37 45 18 1 0
65 45 19 1 0
63 45 20 1 0
46 45 21 1 0
29 45 22 1 0
4 10 23 0 1
71 67 18 1 0
69 67 19 3 0
70 66 20 1 0
32 66 21 1 0
4 12 22 0 1
4 7 20 0 1
72 56 20 1 0
26 56 21 1 0
9 56 22 1 0
21 56 23 1 0
22 56 24 1 0
20 56 25 1 0
33 56 26 1 0
25 56 27 1 0
7 56 28 1 0
24 56 29 1 0
52 56 30 1 0
54 56 31 1 0
5 56 32 1 0
44 56 33 1 0
66 56 34 1 0
67 56 35 1 0
49 56 36 1 0
50 56 37 1 0
51 56 38 5 0
60 55 39 1 0
48 55 40 1 0
32 55 41 1 0
4 12 42 0 1
4 9 39 0 1
32 64 39 1 0
4 12 40 0 1
4 15 39 0 1
4 22 39 0 1
4 23 17 0 1
11 47 15 1 0
36 47 16 2 0
35 46 17 2 0
37 45 18 1 0
65 45 19 1 0
63 45 20 1 0
46 45 21 1 0
29 45 22 1 0
4 10 23 0 1
71 60 18 1 0
69 60 19 3 0
70 58 20 1 0
32 58 21 1 0
4 12 22 0 1
4 7 20 0 1
72 75 20 1 0
26 75 21 1 0
9 75 22 1 0
21 75 23 1 0
22 75 24 1 0
20 75 25 1 0
33 75 26 1 0
25 75 27 1 0
7 75 28 1 0
24 75 29 1 0
52 75 30 1 0
54 75 31 1 0
5 75 32 1 0
44 75 33 3 0
44 74 34 3 0
44 73 35 1 0
66 73 36 1 0
67 73 37 1 0
49 73 38 1 0
27 73 39 1 0
32 73 40 1 0
4 12 41 0 1
4 17 35 0 1
66 73 35 1 0
67 73 36 1 0
49 73 37 1 0
27 73 38 1 0
32 73 39 1 0
4 12 40 0 1
4 17 34 0 1
66 5 34 1 0
67 5 35 1 0
49 5 36 1 0
50 5 37 1 0
51 5 38 1 0
34 5 39 1 0
4 11 40 0 1
4 23 17 0 1
11 53 15 1 0
36 53 16 2 0
35 52 17 2 0
37 45 18 1 0
65 45 19 1 0
63 45 20 1 0
46 45 21 1 0
29 45 22 1 0
4 10 23 0 1
71 81 18 1 0
69 81 19 3 0
70 80 20 1 0
32 80 21 1 0
4 12 22 0 1
4 7 20 0 1
72 59 20 1 0
26 59 21 1 0
9 59 22 1 0
21 59 23 1 0
22 59 24 1 0
20 59 25 1 0
33 59 26 1 0
25 59 27 1 0
7 59 28 1 0
24 59 29 1 0
52 59 30 1 0
54 59 31 1 0
5 59 32 1 0
44 59 33 3 0
44 58 34 1 0
66 58 35 1 0
67 58 36 1 0
49 58 37 1 0
27 58 38 1 0
32 58 39 1 0
4 12 40 0 1
4 17 34 0 1
66 66 34 1 0
67 66 35 1 0
49 66 36 1 0
27 66 37 1 0
32 66 38 1 0
4 12 39 0 1
4 23 17 0 1
11 39 15 1 0
3 39 16 1 0
55 39 17 1 0
57 39 18 1 0
28 39 19 2 0
56 38 20 1 0
42 38 21 6 0
60 35 22 1 0
48 35 23 3 0
32 33 24 1 0
4 12 25 0 1
4 9 24 0 1
48 65 24 1 0
32 65 25 1 0
4 12 26 0 1
4 9 22 0 1
32 69 22 1 0
4 12 23 0 1
4 15 22 0 1
8 2 22 1 0
26 2 23 1 0
9 2 24 1 0
21 2 25 1 0
22 2 26 1 0
20 2 27 1 0
33 2 28 1 0
25 2 29 1 0
7 2 30 1 0
24 2 31 1 0
52 2 32 1 0
54 2 33 1 0
5 2 34 3 0
5 1 35 1 0
44 1 36 1 0
66 1 37 1 0
67 1 38 1 0
49 1 39 1 0
50 1 40 1 0
51 1 41 1 0
34 1 42 1 0
4 30 43 0 1
4 6 35 0 1
44 58 35 1 0
66 58 36 1 0
67 58 37 1 0
49 58 38 1 0
27 58 39 1 0
32 58 40 1 0
4 12 41 0 1
4 22 22 0 1
4 23 20 0 1
11 41 15 1 0
3 41 16 1 0
55 41 17 1 0
57 41 18 1 0
28 41 19 2 0
56 40 20 1 0
42 40 21 6 0
60 35 22 1 0
48 35 23 3 0
32 33 24 1 0
4 12 25 0 1
4 9 24 0 1
48 65 24 1 0
32 65 25 1 0
4 12 26 0 1
4 9 22 0 1
32 69 22 1 0
4 12 23 0 1
4 15 22 0 1
8 4 22 1 0
26 4 23 1 0
9 4 24 1 0
21 4 25 1 0
22 4 26 1 0
20 4 27 1 0
33 4 28 1 0
25 4 29 1 0
7 4 30 1 0
24 4 31 1 0
52 4 32 1 0
54 4 33 1 0
5 4 34 3 0
5 3 35 1 0
44 3 36 1 0
66 3 37 1 0
67 3 38 1 0
49 3 39 1 0
50 3 40 1 0
51 3 41 1 0
34 3 42 1 0
4 30 43 0 1
4 6 35 0 1
44 80 35 1 0
66 80 36 1 0
67 80 37 1 0
49 80 38 1 0
27 80 39 1 0
32 80 40 1 0
4 12 41 0 1
4 22 22 0 1
4 23 20 0 1
4 20 14 0 1
4 20 8 0 1
