1 114 0 1 0
21 70 1 1 0
51 70 2 1 0
63 97 3 1 0
0 114 4 1 0
17 97 5 1 0
49 97 6 4 0
19 96 7 1 0
4 25 8 0 1
4 12 7 0 1
64 19 7 1 0
4 17 8 0 1
15 111 7 5 0
4 20 8 0 1
16 98 8 1 0
18 98 9 1 0
2 114 10 1 0
42 98 11 4 0
46 96 12 1 0
4 25 13 0 1
46 103 12 1 0
4 31 13 0 1
44 53 12 2 0
57 52 13 1 0
70 52 14 1 0
68 52 15 1 0
50 52 16 1 0
31 52 17 1 0
4 15 18 0 1
43 68 13 4 0
34 67 14 1 0
4 17 15 0 1
4 22 14 0 1
33 54 14 1 0
32 54 15 2 0
70 52 16 1 0
68 52 17 1 0
50 52 18 1 0
31 52 19 1 0
4 15 20 0 1
76 75 16 1 0
34 75 17 1 0
4 17 18 0 1
4 29 14 0 1
41 112 12 1 0
12 112 13 3 0
4 20 14 0 1
14 101 14 1 0
13 101 15 1 0
3 101 16 1 0
60 101 17 1 0
62 101 18 1 0
58 101 19 3 0
4 28 20 0 1
28 77 20 1 0
10 77 21 1 0
23 77 22 1 0
24 77 23 1 0
22 77 24 1 0
35 77 25 1 0
27 77 26 1 0
7 77 27 1 0
26 77 28 1 0
56 77 29 1 0
59 77 30 1 0
5 77 31 1 0
48 77 32 3 0
48 76 33 3 0
48 75 34 1 0
71 75 35 1 0
72 75 36 1 0
53 75 37 1 0
29 75 38 1 0
34 75 39 1 0
4 17 40 0 1
4 23 34 0 1
71 75 34 1 0
72 75 35 1 0
53 75 36 1 0
29 75 37 1 0
34 75 38 1 0
4 17 39 0 1
4 23 33 0 1
71 8 33 1 0
72 8 34 1 0
53 8 35 1 0
54 8 36 1 0
55 8 37 1 0
37 8 38 1 0
4 16 39 0 1
4 30 20 0 1
4 26 14 0 1
16 99 8 1 0
18 99 9 1 0
2 114 10 1 0
42 99 11 4 0
46 96 12 1 0
4 25 13 0 1
46 103 12 1 0
4 31 13 0 1
44 64 12 2 0
57 52 13 1 0
70 52 14 1 0
68 52 15 1 0
50 52 16 1 0
31 52 17 1 0
4 15 18 0 1
43 105 13 4 0
34 104 14 1 0
4 17 15 0 1
4 22 14 0 1
33 58 14 3 0
32 57 15 2 0
70 52 16 1 0
68 52 17 1 0
50 52 18 1 0
31 52 19 1 0
4 15 20 0 1
76 81 16 1 0
34 81 17 1 0
4 17 18 0 1
4 13 15 0 1
32 61 15 2 0
70 52 16 1 0
68 52 17 1 0
50 52 18 1 0
31 52 19 1 0
4 15 20 0 1
76 90 16 1 0
34 90 17 1 0
4 17 18 0 1
4 29 14 0 1
41 113 12 1 0
12 113 13 3 0
4 20 14 0 1
14 102 14 1 0
13 102 15 1 0
3 102 16 1 0
60 102 17 1 0
62 102 18 1 0
58 102 19 3 0
4 28 20 0 1
28 82 20 1 0
10 82 21 1 0
23 82 22 1 0
24 82 23 1 0
22 82 24 1 0
35 82 25 1 0
27 82 26 1 0
7 82 27 1 0
26 82 28 1 0
56 82 29 1 0
59 82 30 1 0
5 82 31 1 0
48 82 32 3 0
48 81 33 1 0
71 81 34 1 0
72 81 35 1 0
53 81 36 1 0
29 81 37 1 0
34 81 38 1 0
4 17 39 0 1
4 23 33 0 1
71 90 33 1 0
72 90 34 1 0
53 90 35 1 0
29 90 36 1 0
34 90 37 1 0
4 17 38 0 1
4 30 20 0 1
4 26 14 0 1
16 100 8 1 0
18 100 9 1 0
2 114 10 1 0
42 100 11 4 0
46 96 12 1 0
4 25 13 0 1
46 103 12 1 0
4 31 13 0 1
44 109 12 2 0
57 108 13 1 0
4 49 14 0 1
43 86 13 4 0
34 85 14 1 0
4 17 15 0 1
4 22 14 0 1
33 39 14 1 0
32 39 15 2 0
70 38 16 1 0
69 38 17 1 0
66 38 18 2 0
67 36 19 1 0
64 36 20 1 0
4 17 21 0 1
25 50 19 2 0
4 21 20 0 1
4 27 20 0 1
76 51 16 1 0
34 51 17 1 0
4 17 18 0 1
4 29 14 0 1
41 110 12 1 0
12 110 13 3 0
4 20 14 0 1
14 35 14 10 0
13 34 15 1 0
39 34 16 2 0
38 33 17 2 0
40 32 18 1 0
70 32 19 1 0
69 32 20 1 0
67 32 21 1 0
64 32 22 1 0
4 17 23 0 1
77 74 18 1 0
75 74 19 3 0
76 72 20 1 0
34 72 21 1 0
4 17 22 0 1
4 11 20 0 1
78 87 20 1 0
28 87 21 1 0
10 87 22 1 0
23 87 23 1 0
24 87 24 1 0
22 87 25 1 0
35 87 26 1 0
27 87 27 1 0
7 87 28 1 0
26 87 29 1 0
56 87 30 1 0
59 87 31 1 0
5 87 32 1 0
48 87 33 1 0
71 87 34 1 0
72 87 35 1 0
53 87 36 1 0
54 87 37 1 0
55 87 38 1 0
73 87 39 5 0
4 24 40 0 1
20 32 40 1 0
34 32 41 1 0
4 17 42 0 1
4 22 40 0 1
8 41 40 1 0
28 41 41 1 0
10 41 42 1 0
23 41 43 1 0
24 41 44 1 0
22 41 45 1 0
35 41 46 1 0
27 41 47 1 0
7 41 48 1 0
26 41 49 1 0
56 41 50 1 0
59 41 51 1 0
5 41 52 1 0
48 41 53 1 0
71 41 54 1 0
72 41 55 1 0
53 41 56 1 0
29 41 57 3 0
6 40 58 1 0
34 40 59 1 0
4 17 60 0 1
4 14 58 0 1
34 71 58 1 0
4 17 59 0 1
4 29 40 0 1
4 30 17 0 1
13 56 15 1 0
39 56 16 2 0
38 55 17 2 0
40 52 18 1 0
70 52 19 1 0
68 52 20 1 0
50 52 21 1 0
31 52 22 1 0
4 15 23 0 1
77 78 18 1 0
75 78 19 3 0
76 75 20 1 0
34 75 21 1 0
4 17 22 0 1
4 11 20 0 1
78 7 20 1 0
28 7 21 1 0
10 7 22 1 0
23 7 23 1 0
24 7 24 1 0
22 7 25 1 0
35 7 26 1 0
27 7 27 1 0
7 7 28 1 0
26 7 29 1 0
56 7 30 1 0
59 7 31 1 0
5 7 32 1 0
48 7 33 1 0
71 7 34 1 0
72 7 35 1 0
53 7 36 1 0
54 7 37 1 0
55 7 38 1 0
37 7 39 1 0
4 18 40 0 1
4 30 17 0 1
13 63 15 1 0
39 63 16 2 0
38 62 17 2 0
40 52 18 1 0
70 52 19 1 0
68 52 20 1 0
50 52 21 1 0
31 52 22 1 0
4 15 23 0 1
77 91 18 1 0
75 91 19 3 0
76 90 20 1 0
34 90 21 1 0
4 17 22 0 1
4 11 20 0 1
78 7 20 1 0
28 7 21 1 0
10 7 22 1 0
23 7 23 1 0
24 7 24 1 0
22 7 25 1 0
35 7 26 1 0
27 7 27 1 0
7 7 28 1 0
26 7 29 1 0
56 7 30 1 0
59 7 31 1 0
5 7 32 1 0
48 7 33 1 0
71 7 34 1 0
72 7 35 1 0
53 7 36 1 0
54 7 37 1 0
55 7 38 1 0
37 7 39 1 0
4 18 40 0 1
4 30 17 0 1
13 44 15 1 0
3 44 16 1 0
60 44 17 1 0
62 44 18 1 0
30 44 19 2 0
61 43 20 1 0
45 43 21 6 0
65 42 22 1 0
52 42 23 3 0
34 40 24 1 0
4 17 25 0 1
4 14 24 0 1
52 89 24 1 0
34 89 25 1 0
4 17 26 0 1
4 14 22 0 1
34 94 22 1 0
4 17 23 0 1
4 22 22 0 1
8 1 22 1 0
28 1 23 1 0
10 1 24 1 0
23 1 25 1 0
24 1 26 1 0
22 1 27 1 0
35 1 28 1 0
27 1 29 1 0
7 1 30 1 0
26 1 31 1 0
56 1 32 1 0
59 1 33 1 0
5 1 34 1 0
48 1 35 1 0
71 1 36 1 0
72 1 37 1 0
53 1 38 1 0
54 1 39 1 0
55 1 40 1 0
37 1 41 1 0
4 37 42 0 1
4 29 22 0 1
4 30 20 0 1
13 80 15 1 0
3 80 16 1 0
60 80 17 1 0
62 80 18 1 0
30 80 19 2 0
61 79 20 1 0
9 79 21 3 0
36 75 22 1 0
29 75 23 1 0
34 75 24 1 0
4 17 25 0 1
11 9 22 1 0
4 11 23 0 1
28 73 22 1 0
10 73 23 1 0
23 73 24 1 0
24 73 25 1 0
22 73 26 1 0
35 73 27 1 0
27 73 28 1 0
7 73 29 1 0
26 73 30 1 0
56 73 31 1 0
59 73 32 1 0
5 73 33 1 0
48 73 34 1 0
71 73 35 1 0
72 73 36 1 0
53 73 37 1 0
54 73 38 1 0
55 73 39 5 0
65 72 40 1 0
52 72 41 1 0
34 72 42 1 0
4 17 43 0 1
4 14 40 0 1
34 88 40 1 0
4 17 41 0 1
4 22 40 0 1
4 29 40 0 1
4 30 20 0 1
13 93 15 1 0
3 93 16 1 0
60 93 17 1 0
62 93 18 1 0
30 93 19 2 0
61 92 20 1 0
9 92 21 3 0
36 90 22 1 0
29 90 23 1 0
34 90 24 1 0
4 17 25 0 1
11 9 22 1 0
4 11 23 0 1
28 73 22 1 0
10 73 23 1 0
23 73 24 1 0
24 73 25 1 0
22 73 26 1 0
35 73 27 1 0
27 73 28 1 0
7 73 29 1 0
26 73 30 1 0
56 73 31 1 0
59 73 32 1 0
5 73 33 1 0
48 73 34 1 0
71 73 35 1 0
72 73 36 1 0
53 73 37 1 0
54 73 38 1 0
55 73 39 5 0
65 72 40 1 0
52 72 41 1 0
34 72 42 1 0
4 17 43 0 1
4 14 40 0 1
34 88 40 1 0
4 17 41 0 1
4 22 40 0 1
4 29 40 0 1
4 30 20 0 1
13 60 15 1 0
39 60 16 2 0
38 59 17 2 0
40 52 18 1 0
70 52 19 1 0
68 52 20 1 0
50 52 21 1 0
31 52 22 1 0
4 15 23 0 1
77 84 18 1 0
75 84 19 3 0
76 81 20 1 0
34 81 21 1 0
4 17 22 0 1
4 11 20 0 1
78 69 20 1 0
28 69 21 1 0
10 69 22 1 0
23 69 23 1 0
24 69 24 1 0
22 69 25 1 0
35 69 26 1 0
27 69 27 1 0
7 69 28 1 0
26 69 29 1 0
56 69 30 1 0
59 69 31 1 0
5 69 32 1 0
48 69 33 1 0
71 69 34 1 0
72 69 35 1 0
53 69 36 1 0
54 69 37 1 0
55 69 38 4 0
47 67 39 1 0
74 67 40 1 0
4 17 41 0 1
4 22 39 0 1
8 75 39 1 0
28 75 40 1 0
10 75 41 1 0
23 75 42 1 0
24 75 43 1 0
22 75 44 1 0
35 75 45 1 0
27 75 46 1 0
7 75 47 1 0
26 75 48 1 0
56 75 49 1 0
59 75 50 1 0
5 75 51 1 0
48 75 52 1 0
71 75 53 1 0
72 75 54 1 0
53 75 55 1 0
29 75 56 1 0
34 75 57 1 0
4 17 58 0 1
4 29 39 0 1
4 30 17 0 1
13 66 15 1 0
39 66 16 2 0
38 65 17 2 0
40 52 18 1 0
70 52 19 1 0
68 52 20 1 0
50 52 21 1 0
31 52 22 1 0
4 15 23 0 1
77 107 18 1 0
75 107 19 3 0
76 104 20 1 0
34 104 21 1 0
4 17 22 0 1
4 11 20 0 1
78 106 20 1 0
28 106 21 1 0
10 106 22 1 0
23 106 23 1 0
24 106 24 1 0
22 106 25 1 0
35 106 26 1 0
27 106 27 1 0
7 106 28 1 0
26 106 29 1 0
56 106 30 1 0
59 106 31 1 0
5 106 32 1 0
48 106 33 1 0
71 106 34 1 0
72 106 35 1 0
53 106 36 1 0
54 106 37 1 0
55 106 38 4 0
47 104 39 1 0
74 104 40 1 0
4 17 41 0 1
4 22 39 0 1
8 83 39 3 0
28 81 40 1 0
10 81 41 1 0
23 81 42 1 0
24 81 43 1 0
22 81 44 1 0
35 81 45 1 0
27 81 46 1 0
7 81 47 1 0
26 81 48 1 0
56 81 49 1 0
59 81 50 1 0
5 81 51 1 0
48 81 52 1 0
71 81 53 1 0
72 81 54 1 0
53 81 55 1 0
29 81 56 1 0
34 81 57 1 0
4 17 58 0 1
4 13 40 0 1
28 90 40 1 0
10 90 41 1 0
23 90 42 1 0
24 90 43 1 0
22 90 44 1 0
35 90 45 1 0
27 90 46 1 0
7 90 47 1 0
26 90 48 1 0
56 90 49 1 0
59 90 50 1 0
5 90 51 1 0
48 90 52 1 0
71 90 53 1 0
72 90 54 1 0
53 90 55 1 0
29 90 56 1 0
34 90 57 1 0
4 17 58 0 1
4 29 39 0 1
4 30 17 0 1
13 46 15 1 0
3 46 16 1 0
60 46 17 1 0
62 46 18 1 0
30 46 19 2 0
61 45 20 1 0
45 45 21 6 0
65 42 22 1 0
52 42 23 3 0
34 40 24 1 0
4 17 25 0 1
4 14 24 0 1
52 89 24 1 0
34 89 25 1 0
4 17 26 0 1
4 14 22 0 1
34 94 22 1 0
4 17 23 0 1
4 22 22 0 1
8 4 22 1 0
28 4 23 1 0
10 4 24 1 0
23 4 25 1 0
24 4 26 1 0
22 4 27 1 0
35 4 28 1 0
27 4 29 1 0
7 4 30 1 0
26 4 31 1 0
56 4 32 1 0
59 4 33 1 0
5 4 34 3 0
5 3 35 3 0
5 2 36 1 0
48 2 37 1 0
71 2 38 1 0
72 2 39 1 0
53 2 40 1 0
54 2 41 1 0
55 2 42 1 0
37 2 43 1 0
4 37 44 0 1
4 10 36 0 1
48 81 36 1 0
71 81 37 1 0
72 81 38 1 0
53 81 39 1 0
29 81 40 1 0
34 81 41 1 0
4 17 42 0 1
4 10 35 0 1
48 0 35 1 0
71 0 36 1 0
72 0 37 1 0
53 0 38 1 0
54 0 39 1 0
55 0 40 1 0
37 0 41 1 0
4 37 42 0 1
4 29 22 0 1
4 30 20 0 1
13 48 15 1 0
3 48 16 1 0
60 48 17 1 0
62 48 18 1 0
30 48 19 2 0
61 47 20 1 0
45 47 21 6 0
65 42 22 1 0
52 42 23 3 0
34 40 24 1 0
4 17 25 0 1
4 14 24 0 1
52 89 24 1 0
34 89 25 1 0
4 17 26 0 1
4 14 22 0 1
34 95 22 1 0
4 17 23 0 1
4 22 22 0 1
8 6 22 1 0
28 6 23 1 0
10 6 24 1 0
23 6 25 1 0
24 6 26 1 0
22 6 27 1 0
35 6 28 1 0
27 6 29 1 0
7 6 30 1 0
26 6 31 1 0
56 6 32 1 0
59 6 33 1 0
5 6 34 3 0
5 5 35 1 0
48 5 36 1 0
71 5 37 1 0
72 5 38 1 0
53 5 39 1 0
54 5 40 1 0
55 5 41 1 0
37 5 42 1 0
4 37 43 0 1
4 10 35 0 1
48 104 35 1 0
71 104 36 1 0
72 104 37 1 0
53 104 38 1 0
29 104 39 1 0
34 104 40 1 0
4 17 41 0 1
4 29 22 0 1
4 30 20 0 1
4 26 14 0 1
4 26 8 0 1
