1 94 0 1 0
21 59 1 1 0
50 59 2 1 0
61 85 3 1 0
0 94 4 1 0
17 85 5 1 0
48 85 6 4 0
19 84 7 1 0
4 24 8 0 1
4 12 7 0 1
62 18 7 1 0
4 16 8 0 1
15 93 7 3 0
4 19 8 0 1
16 86 8 1 0
18 86 9 1 0
2 94 10 1 0
42 86 11 4 0
46 84 12 1 0
4 24 13 0 1
46 87 12 1 0
4 29 13 0 1
44 91 12 2 0
56 90 13 1 0
4 47 14 0 1
43 74 13 4 0
34 73 14 1 0
4 16 15 0 1
4 21 14 0 1
33 37 14 1 0
32 37 15 2 0
68 36 16 1 0
67 36 17 1 0
64 36 18 2 0
65 34 19 1 0
62 34 20 1 0
4 16 21 0 1
25 48 19 2 0
4 20 20 0 1
4 26 20 0 1
73 49 16 1 0
34 49 17 1 0
4 16 18 0 1
4 27 14 0 1
41 92 12 1 0
12 92 13 3 0
4 19 14 0 1
14 33 14 10 0
13 32 15 1 0
39 32 16 2 0
38 31 17 2 0
40 30 18 1 0
68 30 19 1 0
67 30 20 1 0
65 30 21 1 0
62 30 22 1 0
4 16 23 0 1
74 63 18 1 0
72 63 19 3 0
73 61 20 1 0
34 61 21 1 0
4 16 22 0 1
4 11 20 0 1
75 75 20 1 0
28 75 21 1 0
10 75 22 1 0
23 75 23 1 0
24 75 24 1 0
22 75 25 1 0
35 75 26 1 0
27 75 27 1 0
7 75 28 1 0
26 75 29 1 0
55 75 30 1 0
57 75 31 1 0
5 75 32 1 0
47 75 33 1 0
69 75 34 1 0
70 75 35 1 0
52 75 36 1 0
53 75 37 1 0
54 75 38 1 0
71 75 39 5 0
4 23 40 0 1
20 30 40 1 0
34 30 41 1 0
4 16 42 0 1
4 21 40 0 1
8 39 40 1 0
28 39 41 1 0
10 39 42 1 0
23 39 43 1 0
24 39 44 1 0
22 39 45 1 0
35 39 46 1 0
27 39 47 1 0
7 39 48 1 0
26 39 49 1 0
55 39 50 1 0
57 39 51 1 0
5 39 52 1 0
47 39 53 1 0
69 39 54 1 0
70 39 55 1 0
52 39 56 1 0
29 39 57 3 0
6 38 58 1 0
34 38 59 1 0
4 16 60 0 1
4 13 58 0 1
34 60 58 1 0
4 16 59 0 1
4 27 40 0 1
4 28 17 0 1
13 52 15 1 0
39 52 16 2 0
38 51 17 2 0
40 50 18 1 0
68 50 19 1 0
66 50 20 1 0
49 50 21 1 0
31 50 22 1 0
4 14 23 0 1
74 67 18 1 0
72 67 19 3 0
73 64 20 1 0
34 64 21 1 0
4 16 22 0 1
4 11 20 0 1
75 7 20 1 0
28 7 21 1 0
10 7 22 1 0
23 7 23 1 0
24 7 24 1 0
22 7 25 1 0
35 7 26 1 0
27 7 27 1 0
7 7 28 1 0
26 7 29 1 0
55 7 30 1 0
57 7 31 1 0
5 7 32 1 0
47 7 33 1 0
69 7 34 1 0
70 7 35 1 0
52 7 36 1 0
53 7 37 1 0
54 7 38 1 0
37 7 39 1 0
4 17 40 0 1
4 28 17 0 1
13 56 15 1 0
39 56 16 2 0
38 55 17 2 0
40 50 18 1 0
68 50 19 1 0
66 50 20 1 0
49 50 21 1 0
31 50 22 1 0
4 14 23 0 1
74 79 18 1 0
72 79 19 3 0
73 78 20 1 0
34 78 21 1 0
4 16 22 0 1
4 11 20 0 1
75 7 20 1 0
28 7 21 1 0
10 7 22 1 0
23 7 23 1 0
24 7 24 1 0
22 7 25 1 0
35 7 26 1 0
27 7 27 1 0
7 7 28 1 0
26 7 29 1 0
55 7 30 1 0
57 7 31 1 0
5 7 32 1 0
47 7 33 1 0
69 7 34 1 0
70 7 35 1 0
52 7 36 1 0
53 7 37 1 0
54 7 38 1 0
37 7 39 1 0
4 17 40 0 1
4 28 17 0 1
13 42 15 1 0
3 42 16 1 0
58 42 17 1 0
60 42 18 1 0
30 42 19 2 0
59 41 20 1 0
45 41 21 6 0
63 40 22 1 0
51 40 23 3 0
34 38 24 1 0
4 16 25 0 1
4 13 24 0 1
51 77 24 1 0
34 77 25 1 0
4 16 26 0 1
4 13 22 0 1
34 82 22 1 0
4 16 23 0 1
4 21 22 0 1
8 1 22 1 0
28 1 23 1 0
10 1 24 1 0
23 1 25 1 0
24 1 26 1 0
22 1 27 1 0
35 1 28 1 0
27 1 29 1 0
7 1 30 1 0
26 1 31 1 0
55 1 32 1 0
57 1 33 1 0
5 1 34 1 0
47 1 35 1 0
69 1 36 1 0
70 1 37 1 0
52 1 38 1 0
53 1 39 1 0
54 1 40 1 0
37 1 41 1 0
4 35 42 0 1
4 27 22 0 1
4 28 20 0 1
13 69 15 1 0
3 69 16 1 0
58 69 17 1 0
60 69 18 1 0
30 69 19 2 0
59 68 20 1 0
9 68 21 3 0
36 64 22 1 0
29 64 23 1 0
34 64 24 1 0
4 16 25 0 1
11 9 22 1 0
4 11 23 0 1
28 62 22 1 0
10 62 23 1 0
23 62 24 1 0
24 62 25 1 0
22 62 26 1 0
35 62 27 1 0
27 62 28 1 0
7 62 29 1 0
26 62 30 1 0
55 62 31 1 0
57 62 32 1 0
5 62 33 1 0
47 62 34 1 0
69 62 35 1 0
70 62 36 1 0
52 62 37 1 0
53 62 38 1 0
54 62 39 5 0
63 61 40 1 0
51 61 41 1 0
34 61 42 1 0
4 16 43 0 1
4 13 40 0 1
34 76 40 1 0
4 16 41 0 1
4 21 40 0 1
4 27 40 0 1
4 28 20 0 1
13 81 15 1 0
3 81 16 1 0
58 81 17 1 0
60 81 18 1 0
30 81 19 2 0
59 80 20 1 0
9 80 21 3 0
36 78 22 1 0
29 78 23 1 0
34 78 24 1 0
4 16 25 0 1
11 9 22 1 0
4 11 23 0 1
28 62 22 1 0
10 62 23 1 0
23 62 24 1 0
24 62 25 1 0
22 62 26 1 0
35 62 27 1 0
27 62 28 1 0
7 62 29 1 0
26 62 30 1 0
55 62 31 1 0
57 62 32 1 0
5 62 33 1 0
47 62 34 1 0
69 62 35 1 0
70 62 36 1 0
52 62 37 1 0
53 62 38 1 0
54 62 39 5 0
63 61 40 1 0
51 61 41 1 0
34 61 42 1 0
4 16 43 0 1
4 13 40 0 1
34 76 40 1 0
4 16 41 0 1
4 21 40 0 1
4 27 40 0 1
4 28 20 0 1
13 54 15 1 0
39 54 16 2 0
38 53 17 2 0
40 50 18 1 0
68 50 19 1 0
66 50 20 1 0
49 50 21 1 0
31 50 22 1 0
4 14 23 0 1
74 72 18 1 0
72 72 19 3 0
73 70 20 1 0
34 70 21 1 0
4 16 22 0 1
4 11 20 0 1
75 66 20 1 0
28 66 21 1 0
10 66 22 1 0
23 66 23 1 0
24 66 24 1 0
22 66 25 1 0
35 66 26 1 0
27 66 27 1 0
7 66 28 1 0
26 66 29 1 0
55 66 30 1 0
57 66 31 1 0
5 66 32 1 0
47 66 33 3 0
47 65 34 3 0
47 64 35 1 0
69 64 36 1 0
70 64 37 1 0
52 64 38 1 0
29 64 39 1 0
34 64 40 1 0
4 16 41 0 1
4 22 35 0 1
69 64 35 1 0
70 64 36 1 0
52 64 37 1 0
29 64 38 1 0
34 64 39 1 0
4 16 40 0 1
4 22 34 0 1
69 8 34 1 0
70 8 35 1 0
52 8 36 1 0
53 8 37 1 0
54 8 38 1 0
37 8 39 1 0
4 15 40 0 1
4 28 17 0 1
13 58 15 1 0
39 58 16 2 0
38 57 17 2 0
40 50 18 1 0
68 50 19 1 0
66 50 20 1 0
49 50 21 1 0
31 50 22 1 0
4 14 23 0 1
74 89 18 1 0
72 89 19 3 0
73 88 20 1 0
34 88 21 1 0
4 16 22 0 1
4 11 20 0 1
75 71 20 1 0
28 71 21 1 0
10 71 22 1 0
23 71 23 1 0
24 71 24 1 0
22 71 25 1 0
35 71 26 1 0
27 71 27 1 0
7 71 28 1 0
26 71 29 1 0
55 71 30 1 0
57 71 31 1 0
5 71 32 1 0
47 71 33 3 0
47 70 34 1 0
69 70 35 1 0
70 70 36 1 0
52 70 37 1 0
29 70 38 1 0
34 70 39 1 0
4 16 40 0 1
4 22 34 0 1
69 78 34 1 0
70 78 35 1 0
52 78 36 1 0
29 78 37 1 0
34 78 38 1 0
4 16 39 0 1
4 28 17 0 1
13 44 15 1 0
3 44 16 1 0
58 44 17 1 0
60 44 18 1 0
30 44 19 2 0
59 43 20 1 0
45 43 21 6 0
63 40 22 1 0
51 40 23 3 0
34 38 24 1 0
4 16 25 0 1
4 13 24 0 1
51 77 24 1 0
34 77 25 1 0
4 16 26 0 1
4 13 22 0 1
34 82 22 1 0
4 16 23 0 1
4 21 22 0 1
8 4 22 1 0
28 4 23 1 0
10 4 24 1 0
23 4 25 1 0
24 4 26 1 0
22 4 27 1 0
35 4 28 1 0
27 4 29 1 0
7 4 30 1 0
26 4 31 1 0
55 4 32 1 0
57 4 33 1 0
5 4 34 3 0
5 3 35 3 0
5 2 36 1 0
47 2 37 1 0
69 2 38 1 0
70 2 39 1 0
52 2 40 1 0
53 2 41 1 0
54 2 42 1 0
37 2 43 1 0
4 35 44 0 1
4 10 36 0 1
47 70 36 1 0
69 70 37 1 0
70 70 38 1 0
52 70 39 1 0
29 70 40 1 0
34 70 41 1 0
4 16 42 0 1
4 10 35 0 1
47 0 35 1 0
69 0 36 1 0
70 0 37 1 0
52 0 38 1 0
53 0 39 1 0
54 0 40 1 0
37 0 41 1 0
4 35 42 0 1
4 27 22 0 1
4 28 20 0 1
13 46 15 1 0
3 46 16 1 0
58 46 17 1 0
60 46 18 1 0
30 46 19 2 0
59 45 20 1 0
45 45 21 6 0
63 40 22 1 0
51 40 23 3 0
34 38 24 1 0
4 16 25 0 1
4 13 24 0 1
51 77 24 1 0
34 77 25 1 0
4 16 26 0 1
4 13 22 0 1
34 83 22 1 0
4 16 23 0 1
4 21 22 0 1
8 6 22 1 0
28 6 23 1 0
10 6 24 1 0
23 6 25 1 0
24 6 26 1 0
22 6 27 1 0
35 6 28 1 0
27 6 29 1 0
7 6 30 1 0
26 6 31 1 0
55 6 32 1 0
57 6 33 1 0
5 6 34 3 0
5 5 35 1 0
47 5 36 1 0
69 5 37 1 0
70 5 38 1 0
52 5 39 1 0
53 5 40 1 0
54 5 41 1 0
37 5 42 1 0
4 35 43 0 1
4 10 35 0 1
47 88 35 1 0
69 88 36 1 0
70 88 37 1 0
52 88 38 1 0
29 88 39 1 0
34 88 40 1 0
4 16 41 0 1
4 27 22 0 1
4 28 20 0 1
4 25 14 0 1
4 25 8 0 1
