1 110 0 1 0
21 64 1 1 0
51 64 2 1 0
63 92 3 1 0
0 110 4 1 0
17 92 5 1 0
49 92 6 4 0
19 91 7 1 0
4 23 8 0 1
4 11 7 0 1
64 17 7 1 0
4 16 8 0 1
15 107 7 5 0
4 18 8 0 1
16 93 8 1 0
18 93 9 1 0
2 110 10 1 0
42 93 11 4 0
46 91 12 1 0
4 23 13 0 1
46 98 12 1 0
4 29 13 0 1
44 51 12 2 0
57 50 13 1 0
70 50 14 1 0
68 50 15 1 0
50 50 16 1 0
31 50 17 1 0
4 14 18 0 1
43 62 13 4 0
34 61 14 1 0
4 16 15 0 1
4 20 14 0 1
33 52 14 1 0
32 52 15 2 0
70 50 16 1 0
68 50 17 1 0
50 50 18 1 0
31 50 19 1 0
4 14 20 0 1
76 69 16 1 0
34 69 17 1 0
4 16 18 0 1
4 27 14 0 1
41 108 12 1 0
12 108 13 3 0
4 18 14 0 1
14 96 14 1 0
13 96 15 1 0
3 96 16 1 0
60 96 17 1 0
62 96 18 1 0
58 96 19 3 0
4 26 20 0 1
28 71 20 1 0
10 71 21 1 0
23 71 22 1 0
24 71 23 1 0
22 71 24 1 0
35 71 25 1 0
27 71 26 1 0
7 71 27 1 0
26 71 28 1 0
56 71 29 1 0
59 71 30 1 0
5 71 31 1 0
48 71 32 3 0
48 70 33 3 0
48 69 34 1 0
71 69 35 1 0
72 69 36 1 0
53 69 37 1 0
29 69 38 1 0
34 69 39 1 0
4 16 40 0 1
4 21 34 0 1
71 69 34 1 0
72 69 35 1 0
53 69 36 1 0
29 69 37 1 0
34 69 38 1 0
4 16 39 0 1
4 21 33 0 1
71 7 33 1 0
72 7 34 1 0
53 7 35 1 0
54 7 36 1 0
55 7 37 1 0
37 7 38 1 0
4 15 39 0 1
4 28 20 0 1
4 24 14 0 1
16 94 8 1 0
18 94 9 1 0
2 110 10 1 0
42 94 11 4 0
46 91 12 1 0
4 23 13 0 1
46 98 12 1 0
4 29 13 0 1
44 60 12 2 0
57 50 13 1 0
70 50 14 1 0
68 50 15 1 0
50 50 16 1 0
31 50 17 1 0
4 14 18 0 1
43 100 13 4 0
34 99 14 1 0
4 16 15 0 1
4 20 14 0 1
33 56 14 3 0
32 55 15 2 0
70 50 16 1 0
68 50 17 1 0
50 50 18 1 0
31 50 19 1 0
4 14 20 0 1
76 75 16 1 0
34 75 17 1 0
4 16 18 0 1
4 12 15 0 1
32 59 15 2 0
70 50 16 1 0
68 50 17 1 0
50 50 18 1 0
31 50 19 1 0
4 14 20 0 1
76 86 16 1 0
34 86 17 1 0
4 16 18 0 1
4 27 14 0 1
41 109 12 1 0
12 109 13 3 0
4 18 14 0 1
14 97 14 1 0
13 97 15 1 0
3 97 16 1 0
60 97 17 1 0
62 97 18 1 0
58 97 19 3 0
4 26 20 0 1
28 76 20 1 0
10 76 21 1 0
23 76 22 1 0
24 76 23 1 0
22 76 24 1 0
35 76 25 1 0
27 76 26 1 0
7 76 27 1 0
26 76 28 1 0
56 76 29 1 0
59 76 30 1 0
5 76 31 1 0
48 76 32 3 0
48 75 33 1 0
71 75 34 1 0
72 75 35 1 0
53 75 36 1 0
29 75 37 1 0
34 75 38 1 0
4 16 39 0 1
4 21 33 0 1
71 86 33 1 0
72 86 34 1 0
53 86 35 1 0
29 86 36 1 0
34 86 37 1 0
4 16 38 0 1
4 28 20 0 1
4 24 14 0 1
16 95 8 1 0
18 95 9 1 0
2 110 10 1 0
42 95 11 4 0
46 91 12 1 0
4 23 13 0 1
46 98 12 1 0
4 29 13 0 1
44 105 12 2 0
57 104 13 1 0
4 47 14 0 1
43 82 13 4 0
34 81 14 1 0
4 16 15 0 1
4 20 14 0 1
33 37 14 1 0
32 37 15 2 0
70 36 16 1 0
69 36 17 1 0
66 36 18 2 0
67 34 19 1 0
64 34 20 1 0
4 16 21 0 1
25 48 19 2 0
4 19 20 0 1
4 25 20 0 1
76 49 16 1 0
34 49 17 1 0
4 16 18 0 1
4 27 14 0 1
41 106 12 1 0
12 106 13 3 0
4 18 14 0 1
14 33 14 10 0
13 32 15 1 0
39 32 16 2 0
38 31 17 2 0
40 30 18 1 0
70 30 19 1 0
69 30 20 1 0
67 30 21 1 0
64 30 22 1 0
4 16 23 0 1
77 68 18 1 0
75 68 19 3 0
76 66 20 1 0
34 66 21 1 0
4 16 22 0 1
4 10 20 0 1
78 83 20 1 0
28 83 21 1 0
10 83 22 1 0
23 83 23 1 0
24 83 24 1 0
22 83 25 1 0
35 83 26 1 0
27 83 27 1 0
7 83 28 1 0
26 83 29 1 0
56 83 30 1 0
59 83 31 1 0
5 83 32 1 0
48 83 33 1 0
71 83 34 1 0
72 83 35 1 0
53 83 36 1 0
54 83 37 1 0
55 83 38 1 0
73 83 39 5 0
4 22 40 0 1
20 30 40 1 0
34 30 41 1 0
4 16 42 0 1
4 20 40 0 1
8 39 40 1 0
28 39 41 1 0
10 39 42 1 0
23 39 43 1 0
24 39 44 1 0
22 39 45 1 0
35 39 46 1 0
27 39 47 1 0
7 39 48 1 0
26 39 49 1 0
56 39 50 1 0
59 39 51 1 0
5 39 52 1 0
48 39 53 1 0
71 39 54 1 0
72 39 55 1 0
53 39 56 1 0
29 39 57 3 0
6 38 58 1 0
34 38 59 1 0
4 16 60 0 1
4 13 58 0 1
34 65 58 1 0
4 16 59 0 1
4 27 40 0 1
4 28 17 0 1
13 54 15 1 0
39 54 16 2 0
38 53 17 2 0
40 50 18 1 0
70 50 19 1 0
68 50 20 1 0
50 50 21 1 0
31 50 22 1 0
4 14 23 0 1
77 72 18 3 0
75 69 19 1 0
76 69 20 1 0
34 69 21 1 0
4 16 22 0 1
4 12 19 0 1
75 86 19 1 0
76 86 20 1 0
34 86 21 1 0
4 16 22 0 1
4 28 17 0 1
13 58 15 1 0
39 58 16 2 0
38 57 17 2 0
40 50 18 1 0
70 50 19 1 0
68 50 20 1 0
50 50 21 1 0
31 50 22 1 0
4 14 23 0 1
77 78 18 3 0
75 75 19 1 0
76 75 20 1 0
34 75 21 1 0
4 16 22 0 1
4 12 19 0 1
75 99 19 1 0
76 99 20 1 0
34 99 21 1 0
4 16 22 0 1
4 28 17 0 1
13 42 15 1 0
3 42 16 1 0
60 42 17 1 0
62 42 18 1 0
30 42 19 2 0
61 41 20 1 0
45 41 21 6 0
65 40 22 1 0
52 40 23 3 0
34 38 24 1 0
4 16 25 0 1
4 13 24 0 1
52 85 24 1 0
34 85 25 1 0
4 16 26 0 1
4 13 22 0 1
34 89 22 1 0
4 16 23 0 1
4 20 22 0 1
8 1 22 1 0
28 1 23 1 0
10 1 24 1 0
23 1 25 1 0
24 1 26 1 0
22 1 27 1 0
35 1 28 1 0
27 1 29 1 0
7 1 30 1 0
26 1 31 1 0
56 1 32 1 0
59 1 33 1 0
5 1 34 1 0
48 1 35 1 0
71 1 36 1 0
72 1 37 1 0
53 1 38 1 0
54 1 39 1 0
55 1 40 1 0
37 1 41 1 0
4 35 42 0 1
4 27 22 0 1
4 28 20 0 1
13 74 15 1 0
3 74 16 1 0
60 74 17 1 0
62 74 18 1 0
30 74 19 2 0
61 73 20 1 0
9 73 21 3 0
36 69 22 1 0
29 69 23 1 0
34 69 24 1 0
4 16 25 0 1
11 8 22 1 0
4 10 23 0 1
28 67 22 1 0
10 67 23 1 0
23 67 24 1 0
24 67 25 1 0
22 67 26 1 0
35 67 27 1 0
27 67 28 1 0
7 67 29 1 0
26 67 30 1 0
56 67 31 1 0
59 67 32 1 0
5 67 33 1 0
48 67 34 1 0
71 67 35 1 0
72 67 36 1 0
53 67 37 1 0
54 67 38 1 0
55 67 39 5 0
65 66 40 1 0
52 66 41 1 0
34 66 42 1 0
4 16 43 0 1
4 13 40 0 1
34 84 40 1 0
4 16 41 0 1
4 20 40 0 1
4 27 40 0 1
4 28 20 0 1
13 88 15 1 0
3 88 16 1 0
60 88 17 1 0
62 88 18 1 0
30 88 19 2 0
61 87 20 1 0
9 87 21 3 0
36 86 22 1 0
29 86 23 1 0
34 86 24 1 0
4 16 25 0 1
11 8 22 1 0
4 10 23 0 1
28 67 22 1 0
10 67 23 1 0
23 67 24 1 0
24 67 25 1 0
22 67 26 1 0
35 67 27 1 0
27 67 28 1 0
7 67 29 1 0
26 67 30 1 0
56 67 31 1 0
59 67 32 1 0
5 67 33 1 0
48 67 34 1 0
71 67 35 1 0
72 67 36 1 0
53 67 37 1 0
54 67 38 1 0
55 67 39 5 0
65 66 40 1 0
52 66 41 1 0
34 66 42 1 0
4 16 43 0 1
4 13 40 0 1
34 84 40 1 0
4 16 41 0 1
4 20 40 0 1
4 27 40 0 1
4 28 20 0 1
13 80 15 1 0
3 80 16 1 0
60 80 17 1 0
62 80 18 1 0
30 80 19 2 0
61 79 20 1 0
9 79 21 3 0
36 75 22 1 0
29 75 23 1 0
34 75 24 1 0
4 16 25 0 1
11 8 22 1 0
4 10 23 0 1
28 63 22 1 0
10 63 23 1 0
23 63 24 1 0
24 63 25 1 0
22 63 26 1 0
35 63 27 1 0
27 63 28 1 0
7 63 29 1 0
26 63 30 1 0
56 63 31 1 0
59 63 32 1 0
5 63 33 1 0
48 63 34 1 0
71 63 35 1 0
72 63 36 1 0
53 63 37 1 0
54 63 38 1 0
55 63 39 4 0
47 61 40 1 0
74 61 41 1 0
4 16 42 0 1
4 20 40 0 1
8 69 40 1 0
28 69 41 1 0
10 69 42 1 0
23 69 43 1 0
24 69 44 1 0
22 69 45 1 0
35 69 46 1 0
27 69 47 1 0
7 69 48 1 0
26 69 49 1 0
56 69 50 1 0
59 69 51 1 0
5 69 52 1 0
48 69 53 1 0
71 69 54 1 0
72 69 55 1 0
53 69 56 1 0
29 69 57 1 0
34 69 58 1 0
4 16 59 0 1
4 27 40 0 1
4 28 20 0 1
13 103 15 1 0
3 103 16 1 0
60 103 17 1 0
62 103 18 1 0
30 103 19 2 0
61 102 20 1 0
9 102 21 3 0
36 99 22 1 0
29 99 23 1 0
34 99 24 1 0
4 16 25 0 1
11 8 22 1 0
4 10 23 0 1
28 101 22 1 0
10 101 23 1 0
23 101 24 1 0
24 101 25 1 0
22 101 26 1 0
35 101 27 1 0
27 101 28 1 0
7 101 29 1 0
26 101 30 1 0
56 101 31 1 0
59 101 32 1 0
5 101 33 1 0
48 101 34 1 0
71 101 35 1 0
72 101 36 1 0
53 101 37 1 0
54 101 38 1 0
55 101 39 4 0
47 99 40 1 0
74 99 41 1 0
4 16 42 0 1
4 20 40 0 1
8 77 40 3 0
28 75 41 1 0
10 75 42 1 0
23 75 43 1 0
24 75 44 1 0
22 75 45 1 0
35 75 46 1 0
27 75 47 1 0
7 75 48 1 0
26 75 49 1 0
56 75 50 1 0
59 75 51 1 0
5 75 52 1 0
48 75 53 1 0
71 75 54 1 0
72 75 55 1 0
53 75 56 1 0
29 75 57 1 0
34 75 58 1 0
4 16 59 0 1
4 12 41 0 1
28 86 41 1 0
10 86 42 1 0
23 86 43 1 0
24 86 44 1 0
22 86 45 1 0
35 86 46 1 0
27 86 47 1 0
7 86 48 1 0
26 86 49 1 0
56 86 50 1 0
59 86 51 1 0
5 86 52 1 0
48 86 53 1 0
71 86 54 1 0
72 86 55 1 0
53 86 56 1 0
29 86 57 1 0
34 86 58 1 0
4 16 59 0 1
4 27 40 0 1
4 28 20 0 1
13 44 15 1 0
3 44 16 1 0
60 44 17 1 0
62 44 18 1 0
30 44 19 2 0
61 43 20 1 0
45 43 21 6 0
65 40 22 1 0
52 40 23 3 0
34 38 24 1 0
4 16 25 0 1
4 13 24 0 1
52 85 24 1 0
34 85 25 1 0
4 16 26 0 1
4 13 22 0 1
34 89 22 1 0
4 16 23 0 1
4 20 22 0 1
8 4 22 1 0
28 4 23 1 0
10 4 24 1 0
23 4 25 1 0
24 4 26 1 0
22 4 27 1 0
35 4 28 1 0
27 4 29 1 0
7 4 30 1 0
26 4 31 1 0
56 4 32 1 0
59 4 33 1 0
5 4 34 3 0
5 3 35 3 0
5 2 36 1 0
48 2 37 1 0
71 2 38 1 0
72 2 39 1 0
53 2 40 1 0
54 2 41 1 0
55 2 42 1 0
37 2 43 1 0
4 35 44 0 1
4 9 36 0 1
48 75 36 1 0
71 75 37 1 0
72 75 38 1 0
53 75 39 1 0
29 75 40 1 0
34 75 41 1 0
4 16 42 0 1
4 9 35 0 1
48 0 35 1 0
71 0 36 1 0
72 0 37 1 0
53 0 38 1 0
54 0 39 1 0
55 0 40 1 0
37 0 41 1 0
4 35 42 0 1
4 27 22 0 1
4 28 20 0 1
13 46 15 1 0
3 46 16 1 0
60 46 17 1 0
62 46 18 1 0
30 46 19 2 0
61 45 20 1 0
45 45 21 6 0
65 40 22 1 0
52 40 23 3 0
34 38 24 1 0
4 16 25 0 1
4 13 24 0 1
52 85 24 1 0
34 85 25 1 0
4 16 26 0 1
4 13 22 0 1
34 90 22 1 0
4 16 23 0 1
4 20 22 0 1
8 6 22 1 0
28 6 23 1 0
10 6 24 1 0
23 6 25 1 0
24 6 26 1 0
22 6 27 1 0
35 6 28 1 0
27 6 29 1 0
7 6 30 1 0
26 6 31 1 0
56 6 32 1 0
59 6 33 1 0
5 6 34 3 0
5 5 35 1 0
48 5 36 1 0
71 5 37 1 0
72 5 38 1 0
53 5 39 1 0
54 5 40 1 0
55 5 41 1 0
37 5 42 1 0
4 35 43 0 1
4 9 35 0 1
48 99 35 1 0
71 99 36 1 0
72 99 37 1 0
53 99 38 1 0
29 99 39 1 0
34 99 40 1 0
4 16 41 0 1
4 27 22 0 1
4 28 20 0 1
4 24 14 0 1
4 24 8 0 1
