1 85 0 1 0
19 57 1 1 0
47 57 2 1 0
58 72 3 1 0
0 85 4 1 0
15 72 5 1 0
45 72 6 4 0
17 71 7 1 0
4 19 8 0 1
4 8 7 0 1
59 13 7 1 0
4 12 8 0 1
13 84 7 3 0
4 14 8 0 1
14 73 8 1 0
16 73 9 1 0
2 85 10 1 0
39 73 11 4 0
43 71 12 1 0
4 19 13 0 1
43 78 12 1 0
4 24 13 0 1
41 80 12 2 0
53 79 13 1 0
4 42 14 0 1
40 65 13 4 0
32 64 14 1 0
4 12 15 0 1
4 16 14 0 1
31 32 14 1 0
30 32 15 2 0
65 31 16 1 0
64 31 17 1 0
61 31 18 2 0
62 29 19 1 0
59 29 20 1 0
4 12 21 0 1
23 43 19 2 0
4 15 20 0 1
4 21 20 0 1
70 47 16 1 0
32 47 17 1 0
4 12 18 0 1
4 22 14 0 1
38 83 12 1 0
10 83 13 3 0
4 14 14 0 1
12 28 14 8 0
11 27 15 1 0
36 27 16 2 0
35 26 17 2 0
37 25 18 1 0
65 25 19 1 0
64 25 20 1 0
62 25 21 1 0
59 25 22 1 0
4 12 23 0 1
71 61 18 1 0
69 61 19 3 0
70 59 20 1 0
32 59 21 1 0
4 12 22 0 1
4 7 20 0 1
72 66 20 1 0
26 66 21 1 0
9 66 22 1 0
21 66 23 1 0
22 66 24 1 0
20 66 25 1 0
33 66 26 1 0
25 66 27 1 0
7 66 28 1 0
24 66 29 1 0
52 66 30 1 0
54 66 31 1 0
5 66 32 1 0
44 66 33 1 0
66 66 34 1 0
67 66 35 1 0
49 66 36 1 0
50 66 37 1 0
51 66 38 1 0
68 66 39 5 0
4 18 40 0 1
18 25 40 1 0
32 25 41 1 0
4 12 42 0 1
4 16 40 0 1
8 34 40 1 0
26 34 41 1 0
9 34 42 1 0
21 34 43 1 0
22 34 44 1 0
20 34 45 1 0
33 34 46 1 0
25 34 47 1 0
7 34 48 1 0
24 34 49 1 0
52 34 50 1 0
54 34 51 1 0
5 34 52 1 0
44 34 53 1 0
66 34 54 1 0
67 34 55 1 0
49 34 56 1 0
27 34 57 3 0
6 33 58 1 0
32 33 59 1 0
4 12 60 0 1
4 9 58 0 1
32 58 58 1 0
4 12 59 0 1
4 22 40 0 1
4 23 17 0 1
11 37 15 1 0
3 37 16 1 0
55 37 17 1 0
57 37 18 1 0
28 37 19 2 0
56 36 20 1 0
42 36 21 6 0
60 35 22 1 0
48 35 23 3 0
32 33 24 1 0
4 12 25 0 1
4 9 24 0 1
48 68 24 1 0
32 68 25 1 0
4 12 26 0 1
4 9 22 0 1
32 69 22 1 0
4 12 23 0 1
4 16 22 0 1
8 0 22 1 0
26 0 23 1 0
9 0 24 1 0
21 0 25 1 0
22 0 26 1 0
20 0 27 1 0
33 0 28 1 0
25 0 29 1 0
7 0 30 1 0
24 0 31 1 0
52 0 32 1 0
54 0 33 1 0
5 0 34 1 0
44 0 35 1 0
66 0 36 1 0
67 0 37 1 0
49 0 38 1 0
50 0 39 1 0
51 0 40 1 0
34 0 41 1 0
4 30 42 0 1
4 22 22 0 1
4 23 20 0 1
11 54 15 1 0
36 54 16 2 0
35 53 17 2 0
37 48 18 1 0
65 48 19 1 0
63 48 20 1 0
46 48 21 1 0
29 48 22 1 0
4 10 23 0 1
71 77 18 1 0
69 77 19 3 0
70 74 20 1 0
32 74 21 1 0
4 12 22 0 1
4 7 20 0 1
72 60 20 1 0
26 60 21 1 0
9 60 22 1 0
21 60 23 1 0
22 60 24 1 0
20 60 25 1 0
33 60 26 1 0
25 60 27 1 0
7 60 28 1 0
24 60 29 1 0
52 60 30 1 0
54 60 31 1 0
5 60 32 1 0
44 60 33 1 0
66 60 34 1 0
67 60 35 1 0
49 60 36 1 0
50 60 37 1 0
51 60 38 5 0
60 59 39 1 0
48 59 40 1 0
32 59 41 1 0
4 12 42 0 1
4 9 39 0 1
32 67 39 1 0
4 12 40 0 1
4 16 39 0 1
4 22 39 0 1
4 23 17 0 1
11 52 15 1 0
36 52 16 2 0
35 51 17 2 0
37 48 18 1 0
65 48 19 1 0
63 48 20 1 0
46 48 21 1 0
29 48 22 1 0
4 10 23 0 1
71 63 18 1 0
69 63 19 3 0
70 62 20 1 0
32 62 21 1 0
4 12 22 0 1
4 7 20 0 1
72 60 20 1 0
26 60 21 1 0
9 60 22 1 0
21 60 23 1 0
22 60 24 1 0
20 60 25 1 0
33 60 26 1 0
25 60 27 1 0
7 60 28 1 0
24 60 29 1 0
52 60 30 1 0
54 60 31 1 0
5 60 32 1 0
44 60 33 1 0
66 60 34 1 0
67 60 35 1 0
49 60 36 1 0
50 60 37 1 0
51 60 38 5 0
60 59 39 1 0
48 59 40 1 0
32 59 41 1 0
4 12 42 0 1
4 9 39 0 1
32 67 39 1 0
4 12 40 0 1
4 16 39 0 1
4 22 39 0 1
4 23 17 0 1
11 50 15 1 0
36 50 16 2 0
35 49 17 2 0
37 48 18 1 0
65 48 19 1 0
63 48 20 1 0
46 48 21 1 0
29 48 22 1 0
4 10 23 0 1
71 46 18 1 0
69 46 19 3 0
70 44 20 1 0
32 44 21 1 0
4 12 22 0 1
4 7 20 0 1
72 76 20 1 0
26 76 21 1 0
9 76 22 1 0
21 76 23 1 0
22 76 24 1 0
20 76 25 1 0
33 76 26 1 0
25 76 27 1 0
7 76 28 1 0
24 76 29 1 0
52 76 30 1 0
54 76 31 1 0
5 76 32 1 0
44 76 33 3 0
44 75 34 3 0
44 74 35 1 0
66 74 36 1 0
67 74 37 1 0
49 74 38 1 0
27 74 39 1 0
32 74 40 1 0
4 12 41 0 1
4 17 35 0 1
66 74 35 1 0
67 74 36 1 0
49 74 37 1 0
27 74 38 1 0
32 74 39 1 0
4 12 40 0 1
4 17 34 0 1
66 5 34 1 0
67 5 35 1 0
49 5 36 1 0
50 5 37 1 0
51 5 38 1 0
34 5 39 1 0
4 11 40 0 1
4 23 17 0 1
11 56 15 1 0
36 56 16 2 0
35 55 17 2 0
37 48 18 1 0
65 48 19 1 0
63 48 20 1 0
46 48 21 1 0
29 48 22 1 0
4 10 23 0 1
71 82 18 1 0
69 82 19 3 0
70 81 20 1 0
32 81 21 1 0
4 12 22 0 1
4 7 20 0 1
72 45 20 1 0
26 45 21 1 0
9 45 22 1 0
21 45 23 1 0
22 45 24 1 0
20 45 25 1 0
33 45 26 1 0
25 45 27 1 0
7 45 28 1 0
24 45 29 1 0
52 45 30 1 0
54 45 31 1 0
5 45 32 1 0
44 45 33 3 0
44 44 34 1 0
66 44 35 1 0
67 44 36 1 0
49 44 37 1 0
27 44 38 1 0
32 44 39 1 0
4 12 40 0 1
4 17 34 0 1
66 62 34 1 0
67 62 35 1 0
49 62 36 1 0
27 62 37 1 0
32 62 38 1 0
4 12 39 0 1
4 23 17 0 1
11 39 15 1 0
3 39 16 1 0
55 39 17 1 0
57 39 18 1 0
28 39 19 2 0
56 38 20 1 0
42 38 21 6 0
60 35 22 1 0
48 35 23 3 0
32 33 24 1 0
4 12 25 0 1
4 9 24 0 1
48 68 24 1 0
32 68 25 1 0
4 12 26 0 1
4 9 22 0 1
32 70 22 1 0
4 12 23 0 1
4 16 22 0 1
8 2 22 1 0
26 2 23 1 0
9 2 24 1 0
21 2 25 1 0
22 2 26 1 0
20 2 27 1 0
33 2 28 1 0
25 2 29 1 0
7 2 30 1 0
24 2 31 1 0
52 2 32 1 0
54 2 33 1 0
5 2 34 3 0
5 1 35 1 0
44 1 36 1 0
66 1 37 1 0
67 1 38 1 0
49 1 39 1 0
50 1 40 1 0
51 1 41 1 0
34 1 42 1 0
4 30 43 0 1
4 6 35 0 1
44 44 35 1 0
66 44 36 1 0
67 44 37 1 0
49 44 38 1 0
27 44 39 1 0
32 44 40 1 0
4 12 41 0 1
4 22 22 0 1
4 23 20 0 1
11 41 15 1 0
3 41 16 1 0
55 41 17 1 0
57 41 18 1 0
28 41 19 2 0
56 40 20 1 0
42 40 21 6 0
60 35 22 1 0
48 35 23 3 0
32 33 24 1 0
4 12 25 0 1
4 9 24 0 1
48 68 24 1 0
32 68 25 1 0
4 12 26 0 1
4 9 22 0 1
32 70 22 1 0
4 12 23 0 1
4 16 22 0 1
8 4 22 1 0
26 4 23 1 0
9 4 24 1 0
21 4 25 1 0
22 4 26 1 0
20 4 27 1 0
33 4 28 1 0
25 4 29 1 0
7 4 30 1 0
24 4 31 1 0
52 4 32 1 0
54 4 33 1 0
5 4 34 3 0
5 3 35 1 0
44 3 36 1 0
66 3 37 1 0
67 3 38 1 0
49 3 39 1 0
50 3 40 1 0
51 3 41 1 0
34 3 42 1 0
4 30 43 0 1
4 6 35 0 1
44 81 35 1 0
66 81 36 1 0
67 81 37 1 0
49 81 38 1 0
27 81 39 1 0
32 81 40 1 0
4 12 41 0 1
4 22 22 0 1
4 23 20 0 1
4 20 14 0 1
4 20 8 0 1
