1 109 0 1 0
19 71 1 1 0
48 71 2 1 0
60 92 3 1 0
0 109 4 1 0
15 92 5 1 0
46 92 6 4 0
17 91 7 1 0
4 22 8 0 1
4 8 7 0 1
61 15 7 1 0
4 14 8 0 1
13 106 7 5 0
4 16 8 0 1
14 93 8 1 0
16 93 9 1 0
2 109 10 1 0
39 93 11 4 0
43 91 12 1 0
4 22 13 0 1
43 100 12 1 0
4 28 13 0 1
41 102 12 2 0
54 101 13 1 0
4 46 14 0 1
40 82 13 4 0
32 81 14 1 0
4 14 15 0 1
4 18 14 0 1
31 35 14 1 0
30 35 15 2 0
67 34 16 1 0
66 34 17 1 0
63 34 18 2 0
64 32 19 1 0
61 32 20 1 0
4 14 21 0 1
23 47 19 2 0
4 17 20 0 1
4 24 20 0 1
73 48 16 1 0
32 48 17 1 0
4 14 18 0 1
4 26 14 0 1
38 105 12 1 0
10 105 13 3 0
4 16 14 0 1
12 41 14 8 0
11 40 15 1 0
3 40 16 1 0
57 40 17 1 0
59 40 18 1 0
28 40 19 2 0
58 39 20 1 0
42 39 21 6 0
62 38 22 1 0
49 38 23 3 0
32 36 24 1 0
4 14 25 0 1
4 10 24 0 1
49 85 24 1 0
32 85 25 1 0
4 14 26 0 1
4 10 22 0 1
32 86 22 1 0
4 14 23 0 1
4 18 22 0 1
8 0 22 1 0
26 0 23 1 0
9 0 24 1 0
21 0 25 1 0
22 0 26 1 0
20 0 27 1 0
33 0 28 1 0
25 0 29 1 0
7 0 30 1 0
24 0 31 1 0
53 0 32 1 0
56 0 33 1 0
5 0 34 1 0
45 0 35 1 0
68 0 36 1 0
69 0 37 1 0
50 0 38 1 0
51 0 39 1 0
52 0 40 1 0
34 0 41 1 0
4 33 42 0 1
4 26 22 0 1
4 27 20 0 1
11 31 15 1 0
36 31 16 2 0
35 30 17 2 0
37 29 18 1 0
67 29 19 1 0
66 29 20 1 0
64 29 21 1 0
61 29 22 1 0
4 14 23 0 1
74 74 18 1 0
72 74 19 3 0
73 72 20 1 0
32 72 21 1 0
4 14 22 0 1
4 7 20 0 1
75 83 20 1 0
26 83 21 1 0
9 83 22 1 0
21 83 23 1 0
22 83 24 1 0
20 83 25 1 0
33 83 26 1 0
25 83 27 1 0
7 83 28 1 0
24 83 29 1 0
53 83 30 1 0
56 83 31 1 0
5 83 32 1 0
45 83 33 1 0
68 83 34 1 0
69 83 35 1 0
50 83 36 1 0
51 83 37 1 0
52 83 38 1 0
70 83 39 5 0
4 20 40 0 1
18 29 40 1 0
32 29 41 1 0
4 14 42 0 1
4 18 40 0 1
8 37 40 1 0
26 37 41 1 0
9 37 42 1 0
21 37 43 1 0
22 37 44 1 0
20 37 45 1 0
33 37 46 1 0
25 37 47 1 0
7 37 48 1 0
24 37 49 1 0
53 37 50 1 0
56 37 51 1 0
5 37 52 1 0
45 37 53 1 0
68 37 54 1 0
69 37 55 1 0
50 37 56 1 0
27 37 57 3 0
6 36 58 1 0
32 36 59 1 0
4 14 60 0 1
4 10 58 0 1
32 72 58 1 0
4 14 59 0 1
4 26 40 0 1
4 27 17 0 1
11 64 15 1 0
36 64 16 2 0
35 63 17 2 0
37 58 18 1 0
67 58 19 1 0
65 58 20 1 0
47 58 21 1 0
29 58 22 1 0
4 12 23 0 1
74 97 18 1 0
72 97 19 3 0
73 94 20 1 0
32 94 21 1 0
4 14 22 0 1
4 7 20 0 1
75 73 20 1 0
26 73 21 1 0
9 73 22 1 0
21 73 23 1 0
22 73 24 1 0
20 73 25 1 0
33 73 26 1 0
25 73 27 1 0
7 73 28 1 0
24 73 29 1 0
53 73 30 1 0
56 73 31 1 0
5 73 32 1 0
45 73 33 1 0
68 73 34 1 0
69 73 35 1 0
50 73 36 1 0
51 73 37 1 0
52 73 38 5 0
62 72 39 1 0
49 72 40 1 0
32 72 41 1 0
4 14 42 0 1
4 10 39 0 1
32 84 39 1 0
4 14 40 0 1
4 18 39 0 1
4 26 39 0 1
4 27 17 0 1
11 61 15 1 0
36 61 16 2 0
35 60 17 2 0
37 58 18 1 0
67 58 19 1 0
65 58 20 1 0
47 58 21 1 0
29 58 22 1 0
4 12 23 0 1
74 76 18 1 0
72 76 19 3 0
73 75 20 1 0
32 75 21 1 0
4 14 22 0 1
4 7 20 0 1
75 73 20 1 0
26 73 21 1 0
9 73 22 1 0
21 73 23 1 0
22 73 24 1 0
20 73 25 1 0
33 73 26 1 0
25 73 27 1 0
7 73 28 1 0
24 73 29 1 0
53 73 30 1 0
56 73 31 1 0
5 73 32 1 0
45 73 33 1 0
68 73 34 1 0
69 73 35 1 0
50 73 36 1 0
51 73 37 1 0
52 73 38 5 0
62 72 39 1 0
49 72 40 1 0
32 72 41 1 0
4 14 42 0 1
4 10 39 0 1
32 84 39 1 0
4 14 40 0 1
4 18 39 0 1
4 26 39 0 1
4 27 17 0 1
11 55 15 1 0
36 55 16 2 0
35 54 17 2 0
37 49 18 1 0
67 49 19 1 0
65 49 20 1 0
47 49 21 1 0
29 49 22 1 0
4 11 23 0 1
74 80 18 1 0
72 80 19 3 0
73 77 20 1 0
32 77 21 1 0
4 14 22 0 1
4 7 20 0 1
75 67 20 1 0
26 67 21 1 0
9 67 22 1 0
21 67 23 1 0
22 67 24 1 0
20 67 25 1 0
33 67 26 1 0
25 67 27 1 0
7 67 28 1 0
24 67 29 1 0
53 67 30 1 0
56 67 31 1 0
5 67 32 1 0
45 67 33 1 0
68 67 34 1 0
69 67 35 1 0
50 67 36 1 0
51 67 37 1 0
52 67 38 4 0
44 65 39 1 0
71 65 40 1 0
4 14 41 0 1
4 18 39 0 1
8 94 39 1 0
26 94 40 1 0
9 94 41 1 0
21 94 42 1 0
22 94 43 1 0
20 94 44 1 0
33 94 45 1 0
25 94 46 1 0
7 94 47 1 0
24 94 48 1 0
53 94 49 1 0
56 94 50 1 0
5 94 51 1 0
45 94 52 1 0
68 94 53 1 0
69 94 54 1 0
50 94 55 1 0
27 94 56 1 0
32 94 57 1 0
4 14 58 0 1
4 26 39 0 1
4 27 17 0 1
11 43 15 1 0
3 43 16 1 0
57 43 17 1 0
59 43 18 1 0
28 43 19 2 0
58 42 20 1 0
42 42 21 6 0
62 38 22 1 0
49 38 23 3 0
32 36 24 1 0
4 14 25 0 1
4 10 24 0 1
49 85 24 1 0
32 85 25 1 0
4 14 26 0 1
4 10 22 0 1
32 87 22 1 0
4 14 23 0 1
4 18 22 0 1
8 2 22 1 0
26 2 23 1 0
9 2 24 1 0
21 2 25 1 0
22 2 26 1 0
20 2 27 1 0
33 2 28 1 0
25 2 29 1 0
7 2 30 1 0
24 2 31 1 0
53 2 32 1 0
56 2 33 1 0
5 2 34 3 0
5 1 35 1 0
45 1 36 1 0
68 1 37 1 0
69 1 38 1 0
50 1 39 1 0
51 1 40 1 0
52 1 41 1 0
34 1 42 1 0
4 33 43 0 1
4 6 35 0 1
45 77 35 1 0
68 77 36 1 0
69 77 37 1 0
50 77 38 1 0
27 77 39 1 0
32 77 40 1 0
4 14 41 0 1
4 26 22 0 1
4 27 20 0 1
11 57 15 1 0
36 57 16 2 0
35 56 17 2 0
37 49 18 1 0
67 49 19 1 0
65 49 20 1 0
47 49 21 1 0
29 49 22 1 0
4 11 23 0 1
74 104 18 1 0
72 104 19 3 0
73 103 20 1 0
32 103 21 1 0
4 14 22 0 1
4 7 20 0 1
75 70 20 1 0
26 70 21 1 0
9 70 22 1 0
21 70 23 1 0
22 70 24 1 0
20 70 25 1 0
33 70 26 1 0
25 70 27 1 0
7 70 28 1 0
24 70 29 1 0
53 70 30 1 0
56 70 31 1 0
5 70 32 1 0
45 70 33 1 0
68 70 34 1 0
69 70 35 1 0
50 70 36 1 0
51 70 37 1 0
52 70 38 4 0
44 68 39 1 0
71 68 40 1 0
4 14 41 0 1
4 18 39 0 1
8 79 39 3 0
26 77 40 1 0
9 77 41 1 0
21 77 42 1 0
22 77 43 1 0
20 77 44 1 0
33 77 45 1 0
25 77 46 1 0
7 77 47 1 0
24 77 48 1 0
53 77 49 1 0
56 77 50 1 0
5 77 51 1 0
45 77 52 1 0
68 77 53 1 0
69 77 54 1 0
50 77 55 1 0
27 77 56 1 0
32 77 57 1 0
4 14 58 0 1
4 9 40 0 1
26 75 40 1 0
9 75 41 1 0
21 75 42 1 0
22 75 43 1 0
20 75 44 1 0
33 75 45 1 0
25 75 46 1 0
7 75 47 1 0
24 75 48 1 0
53 75 49 1 0
56 75 50 1 0
5 75 51 1 0
45 75 52 1 0
68 75 53 1 0
69 75 54 1 0
50 75 55 1 0
27 75 56 1 0
32 75 57 1 0
4 14 58 0 1
4 26 39 0 1
4 27 17 0 1
11 45 15 1 0
3 45 16 1 0
57 45 17 1 0
59 45 18 1 0
28 45 19 2 0
58 44 20 1 0
42 44 21 6 0
62 38 22 1 0
49 38 23 3 0
32 36 24 1 0
4 14 25 0 1
4 10 24 0 1
49 85 24 1 0
32 85 25 1 0
4 14 26 0 1
4 10 22 0 1
32 87 22 1 0
4 14 23 0 1
4 18 22 0 1
8 4 22 1 0
26 4 23 1 0
9 4 24 1 0
21 4 25 1 0
22 4 26 1 0
20 4 27 1 0
33 4 28 1 0
25 4 29 1 0
7 4 30 1 0
24 4 31 1 0
53 4 32 1 0
56 4 33 1 0
5 4 34 3 0
5 3 35 1 0
45 3 36 1 0
68 3 37 1 0
69 3 38 1 0
50 3 39 1 0
51 3 40 1 0
52 3 41 1 0
34 3 42 1 0
4 33 43 0 1
4 6 35 0 1
45 103 35 1 0
68 103 36 1 0
69 103 37 1 0
50 103 38 1 0
27 103 39 1 0
32 103 40 1 0
4 14 41 0 1
4 26 22 0 1
4 27 20 0 1
4 23 14 0 1
14 89 8 1 0
16 89 9 1 0
2 109 10 1 0
39 89 11 4 0
43 88 12 1 0
4 21 13 0 1
43 100 12 1 0
4 28 13 0 1
41 50 12 2 0
54 49 13 1 0
67 49 14 1 0
65 49 15 1 0
47 49 16 1 0
29 49 17 1 0
4 11 18 0 1
40 66 13 4 0
32 65 14 1 0
4 14 15 0 1
4 18 14 0 1
31 62 14 1 0
30 62 15 2 0
67 58 16 1 0
65 58 17 1 0
47 58 18 1 0
29 58 19 1 0
4 12 20 0 1
73 94 16 1 0
32 94 17 1 0
4 14 18 0 1
4 26 14 0 1
38 108 12 1 0
10 108 13 3 0
4 16 14 0 1
12 99 14 1 0
11 99 15 1 0
3 99 16 1 0
57 99 17 1 0
59 99 18 1 0
55 99 19 3 0
4 25 20 0 1
26 96 20 1 0
9 96 21 1 0
21 96 22 1 0
22 96 23 1 0
20 96 24 1 0
33 96 25 1 0
25 96 26 1 0
7 96 27 1 0
24 96 28 1 0
53 96 29 1 0
56 96 30 1 0
5 96 31 1 0
45 96 32 3 0
45 95 33 3 0
45 94 34 1 0
68 94 35 1 0
69 94 36 1 0
50 94 37 1 0
27 94 38 1 0
32 94 39 1 0
4 14 40 0 1
4 19 34 0 1
68 94 34 1 0
69 94 35 1 0
50 94 36 1 0
27 94 37 1 0
32 94 38 1 0
4 14 39 0 1
4 19 33 0 1
68 5 33 1 0
69 5 34 1 0
50 5 35 1 0
51 5 36 1 0
52 5 37 1 0
34 5 38 1 0
4 13 39 0 1
4 27 20 0 1
4 23 14 0 1
14 90 8 1 0
16 90 9 1 0
2 109 10 1 0
39 90 11 4 0
43 88 12 1 0
4 21 13 0 1
43 100 12 1 0
4 28 13 0 1
41 51 12 2 0
54 49 13 1 0
67 49 14 1 0
65 49 15 1 0
47 49 16 1 0
29 49 17 1 0
4 11 18 0 1
40 69 13 4 0
32 68 14 1 0
4 14 15 0 1
4 18 14 0 1
31 53 14 3 0
30 52 15 2 0
67 49 16 1 0
65 49 17 1 0
47 49 18 1 0
29 49 19 1 0
4 11 20 0 1
73 77 16 1 0
32 77 17 1 0
4 14 18 0 1
4 9 15 0 1
30 59 15 2 0
67 58 16 1 0
65 58 17 1 0
47 58 18 1 0
29 58 19 1 0
4 12 20 0 1
73 75 16 1 0
32 75 17 1 0
4 14 18 0 1
4 26 14 0 1
38 107 12 1 0
10 107 13 3 0
4 16 14 0 1
12 98 14 1 0
11 98 15 1 0
3 98 16 1 0
57 98 17 1 0
59 98 18 1 0
55 98 19 3 0
4 25 20 0 1
26 78 20 1 0
9 78 21 1 0
21 78 22 1 0
22 78 23 1 0
20 78 24 1 0
33 78 25 1 0
25 78 26 1 0
7 78 27 1 0
24 78 28 1 0
53 78 29 1 0
56 78 30 1 0
5 78 31 1 0
45 78 32 3 0
45 77 33 1 0
68 77 34 1 0
69 77 35 1 0
50 77 36 1 0
27 77 37 1 0
32 77 38 1 0
4 14 39 0 1
4 19 33 0 1
68 75 33 1 0
69 75 34 1 0
50 75 35 1 0
27 75 36 1 0
32 75 37 1 0
4 14 38 0 1
4 27 20 0 1
4 23 14 0 1
4 23 8 0 1
