1 86 0 1 0
19 56 1 1 0
47 56 2 1 0
58 73 3 1 0
0 86 4 1 0
15 73 5 1 0
45 73 6 4 0
17 72 7 1 0
4 20 8 0 1
4 8 7 0 1
59 14 7 1 0
4 13 8 0 1
13 85 7 3 0
4 15 8 0 1
14 74 8 1 0
16 74 9 1 0
2 86 10 1 0
39 74 11 4 0
43 72 12 1 0
4 20 13 0 1
43 79 12 1 0
4 25 13 0 1
41 81 12 2 0
53 80 13 1 0
4 43 14 0 1
40 66 13 4 0
32 65 14 1 0
4 13 15 0 1
4 17 14 0 1
31 33 14 1 0
30 33 15 2 0
65 32 16 1 0
64 32 17 1 0
61 32 18 2 0
62 30 19 1 0
59 30 20 1 0
4 13 21 0 1
23 44 19 2 0
4 16 20 0 1
4 22 20 0 1
70 45 16 1 0
32 45 17 1 0
4 13 18 0 1
4 23 14 0 1
38 84 12 1 0
10 84 13 3 0
4 15 14 0 1
12 29 14 8 0
11 28 15 1 0
36 28 16 2 0
35 27 17 2 0
37 26 18 1 0
65 26 19 1 0
64 26 20 1 0
62 26 21 1 0
59 26 22 1 0
4 13 23 0 1
71 59 18 1 0
69 59 19 3 0
70 57 20 1 0
32 57 21 1 0
4 13 22 0 1
4 7 20 0 1
72 67 20 1 0
26 67 21 1 0
9 67 22 1 0
21 67 23 1 0
22 67 24 1 0
20 67 25 1 0
33 67 26 1 0
25 67 27 1 0
7 67 28 1 0
24 67 29 1 0
52 67 30 1 0
54 67 31 1 0
5 67 32 1 0
44 67 33 1 0
66 67 34 1 0
67 67 35 1 0
49 67 36 1 0
50 67 37 1 0
51 67 38 1 0
68 67 39 5 0
4 19 40 0 1
18 26 40 1 0
32 26 41 1 0
4 13 42 0 1
4 17 40 0 1
8 35 40 1 0
26 35 41 1 0
9 35 42 1 0
21 35 43 1 0
22 35 44 1 0
20 35 45 1 0
33 35 46 1 0
25 35 47 1 0
7 35 48 1 0
24 35 49 1 0
52 35 50 1 0
54 35 51 1 0
5 35 52 1 0
44 35 53 1 0
66 35 54 1 0
67 35 55 1 0
49 35 56 1 0
27 35 57 3 0
6 34 58 1 0
32 34 59 1 0
4 13 60 0 1
4 9 58 0 1
32 57 58 1 0
4 13 59 0 1
4 23 40 0 1
4 24 17 0 1
11 38 15 1 0
3 38 16 1 0
55 38 17 1 0
57 38 18 1 0
28 38 19 2 0
56 37 20 1 0
42 37 21 6 0
60 36 22 1 0
48 36 23 3 0
32 34 24 1 0
4 13 25 0 1
4 9 24 0 1
48 69 24 1 0
32 69 25 1 0
4 13 26 0 1
4 9 22 0 1
32 70 22 1 0
4 13 23 0 1
4 17 22 0 1
8 0 22 1 0
26 0 23 1 0
9 0 24 1 0
21 0 25 1 0
22 0 26 1 0
20 0 27 1 0
33 0 28 1 0
25 0 29 1 0
7 0 30 1 0
24 0 31 1 0
52 0 32 1 0
54 0 33 1 0
5 0 34 1 0
44 0 35 1 0
66 0 36 1 0
67 0 37 1 0
49 0 38 1 0
50 0 39 1 0
51 0 40 1 0
34 0 41 1 0
4 31 42 0 1
4 23 22 0 1
4 24 20 0 1
11 55 15 1 0
36 55 16 2 0
35 54 17 2 0
37 51 18 1 0
65 51 19 1 0
63 51 20 1 0
46 51 21 1 0
29 51 22 1 0
4 11 23 0 1
71 78 18 1 0
69 78 19 3 0
70 75 20 1 0
32 75 21 1 0
4 13 22 0 1
4 7 20 0 1
72 58 20 1 0
26 58 21 1 0
9 58 22 1 0
21 58 23 1 0
22 58 24 1 0
20 58 25 1 0
33 58 26 1 0
25 58 27 1 0
7 58 28 1 0
24 58 29 1 0
52 58 30 1 0
54 58 31 1 0
5 58 32 1 0
44 58 33 1 0
66 58 34 1 0
67 58 35 1 0
49 58 36 1 0
50 58 37 1 0
51 58 38 5 0
60 57 39 1 0
48 57 40 1 0
32 57 41 1 0
4 13 42 0 1
4 9 39 0 1
32 68 39 1 0
4 13 40 0 1
4 17 39 0 1
4 23 39 0 1
4 24 17 0 1
11 53 15 1 0
36 53 16 2 0
35 52 17 2 0
37 51 18 1 0
65 51 19 1 0
63 51 20 1 0
46 51 21 1 0
29 51 22 1 0
4 11 23 0 1
71 61 18 1 0
69 61 19 3 0
70 60 20 1 0
32 60 21 1 0
4 13 22 0 1
4 7 20 0 1
72 58 20 1 0
26 58 21 1 0
9 58 22 1 0
21 58 23 1 0
22 58 24 1 0
20 58 25 1 0
33 58 26 1 0
25 58 27 1 0
7 58 28 1 0
24 58 29 1 0
52 58 30 1 0
54 58 31 1 0
5 58 32 1 0
44 58 33 1 0
66 58 34 1 0
67 58 35 1 0
49 58 36 1 0
50 58 37 1 0
51 58 38 5 0
60 57 39 1 0
48 57 40 1 0
32 57 41 1 0
4 13 42 0 1
4 9 39 0 1
32 68 39 1 0
4 13 40 0 1
4 17 39 0 1
4 23 39 0 1
4 24 17 0 1
11 48 15 1 0
36 48 16 2 0
35 47 17 2 0
37 46 18 1 0
65 46 19 1 0
63 46 20 1 0
46 46 21 1 0
29 46 22 1 0
4 10 23 0 1
71 64 18 1 0
69 64 19 3 0
70 62 20 1 0
32 62 21 1 0
4 13 22 0 1
4 7 20 0 1
72 77 20 1 0
26 77 21 1 0
9 77 22 1 0
21 77 23 1 0
22 77 24 1 0
20 77 25 1 0
33 77 26 1 0
25 77 27 1 0
7 77 28 1 0
24 77 29 1 0
52 77 30 1 0
54 77 31 1 0
5 77 32 1 0
44 77 33 3 0
44 76 34 3 0
44 75 35 1 0
66 75 36 1 0
67 75 37 1 0
49 75 38 1 0
27 75 39 1 0
32 75 40 1 0
4 13 41 0 1
4 18 35 0 1
66 75 35 1 0
67 75 36 1 0
49 75 37 1 0
27 75 38 1 0
32 75 39 1 0
4 13 40 0 1
4 18 34 0 1
66 5 34 1 0
67 5 35 1 0
49 5 36 1 0
50 5 37 1 0
51 5 38 1 0
34 5 39 1 0
4 12 40 0 1
4 24 17 0 1
11 50 15 1 0
36 50 16 2 0
35 49 17 2 0
37 46 18 1 0
65 46 19 1 0
63 46 20 1 0
46 46 21 1 0
29 46 22 1 0
4 10 23 0 1
71 83 18 1 0
69 83 19 3 0
70 82 20 1 0
32 82 21 1 0
4 13 22 0 1
4 7 20 0 1
72 63 20 1 0
26 63 21 1 0
9 63 22 1 0
21 63 23 1 0
22 63 24 1 0
20 63 25 1 0
33 63 26 1 0
25 63 27 1 0
7 63 28 1 0
24 63 29 1 0
52 63 30 1 0
54 63 31 1 0
5 63 32 1 0
44 63 33 3 0
44 62 34 1 0
66 62 35 1 0
67 62 36 1 0
49 62 37 1 0
27 62 38 1 0
32 62 39 1 0
4 13 40 0 1
4 18 34 0 1
66 60 34 1 0
67 60 35 1 0
49 60 36 1 0
27 60 37 1 0
32 60 38 1 0
4 13 39 0 1
4 24 17 0 1
11 40 15 1 0
3 40 16 1 0
55 40 17 1 0
57 40 18 1 0
28 40 19 2 0
56 39 20 1 0
42 39 21 6 0
60 36 22 1 0
48 36 23 3 0
32 34 24 1 0
4 13 25 0 1
4 9 24 0 1
48 69 24 1 0
32 69 25 1 0
4 13 26 0 1
4 9 22 0 1
32 71 22 1 0
4 13 23 0 1
4 17 22 0 1
8 2 22 1 0
26 2 23 1 0
9 2 24 1 0
21 2 25 1 0
22 2 26 1 0
20 2 27 1 0
33 2 28 1 0
25 2 29 1 0
7 2 30 1 0
24 2 31 1 0
52 2 32 1 0
54 2 33 1 0
5 2 34 3 0
5 1 35 1 0
44 1 36 1 0
66 1 37 1 0
67 1 38 1 0
49 1 39 1 0
50 1 40 1 0
51 1 41 1 0
34 1 42 1 0
4 31 43 0 1
4 6 35 0 1
44 62 35 1 0
66 62 36 1 0
67 62 37 1 0
49 62 38 1 0
27 62 39 1 0
32 62 40 1 0
4 13 41 0 1
4 23 22 0 1
4 24 20 0 1
11 42 15 1 0
3 42 16 1 0
55 42 17 1 0
57 42 18 1 0
28 42 19 2 0
56 41 20 1 0
42 41 21 6 0
60 36 22 1 0
48 36 23 3 0
32 34 24 1 0
4 13 25 0 1
4 9 24 0 1
48 69 24 1 0
32 69 25 1 0
4 13 26 0 1
4 9 22 0 1
32 71 22 1 0
4 13 23 0 1
4 17 22 0 1
8 4 22 1 0
26 4 23 1 0
9 4 24 1 0
21 4 25 1 0
22 4 26 1 0
20 4 27 1 0
33 4 28 1 0
25 4 29 1 0
7 4 30 1 0
24 4 31 1 0
52 4 32 1 0
54 4 33 1 0
5 4 34 3 0
5 3 35 1 0
44 3 36 1 0
66 3 37 1 0
67 3 38 1 0
49 3 39 1 0
50 3 40 1 0
51 3 41 1 0
34 3 42 1 0
4 31 43 0 1
4 6 35 0 1
44 82 35 1 0
66 82 36 1 0
67 82 37 1 0
49 82 38 1 0
27 82 39 1 0
32 82 40 1 0
4 13 41 0 1
4 23 22 0 1
4 24 20 0 1
4 21 14 0 1
4 21 8 0 1
