1 106 0 1 0
20 61 1 1 0
52 61 2 1 0
64 54 3 1 0
0 106 4 1 0
17 54 5 1 0
50 54 6 3 0
4 10 7 0 1
65 66 7 1 0
4 15 8 0 1
15 105 7 7 0
4 17 8 0 1
16 93 8 1 0
18 93 9 1 0
30 93 10 4 0
31 90 11 1 0
4 31 12 0 1
71 55 11 1 0
69 55 12 1 0
51 55 13 1 0
32 55 14 1 0
4 13 15 0 1
78 85 11 3 0
76 83 12 1 0
77 83 13 1 0
35 83 14 1 0
4 15 15 0 1
4 11 12 0 1
76 75 12 1 0
77 75 13 1 0
35 75 14 1 0
4 15 15 0 1
4 30 11 0 1
16 91 8 1 0
18 91 9 1 0
30 91 10 4 0
31 90 11 1 0
4 31 12 0 1
71 32 11 1 0
70 32 12 1 0
68 32 13 1 0
65 32 14 1 0
4 15 15 0 1
78 71 11 1 0
76 71 12 3 0
77 69 13 1 0
35 69 14 1 0
4 15 15 0 1
4 9 13 0 1
79 72 13 1 0
27 72 14 1 0
10 72 15 1 0
22 72 16 1 0
23 72 17 1 0
21 72 18 1 0
36 72 19 1 0
26 72 20 1 0
7 72 21 1 0
25 72 22 1 0
57 72 23 1 0
60 72 24 1 0
5 72 25 1 0
49 72 26 1 0
72 72 27 1 0
73 72 28 1 0
54 72 29 1 0
55 72 30 1 0
56 72 31 1 0
74 72 32 5 0
4 24 33 0 1
19 32 33 1 0
35 32 34 1 0
4 15 35 0 1
4 19 33 0 1
8 38 33 1 0
27 38 34 1 0
10 38 35 1 0
22 38 36 1 0
23 38 37 1 0
21 38 38 1 0
36 38 39 1 0
26 38 40 1 0
7 38 41 1 0
25 38 42 1 0
57 38 43 1 0
60 38 44 1 0
5 38 45 1 0
49 38 46 1 0
72 38 47 1 0
73 38 48 1 0
54 38 49 1 0
28 38 50 3 0
6 37 51 1 0
35 37 52 1 0
4 15 53 0 1
4 12 51 0 1
35 62 51 1 0
4 15 52 0 1
4 29 33 0 1
4 30 11 0 1
16 94 8 1 0
18 94 9 1 0
2 106 10 1 0
43 94 11 3 0
47 90 12 1 0
4 31 13 0 1
45 96 12 2 0
58 95 13 1 0
4 47 14 0 1
44 64 13 3 0
35 63 14 1 0
4 15 15 0 1
4 19 14 0 1
4 29 14 0 1
42 103 12 1 0
12 103 13 3 0
4 17 14 0 1
14 88 14 2 0
13 87 15 1 0
3 87 16 1 0
61 87 17 1 0
63 87 18 1 0
29 87 19 2 0
62 86 20 1 0
9 86 21 3 0
37 83 22 1 0
28 83 23 1 0
35 83 24 1 0
4 15 25 0 1
11 7 22 1 0
4 9 23 0 1
27 70 22 1 0
10 70 23 1 0
22 70 24 1 0
23 70 25 1 0
21 70 26 1 0
36 70 27 1 0
26 70 28 1 0
7 70 29 1 0
25 70 30 1 0
57 70 31 1 0
60 70 32 1 0
5 70 33 1 0
49 70 34 1 0
72 70 35 1 0
73 70 36 1 0
54 70 37 1 0
55 70 38 1 0
56 70 39 5 0
66 69 40 1 0
53 69 41 1 0
35 69 42 1 0
4 15 43 0 1
4 12 40 0 1
35 73 40 1 0
4 15 41 0 1
4 19 40 0 1
4 29 40 0 1
4 30 20 0 1
13 77 15 1 0
3 77 16 1 0
61 77 17 1 0
63 77 18 1 0
29 77 19 2 0
62 76 20 1 0
9 76 21 3 0
37 75 22 1 0
28 75 23 1 0
35 75 24 1 0
4 15 25 0 1
11 7 22 1 0
4 9 23 0 1
27 70 22 1 0
10 70 23 1 0
22 70 24 1 0
23 70 25 1 0
21 70 26 1 0
36 70 27 1 0
26 70 28 1 0
7 70 29 1 0
25 70 30 1 0
57 70 31 1 0
60 70 32 1 0
5 70 33 1 0
49 70 34 1 0
72 70 35 1 0
73 70 36 1 0
54 70 37 1 0
55 70 38 1 0
56 70 39 5 0
66 69 40 1 0
53 69 41 1 0
35 69 42 1 0
4 15 43 0 1
4 12 40 0 1
35 73 40 1 0
4 15 41 0 1
4 19 40 0 1
4 29 40 0 1
4 30 20 0 1
4 26 14 0 1
16 92 8 1 0
18 92 9 1 0
2 106 10 1 0
43 92 11 3 0
47 90 12 1 0
4 31 13 0 1
45 56 12 2 0
58 55 13 1 0
71 55 14 1 0
69 55 15 1 0
51 55 16 1 0
32 55 17 1 0
4 13 18 0 1
44 60 13 3 0
35 59 14 1 0
4 15 15 0 1
4 19 14 0 1
4 29 14 0 1
42 104 12 1 0
12 104 13 3 0
4 17 14 0 1
14 89 14 1 0
13 89 15 1 0
3 89 16 1 0
61 89 17 1 0
63 89 18 1 0
59 89 19 3 0
4 28 20 0 1
27 23 20 1 0
10 23 21 1 0
22 23 22 1 0
23 23 23 1 0
21 23 24 1 0
36 23 25 1 0
26 23 26 1 0
7 23 27 1 0
25 23 28 1 0
57 23 29 1 0
60 23 30 1 0
5 23 31 1 0
49 23 32 3 0
49 22 33 1 0
72 22 34 1 0
73 22 35 1 0
54 22 36 1 0
55 22 37 1 0
56 22 38 6 0
66 21 39 1 0
53 21 40 1 0
35 21 41 1 0
4 15 42 0 1
4 12 39 0 1
35 78 39 1 0
4 15 40 0 1
4 19 39 0 1
8 84 39 3 0
27 83 40 1 0
10 83 41 1 0
22 83 42 1 0
23 83 43 1 0
21 83 44 1 0
36 83 45 1 0
26 83 46 1 0
7 83 47 1 0
25 83 48 1 0
57 83 49 1 0
60 83 50 1 0
5 83 51 1 0
49 83 52 1 0
72 83 53 1 0
73 83 54 1 0
54 83 55 1 0
28 83 56 1 0
35 83 57 1 0
4 15 58 0 1
4 11 40 0 1
27 5 40 1 0
10 5 41 1 0
22 5 42 1 0
23 5 43 1 0
21 5 44 1 0
36 5 45 1 0
26 5 46 1 0
7 5 47 1 0
25 5 48 1 0
57 5 49 1 0
60 5 50 1 0
5 5 51 1 0
49 5 52 1 0
72 5 53 1 0
73 5 54 1 0
54 5 55 1 0
55 5 56 1 0
56 5 57 1 0
38 5 58 1 0
4 16 59 0 1
4 29 39 0 1
4 20 33 0 1
72 6 33 1 0
73 6 34 1 0
54 6 35 1 0
55 6 36 1 0
56 6 37 1 0
38 6 38 1 0
4 14 39 0 1
4 30 20 0 1
4 26 14 0 1
16 82 8 1 0
18 82 9 1 0
2 106 10 1 0
43 82 11 4 0
47 81 12 1 0
4 25 13 0 1
47 90 12 1 0
4 31 13 0 1
45 97 12 2 0
58 95 13 1 0
4 47 14 0 1
44 68 13 4 0
35 67 14 1 0
4 15 15 0 1
4 19 14 0 1
34 36 14 1 0
33 36 15 2 0
71 35 16 1 0
70 35 17 1 0
67 35 18 2 0
68 33 19 1 0
65 33 20 1 0
4 15 21 0 1
24 48 19 2 0
4 18 20 0 1
4 27 20 0 1
77 53 16 1 0
35 53 17 1 0
4 15 18 0 1
4 29 14 0 1
42 102 12 1 0
12 102 13 3 0
4 17 14 0 1
14 42 14 7 0
13 41 15 1 0
3 41 16 1 0
61 41 17 1 0
63 41 18 1 0
29 41 19 2 0
62 40 20 1 0
46 40 21 6 0
66 39 22 1 0
53 39 23 3 0
35 37 24 1 0
4 15 25 0 1
4 12 24 0 1
53 74 24 1 0
35 74 25 1 0
4 15 26 0 1
4 12 22 0 1
35 79 22 1 0
4 15 23 0 1
4 19 22 0 1
8 0 22 1 0
27 0 23 1 0
10 0 24 1 0
22 0 25 1 0
23 0 26 1 0
21 0 27 1 0
36 0 28 1 0
26 0 29 1 0
7 0 30 1 0
25 0 31 1 0
57 0 32 1 0
60 0 33 1 0
5 0 34 1 0
49 0 35 1 0
72 0 36 1 0
73 0 37 1 0
54 0 38 1 0
55 0 39 1 0
56 0 40 1 0
38 0 41 1 0
4 34 42 0 1
4 29 22 0 1
4 30 20 0 1
13 65 15 1 0
3 65 16 1 0
61 65 17 1 0
63 65 18 1 0
29 65 19 2 0
62 64 20 1 0
46 64 21 3 0
48 63 22 1 0
75 63 23 1 0
4 15 24 0 1
4 19 22 0 1
4 29 22 0 1
4 30 20 0 1
13 58 15 1 0
40 58 16 2 0
39 57 17 2 0
41 55 18 1 0
71 55 19 1 0
69 55 20 1 0
51 55 21 1 0
32 55 22 1 0
4 13 23 0 1
78 99 18 3 0
76 98 19 1 0
77 98 20 1 0
35 98 21 1 0
4 15 22 0 1
4 11 19 0 1
76 49 19 1 0
77 49 20 1 0
35 49 21 1 0
4 15 22 0 1
4 30 17 0 1
13 52 15 1 0
3 52 16 1 0
61 52 17 1 0
63 52 18 1 0
29 52 19 2 0
62 51 20 1 0
9 51 21 3 0
37 49 22 1 0
28 49 23 1 0
35 49 24 1 0
4 15 25 0 1
11 7 22 1 0
4 9 23 0 1
27 60 22 1 0
10 60 23 1 0
22 60 24 1 0
23 60 25 1 0
21 60 26 1 0
36 60 27 1 0
26 60 28 1 0
7 60 29 1 0
25 60 30 1 0
57 60 31 1 0
60 60 32 1 0
5 60 33 1 0
49 60 34 1 0
72 60 35 1 0
73 60 36 1 0
54 60 37 1 0
55 60 38 1 0
56 60 39 3 0
48 59 40 1 0
75 59 41 1 0
4 15 42 0 1
4 19 40 0 1
4 29 40 0 1
4 30 20 0 1
13 101 15 1 0
3 101 16 1 0
61 101 17 1 0
63 101 18 1 0
29 101 19 2 0
62 100 20 1 0
9 100 21 3 0
37 98 22 1 0
28 98 23 1 0
35 98 24 1 0
4 15 25 0 1
11 7 22 1 0
4 9 23 0 1
27 50 22 1 0
10 50 23 1 0
22 50 24 1 0
23 50 25 1 0
21 50 26 1 0
36 50 27 1 0
26 50 28 1 0
7 50 29 1 0
25 50 30 1 0
57 50 31 1 0
60 50 32 1 0
5 50 33 1 0
49 50 34 3 0
49 49 35 1 0
72 49 36 1 0
73 49 37 1 0
54 49 38 1 0
28 49 39 1 0
35 49 40 1 0
4 15 41 0 1
4 20 35 0 1
72 75 35 1 0
73 75 36 1 0
54 75 37 1 0
28 75 38 1 0
35 75 39 1 0
4 15 40 0 1
4 30 20 0 1
13 44 15 1 0
3 44 16 1 0
61 44 17 1 0
63 44 18 1 0
29 44 19 2 0
62 43 20 1 0
46 43 21 6 0
66 39 22 1 0
53 39 23 3 0
35 37 24 1 0
4 15 25 0 1
4 12 24 0 1
53 74 24 1 0
35 74 25 1 0
4 15 26 0 1
4 12 22 0 1
35 80 22 1 0
4 15 23 0 1
4 19 22 0 1
8 2 22 1 0
27 2 23 1 0
10 2 24 1 0
22 2 25 1 0
23 2 26 1 0
21 2 27 1 0
36 2 28 1 0
26 2 29 1 0
7 2 30 1 0
25 2 31 1 0
57 2 32 1 0
60 2 33 1 0
5 2 34 3 0
5 1 35 1 0
49 1 36 1 0
72 1 37 1 0
73 1 38 1 0
54 1 39 1 0
55 1 40 1 0
56 1 41 1 0
38 1 42 1 0
4 34 43 0 1
4 8 35 0 1
49 49 35 1 0
72 49 36 1 0
73 49 37 1 0
54 49 38 1 0
28 49 39 1 0
35 49 40 1 0
4 15 41 0 1
4 29 22 0 1
4 30 20 0 1
13 46 15 1 0
3 46 16 1 0
61 46 17 1 0
63 46 18 1 0
29 46 19 2 0
62 45 20 1 0
46 45 21 6 0
66 39 22 1 0
53 39 23 3 0
35 37 24 1 0
4 15 25 0 1
4 12 24 0 1
53 74 24 1 0
35 74 25 1 0
4 15 26 0 1
4 12 22 0 1
35 80 22 1 0
4 15 23 0 1
4 19 22 0 1
8 4 22 1 0
27 4 23 1 0
10 4 24 1 0
22 4 25 1 0
23 4 26 1 0
21 4 27 1 0
36 4 28 1 0
26 4 29 1 0
7 4 30 1 0
25 4 31 1 0
57 4 32 1 0
60 4 33 1 0
5 4 34 3 0
5 3 35 1 0
49 3 36 1 0
72 3 37 1 0
73 3 38 1 0
54 3 39 1 0
55 3 40 1 0
56 3 41 1 0
38 3 42 1 0
4 34 43 0 1
4 8 35 0 1
49 98 35 1 0
72 98 36 1 0
73 98 37 1 0
54 98 38 1 0
28 98 39 1 0
35 98 40 1 0
4 15 41 0 1
4 29 22 0 1
4 30 20 0 1
4 26 14 0 1
4 26 8 0 1
