1 109 0 1 0
21 70 1 1 0
51 70 2 1 0
63 93 3 1 0
0 109 4 1 0
17 93 5 1 0
49 93 6 4 0
19 92 7 1 0
4 23 8 0 1
4 9 7 0 1
64 16 7 1 0
4 15 8 0 1
15 106 7 5 0
4 17 8 0 1
16 94 8 1 0
18 94 9 1 0
2 109 10 1 0
42 94 11 4 0
46 92 12 1 0
4 23 13 0 1
46 100 12 1 0
4 29 13 0 1
44 102 12 2 0
57 101 13 1 0
4 47 14 0 1
43 83 13 4 0
34 82 14 1 0
4 15 15 0 1
4 19 14 0 1
33 36 14 1 0
32 36 15 2 0
70 35 16 1 0
69 35 17 1 0
66 35 18 2 0
67 33 19 1 0
64 33 20 1 0
4 15 21 0 1
25 48 19 2 0
4 18 20 0 1
4 25 20 0 1
76 49 16 1 0
34 49 17 1 0
4 15 18 0 1
4 27 14 0 1
41 105 12 1 0
12 105 13 3 0
4 17 14 0 1
14 42 14 8 0
13 41 15 1 0
3 41 16 1 0
60 41 17 1 0
62 41 18 1 0
30 41 19 2 0
61 40 20 1 0
45 40 21 6 0
65 39 22 1 0
52 39 23 3 0
34 37 24 1 0
4 15 25 0 1
4 11 24 0 1
52 86 24 1 0
34 86 25 1 0
4 15 26 0 1
4 11 22 0 1
34 87 22 1 0
4 15 23 0 1
4 19 22 0 1
8 0 22 1 0
28 0 23 1 0
10 0 24 1 0
23 0 25 1 0
24 0 26 1 0
22 0 27 1 0
35 0 28 1 0
27 0 29 1 0
7 0 30 1 0
26 0 31 1 0
56 0 32 1 0
59 0 33 1 0
5 0 34 1 0
48 0 35 1 0
71 0 36 1 0
72 0 37 1 0
53 0 38 1 0
54 0 39 1 0
55 0 40 1 0
37 0 41 1 0
4 34 42 0 1
4 27 22 0 1
4 28 20 0 1
13 32 15 1 0
39 32 16 2 0
38 31 17 2 0
40 30 18 1 0
70 30 19 1 0
69 30 20 1 0
67 30 21 1 0
64 30 22 1 0
4 15 23 0 1
77 73 18 1 0
75 73 19 3 0
76 71 20 1 0
34 71 21 1 0
4 15 22 0 1
4 8 20 0 1
78 84 20 1 0
28 84 21 1 0
10 84 22 1 0
23 84 23 1 0
24 84 24 1 0
22 84 25 1 0
35 84 26 1 0
27 84 27 1 0
7 84 28 1 0
26 84 29 1 0
56 84 30 1 0
59 84 31 1 0
5 84 32 1 0
48 84 33 1 0
71 84 34 1 0
72 84 35 1 0
53 84 36 1 0
54 84 37 1 0
55 84 38 1 0
73 84 39 5 0
4 21 40 0 1
20 30 40 1 0
34 30 41 1 0
4 15 42 0 1
4 19 40 0 1
8 38 40 1 0
28 38 41 1 0
10 38 42 1 0
23 38 43 1 0
24 38 44 1 0
22 38 45 1 0
35 38 46 1 0
27 38 47 1 0
7 38 48 1 0
26 38 49 1 0
56 38 50 1 0
59 38 51 1 0
5 38 52 1 0
48 38 53 1 0
71 38 54 1 0
72 38 55 1 0
53 38 56 1 0
29 38 57 3 0
6 37 58 1 0
34 37 59 1 0
4 15 60 0 1
4 11 58 0 1
34 71 58 1 0
4 15 59 0 1
4 27 40 0 1
4 28 17 0 1
13 61 15 1 0
39 61 16 2 0
38 60 17 2 0
40 59 18 1 0
70 59 19 1 0
68 59 20 1 0
50 59 21 1 0
31 59 22 1 0
4 13 23 0 1
77 75 18 1 0
75 75 19 3 0
76 74 20 1 0
34 74 21 1 0
4 15 22 0 1
4 8 20 0 1
78 72 20 1 0
28 72 21 1 0
10 72 22 1 0
23 72 23 1 0
24 72 24 1 0
22 72 25 1 0
35 72 26 1 0
27 72 27 1 0
7 72 28 1 0
26 72 29 1 0
56 72 30 1 0
59 72 31 1 0
5 72 32 1 0
48 72 33 1 0
71 72 34 1 0
72 72 35 1 0
53 72 36 1 0
54 72 37 1 0
55 72 38 5 0
65 71 39 1 0
52 71 40 1 0
34 71 41 1 0
4 15 42 0 1
4 11 39 0 1
34 85 39 1 0
4 15 40 0 1
4 19 39 0 1
4 27 39 0 1
4 28 17 0 1
13 56 15 1 0
39 56 16 2 0
38 55 17 2 0
40 50 18 1 0
70 50 19 1 0
68 50 20 1 0
50 50 21 1 0
31 50 22 1 0
4 12 23 0 1
77 81 18 1 0
75 81 19 3 0
76 78 20 1 0
34 78 21 1 0
4 15 22 0 1
4 8 20 0 1
78 66 20 1 0
28 66 21 1 0
10 66 22 1 0
23 66 23 1 0
24 66 24 1 0
22 66 25 1 0
35 66 26 1 0
27 66 27 1 0
7 66 28 1 0
26 66 29 1 0
56 66 30 1 0
59 66 31 1 0
5 66 32 1 0
48 66 33 1 0
71 66 34 1 0
72 66 35 1 0
53 66 36 1 0
54 66 37 1 0
55 66 38 4 0
47 64 39 1 0
74 64 40 1 0
4 15 41 0 1
4 19 39 0 1
8 74 39 1 0
28 74 40 1 0
10 74 41 1 0
23 74 42 1 0
24 74 43 1 0
22 74 44 1 0
35 74 45 1 0
27 74 46 1 0
7 74 47 1 0
26 74 48 1 0
56 74 49 1 0
59 74 50 1 0
5 74 51 1 0
48 74 52 1 0
71 74 53 1 0
72 74 54 1 0
53 74 55 1 0
29 74 56 1 0
34 74 57 1 0
4 15 58 0 1
4 27 39 0 1
4 28 17 0 1
13 76 15 1 0
3 76 16 1 0
60 76 17 1 0
62 76 18 1 0
30 76 19 2 0
61 75 20 1 0
9 75 21 3 0
36 74 22 1 0
29 74 23 1 0
34 74 24 1 0
4 15 25 0 1
11 6 22 1 0
4 8 23 0 1
28 72 22 1 0
10 72 23 1 0
23 72 24 1 0
24 72 25 1 0
22 72 26 1 0
35 72 27 1 0
27 72 28 1 0
7 72 29 1 0
26 72 30 1 0
56 72 31 1 0
59 72 32 1 0
5 72 33 1 0
48 72 34 1 0
71 72 35 1 0
72 72 36 1 0
53 72 37 1 0
54 72 38 1 0
55 72 39 5 0
65 71 40 1 0
52 71 41 1 0
34 71 42 1 0
4 15 43 0 1
4 11 40 0 1
34 85 40 1 0
4 15 41 0 1
4 19 40 0 1
4 27 40 0 1
4 28 20 0 1
13 44 15 1 0
3 44 16 1 0
60 44 17 1 0
62 44 18 1 0
30 44 19 2 0
61 43 20 1 0
45 43 21 6 0
65 39 22 1 0
52 39 23 3 0
34 37 24 1 0
4 15 25 0 1
4 11 24 0 1
52 86 24 1 0
34 86 25 1 0
4 15 26 0 1
4 11 22 0 1
34 88 22 1 0
4 15 23 0 1
4 19 22 0 1
8 2 22 1 0
28 2 23 1 0
10 2 24 1 0
23 2 25 1 0
24 2 26 1 0
22 2 27 1 0
35 2 28 1 0
27 2 29 1 0
7 2 30 1 0
26 2 31 1 0
56 2 32 1 0
59 2 33 1 0
5 2 34 3 0
5 1 35 1 0
48 1 36 1 0
71 1 37 1 0
72 1 38 1 0
53 1 39 1 0
54 1 40 1 0
55 1 41 1 0
37 1 42 1 0
4 34 43 0 1
4 7 35 0 1
48 78 35 1 0
71 78 36 1 0
72 78 37 1 0
53 78 38 1 0
29 78 39 1 0
34 78 40 1 0
4 15 41 0 1
4 27 22 0 1
4 28 20 0 1
13 58 15 1 0
39 58 16 2 0
38 57 17 2 0
40 50 18 1 0
70 50 19 1 0
68 50 20 1 0
50 50 21 1 0
31 50 22 1 0
4 12 23 0 1
77 104 18 1 0
75 104 19 3 0
76 103 20 1 0
34 103 21 1 0
4 15 22 0 1
4 8 20 0 1
78 69 20 1 0
28 69 21 1 0
10 69 22 1 0
23 69 23 1 0
24 69 24 1 0
22 69 25 1 0
35 69 26 1 0
27 69 27 1 0
7 69 28 1 0
26 69 29 1 0
56 69 30 1 0
59 69 31 1 0
5 69 32 1 0
48 69 33 1 0
71 69 34 1 0
72 69 35 1 0
53 69 36 1 0
54 69 37 1 0
55 69 38 4 0
47 67 39 1 0
74 67 40 1 0
4 15 41 0 1
4 19 39 0 1
8 80 39 3 0
28 78 40 1 0
10 78 41 1 0
23 78 42 1 0
24 78 43 1 0
22 78 44 1 0
35 78 45 1 0
27 78 46 1 0
7 78 47 1 0
26 78 48 1 0
56 78 49 1 0
59 78 50 1 0
5 78 51 1 0
48 78 52 1 0
71 78 53 1 0
72 78 54 1 0
53 78 55 1 0
29 78 56 1 0
34 78 57 1 0
4 15 58 0 1
4 10 40 0 1
28 74 40 1 0
10 74 41 1 0
23 74 42 1 0
24 74 43 1 0
22 74 44 1 0
35 74 45 1 0
27 74 46 1 0
7 74 47 1 0
26 74 48 1 0
56 74 49 1 0
59 74 50 1 0
5 74 51 1 0
48 74 52 1 0
71 74 53 1 0
72 74 54 1 0
53 74 55 1 0
29 74 56 1 0
34 74 57 1 0
4 15 58 0 1
4 27 39 0 1
4 28 17 0 1
13 46 15 1 0
3 46 16 1 0
60 46 17 1 0
62 46 18 1 0
30 46 19 2 0
61 45 20 1 0
45 45 21 6 0
65 39 22 1 0
52 39 23 3 0
34 37 24 1 0
4 15 25 0 1
4 11 24 0 1
52 86 24 1 0
34 86 25 1 0
4 15 26 0 1
4 11 22 0 1
34 88 22 1 0
4 15 23 0 1
4 19 22 0 1
8 4 22 1 0
28 4 23 1 0
10 4 24 1 0
23 4 25 1 0
24 4 26 1 0
22 4 27 1 0
35 4 28 1 0
27 4 29 1 0
7 4 30 1 0
26 4 31 1 0
56 4 32 1 0
59 4 33 1 0
5 4 34 3 0
5 3 35 1 0
48 3 36 1 0
71 3 37 1 0
72 3 38 1 0
53 3 39 1 0
54 3 40 1 0
55 3 41 1 0
37 3 42 1 0
4 34 43 0 1
4 7 35 0 1
48 103 35 1 0
71 103 36 1 0
72 103 37 1 0
53 103 38 1 0
29 103 39 1 0
34 103 40 1 0
4 15 41 0 1
4 27 22 0 1
4 28 20 0 1
4 24 14 0 1
16 90 8 1 0
18 90 9 1 0
2 109 10 1 0
42 90 11 4 0
46 89 12 1 0
4 22 13 0 1
46 100 12 1 0
4 29 13 0 1
44 51 12 2 0
57 50 13 1 0
70 50 14 1 0
68 50 15 1 0
50 50 16 1 0
31 50 17 1 0
4 12 18 0 1
43 65 13 4 0
34 64 14 1 0
4 15 15 0 1
4 19 14 0 1
33 63 14 1 0
32 63 15 2 0
70 59 16 1 0
68 59 17 1 0
50 59 18 1 0
31 59 19 1 0
4 13 20 0 1
76 95 16 1 0
34 95 17 1 0
4 15 18 0 1
4 27 14 0 1
41 108 12 1 0
12 108 13 3 0
4 17 14 0 1
14 99 14 1 0
13 99 15 1 0
3 99 16 1 0
60 99 17 1 0
62 99 18 1 0
58 99 19 3 0
4 26 20 0 1
28 97 20 1 0
10 97 21 1 0
23 97 22 1 0
24 97 23 1 0
22 97 24 1 0
35 97 25 1 0
27 97 26 1 0
7 97 27 1 0
26 97 28 1 0
56 97 29 1 0
59 97 30 1 0
5 97 31 1 0
48 97 32 3 0
48 96 33 3 0
48 95 34 1 0
71 95 35 1 0
72 95 36 1 0
53 95 37 1 0
29 95 38 1 0
34 95 39 1 0
4 15 40 0 1
4 20 34 0 1
71 95 34 1 0
72 95 35 1 0
53 95 36 1 0
29 95 37 1 0
34 95 38 1 0
4 15 39 0 1
4 20 33 0 1
71 5 33 1 0
72 5 34 1 0
53 5 35 1 0
54 5 36 1 0
55 5 37 1 0
37 5 38 1 0
4 14 39 0 1
4 28 20 0 1
4 24 14 0 1
16 91 8 1 0
18 91 9 1 0
2 109 10 1 0
42 91 11 4 0
46 89 12 1 0
4 22 13 0 1
46 100 12 1 0
4 29 13 0 1
44 52 12 2 0
57 50 13 1 0
70 50 14 1 0
68 50 15 1 0
50 50 16 1 0
31 50 17 1 0
4 12 18 0 1
43 68 13 4 0
34 67 14 1 0
4 15 15 0 1
4 19 14 0 1
33 54 14 3 0
32 53 15 2 0
70 50 16 1 0
68 50 17 1 0
50 50 18 1 0
31 50 19 1 0
4 12 20 0 1
76 78 16 1 0
34 78 17 1 0
4 15 18 0 1
4 10 15 0 1
32 62 15 2 0
70 59 16 1 0
68 59 17 1 0
50 59 18 1 0
31 59 19 1 0
4 13 20 0 1
76 77 16 1 0
34 77 17 1 0
4 15 18 0 1
4 27 14 0 1
41 107 12 1 0
12 107 13 3 0
4 17 14 0 1
14 98 14 1 0
13 98 15 1 0
3 98 16 1 0
60 98 17 1 0
62 98 18 1 0
58 98 19 3 0
4 26 20 0 1
28 79 20 1 0
10 79 21 1 0
23 79 22 1 0
24 79 23 1 0
22 79 24 1 0
35 79 25 1 0
27 79 26 1 0
7 79 27 1 0
26 79 28 1 0
56 79 29 1 0
59 79 30 1 0
5 79 31 1 0
48 79 32 3 0
48 78 33 1 0
71 78 34 1 0
72 78 35 1 0
53 78 36 1 0
29 78 37 1 0
34 78 38 1 0
4 15 39 0 1
4 20 33 0 1
71 77 33 1 0
72 77 34 1 0
53 77 35 1 0
29 77 36 1 0
34 77 37 1 0
4 15 38 0 1
4 28 20 0 1
4 24 14 0 1
4 24 8 0 1
