1 110 0 1 0
21 72 1 1 0
51 72 2 1 0
63 86 3 1 0
0 110 4 1 0
17 86 5 1 0
49 86 6 4 0
19 85 7 1 0
4 20 8 0 1
4 9 7 0 1
64 74 7 1 0
4 14 8 0 1
15 109 7 5 0
4 15 8 0 1
16 89 8 1 0
18 89 9 1 0
2 110 10 1 0
42 89 11 4 0
46 85 12 1 0
4 20 13 0 1
46 100 12 1 0
4 26 13 0 1
44 103 12 2 0
57 101 13 1 0
4 43 14 0 1
43 79 13 4 0
34 78 14 1 0
4 14 15 0 1
4 17 14 0 1
33 33 14 1 0
32 33 15 2 0
70 32 16 1 0
69 32 17 1 0
66 32 18 2 0
67 30 19 1 0
64 30 20 1 0
4 14 21 0 1
25 44 19 2 0
4 16 20 0 1
4 22 20 0 1
76 48 16 1 0
34 48 17 1 0
4 14 18 0 1
4 24 14 0 1
41 107 12 1 0
12 107 13 3 0
4 15 14 0 1
14 60 14 6 0
13 59 15 1 0
39 59 16 2 0
38 58 17 2 0
40 49 18 1 0
70 49 19 1 0
68 49 20 1 0
50 49 21 1 0
31 49 22 1 0
4 12 23 0 1
77 93 18 3 0
75 90 19 1 0
76 90 20 1 0
34 90 21 1 0
4 14 22 0 1
4 10 19 0 1
75 75 19 1 0
76 75 20 1 0
34 75 21 1 0
4 14 22 0 1
4 25 17 0 1
13 29 15 1 0
39 29 16 2 0
38 28 17 2 0
40 27 18 1 0
70 27 19 1 0
69 27 20 1 0
67 27 21 1 0
64 27 22 1 0
4 14 23 0 1
77 99 18 1 0
75 99 19 3 0
76 97 20 1 0
34 97 21 1 0
4 14 22 0 1
4 8 20 0 1
78 80 20 1 0
28 80 21 1 0
10 80 22 1 0
23 80 23 1 0
24 80 24 1 0
22 80 25 1 0
35 80 26 1 0
27 80 27 1 0
7 80 28 1 0
26 80 29 1 0
56 80 30 1 0
59 80 31 1 0
5 80 32 1 0
48 80 33 1 0
71 80 34 1 0
72 80 35 1 0
53 80 36 1 0
54 80 37 1 0
55 80 38 1 0
73 80 39 5 0
4 19 40 0 1
20 27 40 1 0
34 27 41 1 0
4 14 42 0 1
4 17 40 0 1
8 35 40 1 0
28 35 41 1 0
10 35 42 1 0
23 35 43 1 0
24 35 44 1 0
22 35 45 1 0
35 35 46 1 0
27 35 47 1 0
7 35 48 1 0
26 35 49 1 0
56 35 50 1 0
59 35 51 1 0
5 35 52 1 0
48 35 53 1 0
71 35 54 1 0
72 35 55 1 0
53 35 56 1 0
29 35 57 3 0
6 34 58 1 0
34 34 59 1 0
4 14 60 0 1
4 11 58 0 1
34 73 58 1 0
4 14 59 0 1
4 24 40 0 1
4 25 17 0 1
13 38 15 1 0
3 38 16 1 0
60 38 17 1 0
62 38 18 1 0
30 38 19 2 0
61 37 20 1 0
45 37 21 6 0
65 36 22 1 0
52 36 23 3 0
34 34 24 1 0
4 14 25 0 1
4 11 24 0 1
52 82 24 1 0
34 82 25 1 0
4 14 26 0 1
4 11 22 0 1
34 83 22 1 0
4 14 23 0 1
4 17 22 0 1
8 0 22 1 0
28 0 23 1 0
10 0 24 1 0
23 0 25 1 0
24 0 26 1 0
22 0 27 1 0
35 0 28 1 0
27 0 29 1 0
7 0 30 1 0
26 0 31 1 0
56 0 32 1 0
59 0 33 1 0
5 0 34 1 0
48 0 35 1 0
71 0 36 1 0
72 0 37 1 0
53 0 38 1 0
54 0 39 1 0
55 0 40 1 0
37 0 41 1 0
4 31 42 0 1
4 24 22 0 1
4 25 20 0 1
13 95 15 1 0
3 95 16 1 0
60 95 17 1 0
62 95 18 1 0
30 95 19 2 0
61 94 20 1 0
9 94 21 3 0
36 90 22 1 0
29 90 23 1 0
34 90 24 1 0
4 14 25 0 1
11 6 22 1 0
4 8 23 0 1
28 98 22 1 0
10 98 23 1 0
23 98 24 1 0
24 98 25 1 0
22 98 26 1 0
35 98 27 1 0
27 98 28 1 0
7 98 29 1 0
26 98 30 1 0
56 98 31 1 0
59 98 32 1 0
5 98 33 1 0
48 98 34 1 0
71 98 35 1 0
72 98 36 1 0
53 98 37 1 0
54 98 38 1 0
55 98 39 5 0
65 97 40 1 0
52 97 41 1 0
34 97 42 1 0
4 14 43 0 1
4 11 40 0 1
34 81 40 1 0
4 14 41 0 1
4 17 40 0 1
4 24 40 0 1
4 25 20 0 1
13 77 15 1 0
3 77 16 1 0
60 77 17 1 0
62 77 18 1 0
30 77 19 2 0
61 76 20 1 0
9 76 21 3 0
36 75 22 1 0
29 75 23 1 0
34 75 24 1 0
4 14 25 0 1
11 6 22 1 0
4 8 23 0 1
28 98 22 1 0
10 98 23 1 0
23 98 24 1 0
24 98 25 1 0
22 98 26 1 0
35 98 27 1 0
27 98 28 1 0
7 98 29 1 0
26 98 30 1 0
56 98 31 1 0
59 98 32 1 0
5 98 33 1 0
48 98 34 1 0
71 98 35 1 0
72 98 36 1 0
53 98 37 1 0
54 98 38 1 0
55 98 39 5 0
65 97 40 1 0
52 97 41 1 0
34 97 42 1 0
4 14 43 0 1
4 11 40 0 1
34 81 40 1 0
4 14 41 0 1
4 17 40 0 1
4 24 40 0 1
4 25 20 0 1
13 71 15 1 0
3 71 16 1 0
60 71 17 1 0
62 71 18 1 0
30 71 19 2 0
61 70 20 1 0
45 70 21 4 0
47 68 22 1 0
74 68 23 1 0
4 14 24 0 1
4 17 22 0 1
8 67 22 3 0
28 66 23 1 0
10 66 24 1 0
23 66 25 1 0
24 66 26 1 0
22 66 27 1 0
35 66 28 1 0
27 66 29 1 0
7 66 30 1 0
26 66 31 1 0
56 66 32 1 0
59 66 33 1 0
5 66 34 1 0
48 66 35 1 0
71 66 36 1 0
72 66 37 1 0
53 66 38 1 0
54 66 39 1 0
55 66 40 4 0
47 64 41 1 0
74 64 42 1 0
4 14 43 0 1
4 17 41 0 1
8 90 41 1 0
28 90 42 1 0
10 90 43 1 0
23 90 44 1 0
24 90 45 1 0
22 90 46 1 0
35 90 47 1 0
27 90 48 1 0
7 90 49 1 0
26 90 50 1 0
56 90 51 1 0
59 90 52 1 0
5 90 53 1 0
48 90 54 1 0
71 90 55 1 0
72 90 56 1 0
53 90 57 1 0
29 90 58 1 0
34 90 59 1 0
4 14 60 0 1
4 24 41 0 1
4 10 23 0 1
28 75 23 1 0
10 75 24 1 0
23 75 25 1 0
24 75 26 1 0
22 75 27 1 0
35 75 28 1 0
27 75 29 1 0
7 75 30 1 0
26 75 31 1 0
56 75 32 1 0
59 75 33 1 0
5 75 34 1 0
48 75 35 1 0
71 75 36 1 0
72 75 37 1 0
53 75 38 1 0
29 75 39 1 0
34 75 40 1 0
4 14 41 0 1
4 24 22 0 1
4 25 20 0 1
4 21 14 0 1
16 88 8 1 0
18 88 9 1 0
2 110 10 1 0
42 88 11 4 0
46 85 12 1 0
4 20 13 0 1
46 100 12 1 0
4 26 13 0 1
44 102 12 2 0
57 101 13 1 0
4 43 14 0 1
43 69 13 4 0
34 68 14 1 0
4 14 15 0 1
4 17 14 0 1
33 51 14 3 0
32 50 15 2 0
70 49 16 1 0
68 49 17 1 0
50 49 18 1 0
31 49 19 1 0
4 12 20 0 1
76 45 16 1 0
34 45 17 1 0
4 14 18 0 1
4 10 15 0 1
32 56 15 2 0
70 49 16 1 0
68 49 17 1 0
50 49 18 1 0
31 49 19 1 0
4 12 20 0 1
76 75 16 1 0
34 75 17 1 0
4 14 18 0 1
4 24 14 0 1
41 108 12 1 0
12 108 13 3 0
4 15 14 0 1
14 63 14 2 0
13 62 15 1 0
39 62 16 2 0
38 61 17 2 0
40 49 18 1 0
70 49 19 1 0
68 49 20 1 0
50 49 21 1 0
31 49 22 1 0
4 12 23 0 1
77 105 18 1 0
75 105 19 3 0
76 104 20 1 0
34 104 21 1 0
4 14 22 0 1
4 8 20 0 1
78 46 20 1 0
28 46 21 1 0
10 46 22 1 0
23 46 23 1 0
24 46 24 1 0
22 46 25 1 0
35 46 26 1 0
27 46 27 1 0
7 46 28 1 0
26 46 29 1 0
56 46 30 1 0
59 46 31 1 0
5 46 32 1 0
48 46 33 3 0
48 45 34 1 0
71 45 35 1 0
72 45 36 1 0
53 45 37 1 0
29 45 38 1 0
34 45 39 1 0
4 14 40 0 1
4 18 34 0 1
71 75 34 1 0
72 75 35 1 0
53 75 36 1 0
29 75 37 1 0
34 75 38 1 0
4 14 39 0 1
4 25 17 0 1
13 42 15 1 0
3 42 16 1 0
60 42 17 1 0
62 42 18 1 0
30 42 19 2 0
61 41 20 1 0
45 41 21 6 0
65 36 22 1 0
52 36 23 3 0
34 34 24 1 0
4 14 25 0 1
4 11 24 0 1
52 82 24 1 0
34 82 25 1 0
4 14 26 0 1
4 11 22 0 1
34 84 22 1 0
4 14 23 0 1
4 17 22 0 1
8 4 22 1 0
28 4 23 1 0
10 4 24 1 0
23 4 25 1 0
24 4 26 1 0
22 4 27 1 0
35 4 28 1 0
27 4 29 1 0
7 4 30 1 0
26 4 31 1 0
56 4 32 1 0
59 4 33 1 0
5 4 34 3 0
5 3 35 1 0
48 3 36 1 0
71 3 37 1 0
72 3 38 1 0
53 3 39 1 0
54 3 40 1 0
55 3 41 1 0
37 3 42 1 0
4 31 43 0 1
4 7 35 0 1
48 104 35 1 0
71 104 36 1 0
72 104 37 1 0
53 104 38 1 0
29 104 39 1 0
34 104 40 1 0
4 14 41 0 1
4 24 22 0 1
4 25 20 0 1
4 21 14 0 1
16 87 8 1 0
18 87 9 1 0
2 110 10 1 0
42 87 11 4 0
46 85 12 1 0
4 20 13 0 1
46 100 12 1 0
4 26 13 0 1
44 55 12 2 0
57 49 13 1 0
70 49 14 1 0
68 49 15 1 0
50 49 16 1 0
31 49 17 1 0
4 12 18 0 1
43 65 13 4 0
34 64 14 1 0
4 14 15 0 1
4 17 14 0 1
33 57 14 1 0
32 57 15 2 0
70 49 16 1 0
68 49 17 1 0
50 49 18 1 0
31 49 19 1 0
4 12 20 0 1
76 90 16 1 0
34 90 17 1 0
4 14 18 0 1
4 24 14 0 1
41 106 12 1 0
12 106 13 3 0
4 15 14 0 1
14 54 14 3 0
13 53 15 1 0
39 53 16 2 0
38 52 17 2 0
40 49 18 1 0
70 49 19 1 0
68 49 20 1 0
50 49 21 1 0
31 49 22 1 0
4 12 23 0 1
77 47 18 1 0
75 47 19 3 0
76 45 20 1 0
34 45 21 1 0
4 14 22 0 1
4 8 20 0 1
78 92 20 1 0
28 92 21 1 0
10 92 22 1 0
23 92 23 1 0
24 92 24 1 0
22 92 25 1 0
35 92 26 1 0
27 92 27 1 0
7 92 28 1 0
26 92 29 1 0
56 92 30 1 0
59 92 31 1 0
5 92 32 1 0
48 92 33 3 0
48 91 34 3 0
48 90 35 1 0
71 90 36 1 0
72 90 37 1 0
53 90 38 1 0
29 90 39 1 0
34 90 40 1 0
4 14 41 0 1
4 18 35 0 1
71 90 35 1 0
72 90 36 1 0
53 90 37 1 0
29 90 38 1 0
34 90 39 1 0
4 14 40 0 1
4 18 34 0 1
71 5 34 1 0
72 5 35 1 0
53 5 36 1 0
54 5 37 1 0
55 5 38 1 0
37 5 39 1 0
4 13 40 0 1
4 25 17 0 1
13 40 15 1 0
3 40 16 1 0
60 40 17 1 0
62 40 18 1 0
30 40 19 2 0
61 39 20 1 0
45 39 21 6 0
65 36 22 1 0
52 36 23 3 0
34 34 24 1 0
4 14 25 0 1
4 11 24 0 1
52 82 24 1 0
34 82 25 1 0
4 14 26 0 1
4 11 22 0 1
34 84 22 1 0
4 14 23 0 1
4 17 22 0 1
8 2 22 1 0
28 2 23 1 0
10 2 24 1 0
23 2 25 1 0
24 2 26 1 0
22 2 27 1 0
35 2 28 1 0
27 2 29 1 0
7 2 30 1 0
26 2 31 1 0
56 2 32 1 0
59 2 33 1 0
5 2 34 3 0
5 1 35 1 0
48 1 36 1 0
71 1 37 1 0
72 1 38 1 0
53 1 39 1 0
54 1 40 1 0
55 1 41 1 0
37 1 42 1 0
4 31 43 0 1
4 7 35 0 1
48 45 35 1 0
71 45 36 1 0
72 45 37 1 0
53 45 38 1 0
29 45 39 1 0
34 45 40 1 0
4 14 41 0 1
4 24 22 0 1
4 25 20 0 1
13 96 15 1 0
3 96 16 1 0
60 96 17 1 0
62 96 18 1 0
58 96 19 3 0
4 23 20 0 1
28 45 20 1 0
10 45 21 1 0
23 45 22 1 0
24 45 23 1 0
22 45 24 1 0
35 45 25 1 0
27 45 26 1 0
7 45 27 1 0
26 45 28 1 0
56 45 29 1 0
59 45 30 1 0
5 45 31 1 0
48 45 32 1 0
71 45 33 1 0
72 45 34 1 0
53 45 35 1 0
29 45 36 1 0
34 45 37 1 0
4 14 38 0 1
4 25 20 0 1
4 21 14 0 1
4 21 8 0 1
