1 85 0 1 0
20 59 1 1 0
51 59 2 1 0
64 73 3 1 0
0 85 4 1 0
16 73 5 1 0
49 73 6 4 0
18 72 7 1 0
4 16 8 0 1
4 4 7 0 1
65 41 7 1 0
4 9 8 0 1
14 84 7 3 0
4 11 8 0 1
15 74 8 1 0
17 74 9 1 0
2 85 10 1 0
43 74 11 4 0
47 72 12 1 0
4 16 13 0 1
47 78 12 1 0
4 21 13 0 1
45 81 12 2 0
58 80 13 1 0
4 42 14 0 1
44 67 13 4 0
35 66 14 1 0
4 9 15 0 1
4 13 14 0 1
34 31 14 1 0
33 31 15 2 0
71 30 16 1 0
70 30 17 1 0
67 30 18 2 0
68 27 19 1 0
65 27 20 1 0
4 9 21 0 1
24 43 19 2 0
4 12 20 0 1
4 18 20 0 1
76 46 16 1 0
35 46 17 1 0
4 9 18 0 1
4 19 14 0 1
42 82 12 1 0
11 82 13 3 0
4 11 14 0 1
13 26 14 5 0
12 25 15 1 0
40 25 16 2 0
39 24 17 2 0
41 23 18 1 0
71 23 19 1 0
70 23 20 1 0
68 23 21 1 0
65 23 22 1 0
4 9 23 0 1
77 77 18 1 0
75 77 19 3 0
76 75 20 1 0
35 75 21 1 0
4 9 22 0 1
4 3 20 0 1
78 68 20 1 0
27 68 21 1 0
9 68 22 1 0
22 68 23 1 0
23 68 24 1 0
21 68 25 1 0
36 68 26 1 0
26 68 27 1 0
7 68 28 1 0
25 68 29 1 0
57 68 30 1 0
59 68 31 1 0
5 68 32 1 0
48 68 33 1 0
72 68 34 1 0
73 68 35 1 0
54 68 36 1 0
55 68 37 1 0
56 68 38 1 0
74 68 39 5 0
4 15 40 0 1
19 23 40 1 0
35 23 41 1 0
4 9 42 0 1
4 13 40 0 1
8 35 40 1 0
27 35 41 1 0
9 35 42 1 0
22 35 43 1 0
23 35 44 1 0
21 35 45 1 0
36 35 46 1 0
26 35 47 1 0
7 35 48 1 0
25 35 49 1 0
57 35 50 1 0
59 35 51 1 0
5 35 52 1 0
48 35 53 1 0
72 35 54 1 0
73 35 55 1 0
54 35 56 1 0
28 35 57 3 0
6 34 58 1 0
35 34 59 1 0
4 9 60 0 1
4 5 58 0 1
35 60 58 1 0
4 9 59 0 1
4 19 40 0 1
4 20 17 0 1
12 38 15 1 0
3 38 16 1 0
60 38 17 1 0
63 38 18 1 0
29 38 19 2 0
61 37 20 1 0
46 37 21 6 0
66 36 22 1 0
52 36 23 3 0
35 34 24 1 0
4 9 25 0 1
4 5 24 0 1
52 70 24 1 0
35 70 25 1 0
4 9 26 0 1
4 5 22 0 1
35 71 22 1 0
4 9 23 0 1
4 13 22 0 1
8 0 22 1 0
27 0 23 1 0
9 0 24 1 0
22 0 25 1 0
23 0 26 1 0
21 0 27 1 0
36 0 28 1 0
26 0 29 1 0
7 0 30 1 0
25 0 31 1 0
57 0 32 1 0
59 0 33 1 0
5 0 34 1 0
48 0 35 1 0
72 0 36 1 0
73 0 37 1 0
54 0 38 1 0
55 0 39 1 0
56 0 40 1 0
38 0 41 1 0
4 29 42 0 1
4 19 22 0 1
4 20 20 0 1
12 63 15 1 0
40 63 16 2 0
39 62 17 2 0
41 61 18 1 0
71 61 19 1 0
69 61 20 1 0
50 61 21 1 0
37 61 22 1 0
4 8 23 0 1
77 45 18 1 0
75 45 19 3 0
76 44 20 1 0
35 44 21 1 0
4 9 22 0 1
4 3 20 0 1
78 76 20 1 0
27 76 21 1 0
9 76 22 1 0
22 76 23 1 0
23 76 24 1 0
21 76 25 1 0
36 76 26 1 0
26 76 27 1 0
7 76 28 1 0
25 76 29 1 0
57 76 30 1 0
59 76 31 1 0
5 76 32 1 0
48 76 33 1 0
72 76 34 1 0
73 76 35 1 0
54 76 36 1 0
55 76 37 1 0
56 76 38 5 0
66 75 39 1 0
52 75 40 1 0
35 75 41 1 0
4 9 42 0 1
4 5 39 0 1
35 69 39 1 0
4 9 40 0 1
4 13 39 0 1
4 19 39 0 1
4 20 17 0 1
12 33 15 1 0
40 33 16 2 0
39 32 17 2 0
41 27 18 1 0
71 27 19 1 0
70 27 20 1 0
68 27 21 1 0
65 27 22 1 0
4 9 23 0 1
77 52 18 1 0
75 52 19 3 0
76 47 20 1 0
35 47 21 1 0
4 9 22 0 1
4 3 20 0 1
78 28 20 1 0
27 28 21 1 0
9 28 22 1 0
22 28 23 1 0
23 28 24 1 0
21 28 25 1 0
36 28 26 1 0
26 28 27 1 0
7 28 28 1 0
25 28 29 1 0
57 28 30 1 0
59 28 31 1 0
5 28 32 1 0
48 28 33 1 0
72 28 34 1 0
73 28 35 1 0
54 28 36 1 0
55 28 37 1 0
56 28 38 6 0
66 27 39 1 0
52 27 40 1 0
35 27 41 1 0
4 9 42 0 1
4 5 39 0 1
35 79 39 1 0
4 9 40 0 1
4 13 39 0 1
8 44 39 1 0
27 44 40 1 0
9 44 41 1 0
22 44 42 1 0
23 44 43 1 0
21 44 44 1 0
36 44 45 1 0
26 44 46 1 0
7 44 47 1 0
25 44 48 1 0
57 44 49 1 0
59 44 50 1 0
5 44 51 1 0
48 44 52 1 0
72 44 53 1 0
73 44 54 1 0
54 44 55 1 0
28 44 56 1 0
35 44 57 1 0
4 9 58 0 1
4 19 39 0 1
4 20 17 0 1
12 54 15 1 0
3 54 16 1 0
60 54 17 1 0
31 54 18 1 0
10 54 19 9 0
4 6 20 0 1
4 13 20 0 1
30 64 20 1 0
39 64 21 2 0
41 61 22 1 0
71 61 23 1 0
69 61 24 1 0
50 61 25 1 0
37 61 26 1 0
4 8 27 0 1
77 58 22 1 0
75 58 23 3 0
76 55 24 1 0
35 55 25 1 0
4 9 26 0 1
4 3 24 0 1
78 1 24 1 0
27 1 25 1 0
9 1 26 1 0
22 1 27 1 0
23 1 28 1 0
21 1 29 1 0
36 1 30 1 0
26 1 31 1 0
7 1 32 1 0
25 1 33 1 0
57 1 34 1 0
59 1 35 1 0
5 1 36 1 0
48 1 37 1 0
72 1 38 1 0
73 1 39 1 0
54 1 40 1 0
55 1 41 1 0
56 1 42 1 0
38 1 43 1 0
4 10 44 0 1
4 20 20 0 1
27 57 20 1 0
9 57 21 1 0
22 57 22 1 0
23 57 23 1 0
21 57 24 1 0
36 57 25 1 0
26 57 26 1 0
7 57 27 1 0
25 57 28 1 0
57 57 29 3 0
57 55 30 1 0
59 55 31 1 0
5 55 32 1 0
48 55 33 1 0
72 55 34 1 0
73 55 35 1 0
54 55 36 1 0
28 55 37 1 0
35 55 38 1 0
4 9 39 0 1
4 14 30 0 1
59 49 30 1 0
5 49 31 1 0
48 49 32 1 0
72 49 33 1 0
73 49 34 1 0
54 49 35 1 0
55 49 36 1 0
56 49 37 5 0
66 47 38 1 0
52 47 39 1 0
35 47 40 1 0
4 9 41 0 1
4 5 38 0 1
35 65 38 1 0
4 9 39 0 1
4 13 38 0 1
4 19 38 0 1
4 20 20 0 1
32 56 20 1 0
62 56 21 1 0
61 56 22 1 0
53 56 23 2 0
54 55 24 1 0
28 55 25 1 0
35 55 26 1 0
4 9 27 0 1
4 7 24 0 1
4 19 20 0 1
3 83 20 1 0
60 83 21 1 0
63 83 22 1 0
11 83 23 3 0
4 11 24 0 1
13 40 24 1 0
12 40 25 1 0
3 40 26 1 0
60 40 27 1 0
63 40 28 1 0
29 40 29 2 0
61 39 30 1 0
46 39 31 6 0
66 36 32 1 0
52 36 33 3 0
35 34 34 1 0
4 9 35 0 1
4 5 34 0 1
52 70 34 1 0
35 70 35 1 0
4 9 36 0 1
4 5 32 0 1
35 71 32 1 0
4 9 33 0 1
4 13 32 0 1
8 48 32 1 0
27 48 33 1 0
9 48 34 1 0
22 48 35 1 0
23 48 36 1 0
21 48 37 1 0
36 48 38 1 0
26 48 39 1 0
7 48 40 1 0
25 48 41 1 0
57 48 42 1 0
59 48 43 1 0
5 48 44 1 0
48 48 45 1 0
72 48 46 1 0
73 48 47 1 0
54 48 48 1 0
55 48 49 1 0
56 48 50 6 0
66 47 51 1 0
52 47 52 1 0
35 47 53 1 0
4 9 54 0 1
4 5 51 0 1
35 53 51 1 0
4 9 52 0 1
4 13 51 0 1
8 51 51 1 0
27 51 52 1 0
9 51 53 1 0
22 51 54 1 0
23 51 55 1 0
21 51 56 1 0
36 51 57 1 0
26 51 58 1 0
7 51 59 1 0
25 51 60 1 0
57 51 61 1 0
59 51 62 1 0
5 51 63 3 0
5 50 64 3 0
5 49 65 1 0
48 49 66 1 0
72 49 67 1 0
73 49 68 1 0
54 49 69 1 0
55 49 70 1 0
56 49 71 5 0
66 47 72 1 0
52 47 73 1 0
35 47 74 1 0
4 9 75 0 1
4 5 72 0 1
35 65 72 1 0
4 9 73 0 1
4 13 72 0 1
4 19 72 0 1
4 22 65 0 1
48 2 65 1 0
72 2 66 1 0
73 2 67 1 0
54 2 68 1 0
55 2 69 1 0
56 2 70 1 0
38 2 71 1 0
4 10 72 0 1
4 22 64 0 1
48 55 64 1 0
72 55 65 1 0
73 55 66 1 0
54 55 67 1 0
28 55 68 1 0
35 55 69 1 0
4 9 70 0 1
4 19 51 0 1
4 19 32 0 1
4 20 30 0 1
4 17 24 0 1
4 17 14 0 1
4 17 8 0 1
