1 106 0 1 0
22 57 1 1 0
55 57 2 1 0
68 78 3 1 0
0 106 4 1 0
18 78 5 1 0
53 78 6 4 0
20 77 7 1 0
4 23 8 0 1
4 7 7 0 1
69 22 7 1 0
4 13 8 0 1
16 104 7 4 0
4 18 8 0 1
17 79 8 1 0
19 79 9 1 0
2 106 10 1 0
46 79 11 4 0
50 77 12 1 0
4 23 13 0 1
50 88 12 1 0
4 28 13 0 1
48 100 12 2 0
62 99 13 1 0
4 49 14 0 1
47 68 13 4 0
37 67 14 1 0
4 13 15 0 1
4 20 14 0 1
36 36 14 1 0
35 36 15 2 0
75 35 16 1 0
74 35 17 1 0
71 35 18 2 0
72 33 19 1 0
69 33 20 1 0
4 13 21 0 1
26 50 19 2 0
4 19 20 0 1
4 25 20 0 1
81 51 16 1 0
37 51 17 1 0
4 13 18 0 1
4 26 14 0 1
45 102 12 1 0
13 102 13 3 0
4 18 14 0 1
15 32 14 4 0
14 31 15 1 0
43 31 16 2 0
42 30 17 2 0
44 29 18 1 0
75 29 19 1 0
74 29 20 1 0
72 29 21 1 0
69 29 22 1 0
4 13 23 0 1
82 87 18 1 0
80 87 19 3 0
81 85 20 1 0
37 85 21 1 0
4 13 22 0 1
4 6 20 0 1
83 69 20 1 0
29 69 21 1 0
10 69 22 1 0
24 69 23 1 0
25 69 24 1 0
23 69 25 1 0
38 69 26 1 0
28 69 27 1 0
7 69 28 1 0
27 69 29 1 0
61 69 30 1 0
63 69 31 1 0
5 69 32 1 0
52 69 33 1 0
76 69 34 1 0
77 69 35 1 0
58 69 36 1 0
59 69 37 1 0
60 69 38 1 0
78 69 39 5 0
4 21 40 0 1
21 29 40 1 0
37 29 41 1 0
4 13 42 0 1
4 20 40 0 1
8 43 40 1 0
29 43 41 1 0
10 43 42 1 0
24 43 43 1 0
25 43 44 1 0
23 43 45 1 0
38 43 46 1 0
28 43 47 1 0
7 43 48 1 0
27 43 49 1 0
61 43 50 1 0
63 43 51 1 0
5 43 52 1 0
52 43 53 1 0
76 43 54 1 0
77 43 55 1 0
58 43 56 1 0
30 43 57 3 0
6 42 58 1 0
37 42 59 1 0
4 13 60 0 1
4 9 58 0 1
37 58 58 1 0
4 13 59 0 1
4 26 40 0 1
4 27 17 0 1
14 46 15 1 0
3 46 16 1 0
64 46 17 1 0
67 46 18 1 0
31 46 19 2 0
65 45 20 1 0
49 45 21 6 0
70 44 22 1 0
56 44 23 3 0
37 42 24 1 0
4 13 25 0 1
4 9 24 0 1
56 73 24 1 0
37 73 25 1 0
4 13 26 0 1
4 9 22 0 1
37 75 22 1 0
4 13 23 0 1
4 20 22 0 1
8 1 22 1 0
29 1 23 1 0
10 1 24 1 0
24 1 25 1 0
25 1 26 1 0
23 1 27 1 0
38 1 28 1 0
28 1 29 1 0
7 1 30 1 0
27 1 31 1 0
61 1 32 1 0
63 1 33 1 0
5 1 34 1 0
52 1 35 1 0
76 1 36 1 0
77 1 37 1 0
58 1 38 1 0
59 1 39 1 0
60 1 40 1 0
41 1 41 1 0
4 34 42 0 1
4 26 22 0 1
4 27 20 0 1
14 63 15 1 0
43 63 16 2 0
42 62 17 2 0
44 59 18 1 0
75 59 19 1 0
73 59 20 1 0
54 59 21 1 0
39 59 22 1 0
4 12 23 0 1
82 72 18 1 0
80 72 19 3 0
81 71 20 1 0
37 71 21 1 0
4 13 22 0 1
4 6 20 0 1
83 86 20 1 0
29 86 21 1 0
10 86 22 1 0
24 86 23 1 0
25 86 24 1 0
23 86 25 1 0
38 86 26 1 0
28 86 27 1 0
7 86 28 1 0
27 86 29 1 0
61 86 30 1 0
63 86 31 1 0
5 86 32 1 0
52 86 33 1 0
76 86 34 1 0
77 86 35 1 0
58 86 36 1 0
59 86 37 1 0
60 86 38 5 0
70 85 39 1 0
56 85 40 1 0
37 85 41 1 0
4 13 42 0 1
4 9 39 0 1
37 70 39 1 0
4 13 40 0 1
4 20 39 0 1
4 26 39 0 1
4 27 17 0 1
14 84 15 1 0
3 84 16 1 0
64 84 17 1 0
67 84 18 1 0
31 84 19 2 0
65 83 20 1 0
49 83 21 4 0
51 81 22 1 0
79 81 23 1 0
4 13 24 0 1
4 20 22 0 1
8 71 22 1 0
29 71 23 1 0
10 71 24 1 0
24 71 25 1 0
25 71 26 1 0
23 71 27 1 0
38 71 28 1 0
28 71 29 1 0
7 71 30 1 0
27 71 31 1 0
61 71 32 1 0
63 71 33 1 0
5 71 34 1 0
52 71 35 1 0
76 71 36 1 0
77 71 37 1 0
58 71 38 1 0
30 71 39 1 0
37 71 40 1 0
4 13 41 0 1
4 26 22 0 1
4 27 20 0 1
4 24 14 0 1
17 80 8 1 0
19 80 9 1 0
2 106 10 1 0
46 80 11 4 0
50 77 12 1 0
4 23 13 0 1
50 88 12 1 0
4 28 13 0 1
48 101 12 2 0
62 99 13 1 0
4 49 14 0 1
47 82 13 4 0
37 81 14 1 0
4 13 15 0 1
4 20 14 0 1
36 61 14 1 0
35 61 15 2 0
75 59 16 1 0
73 59 17 1 0
54 59 18 1 0
39 59 19 1 0
4 12 20 0 1
81 71 16 1 0
37 71 17 1 0
4 13 18 0 1
4 26 14 0 1
45 103 12 1 0
13 103 13 3 0
4 18 14 0 1
15 39 14 5 0
14 38 15 1 0
43 38 16 2 0
42 37 17 2 0
44 33 18 1 0
75 33 19 1 0
74 33 20 1 0
72 33 21 1 0
69 33 22 1 0
4 13 23 0 1
82 91 18 1 0
80 91 19 3 0
81 89 20 1 0
37 89 21 1 0
4 13 22 0 1
4 6 20 0 1
83 16 20 1 0
29 16 21 1 0
10 16 22 1 0
24 16 23 1 0
25 16 24 1 0
23 16 25 1 0
38 16 26 1 0
28 16 27 1 0
7 16 28 1 0
27 16 29 1 0
61 16 30 1 0
63 16 31 1 0
5 16 32 1 0
52 16 33 1 0
76 16 34 1 0
77 16 35 1 0
58 16 36 1 0
59 16 37 1 0
60 16 38 6 0
70 14 39 1 0
56 14 40 1 0
37 14 41 1 0
4 13 42 0 1
4 9 39 0 1
37 98 39 1 0
4 13 40 0 1
4 20 39 0 1
8 71 39 1 0
29 71 40 1 0
10 71 41 1 0
24 71 42 1 0
25 71 43 1 0
23 71 44 1 0
38 71 45 1 0
28 71 46 1 0
7 71 47 1 0
27 71 48 1 0
61 71 49 1 0
63 71 50 1 0
5 71 51 1 0
52 71 52 1 0
76 71 53 1 0
77 71 54 1 0
58 71 55 1 0
30 71 56 1 0
37 71 57 1 0
4 13 58 0 1
4 26 39 0 1
4 27 17 0 1
14 41 15 1 0
43 41 16 2 0
42 40 17 2 0
44 33 18 1 0
75 33 19 1 0
74 33 20 1 0
72 33 21 1 0
69 33 22 1 0
4 13 23 0 1
82 95 18 1 0
80 95 19 3 0
81 92 20 1 0
37 92 21 1 0
4 13 22 0 1
4 6 20 0 1
83 0 20 1 0
29 0 21 1 0
10 0 22 1 0
24 0 23 1 0
25 0 24 1 0
23 0 25 1 0
38 0 26 1 0
28 0 27 1 0
7 0 28 1 0
27 0 29 1 0
61 0 30 1 0
63 0 31 1 0
5 0 32 1 0
52 0 33 1 0
76 0 34 1 0
77 0 35 1 0
58 0 36 1 0
59 0 37 1 0
60 0 38 1 0
41 0 39 1 0
4 34 40 0 1
4 27 17 0 1
14 52 15 1 0
3 52 16 1 0
64 52 17 1 0
33 52 18 1 0
12 52 19 9 0
4 10 20 0 1
4 20 20 0 1
32 60 20 1 0
42 60 21 2 0
44 59 22 1 0
75 59 23 1 0
73 59 24 1 0
54 59 25 1 0
39 59 26 1 0
4 12 27 0 1
82 55 22 1 0
80 55 23 3 0
81 53 24 1 0
37 53 25 1 0
4 13 26 0 1
4 6 24 0 1
83 90 24 1 0
29 90 25 1 0
10 90 26 1 0
24 90 27 1 0
25 90 28 1 0
23 90 29 1 0
38 90 30 1 0
28 90 31 1 0
7 90 32 1 0
27 90 33 1 0
61 90 34 1 0
63 90 35 1 0
5 90 36 1 0
52 90 37 1 0
76 90 38 1 0
77 90 39 1 0
58 90 40 1 0
59 90 41 1 0
60 90 42 5 0
70 89 43 1 0
56 89 44 1 0
37 89 45 1 0
4 13 46 0 1
4 9 43 0 1
37 66 43 1 0
4 13 44 0 1
4 20 43 0 1
4 26 43 0 1
4 27 20 0 1
29 56 20 1 0
10 56 21 1 0
24 56 22 1 0
25 56 23 1 0
23 56 24 1 0
38 56 25 1 0
28 56 26 1 0
7 56 27 1 0
27 56 28 1 0
61 56 29 3 0
61 53 30 1 0
63 53 31 1 0
5 53 32 1 0
52 53 33 1 0
76 53 34 1 0
77 53 35 1 0
58 53 36 1 0
30 53 37 1 0
37 53 38 1 0
4 13 39 0 1
4 11 30 0 1
63 4 30 1 0
5 4 31 1 0
52 4 32 1 0
76 4 33 1 0
77 4 34 1 0
58 4 35 1 0
59 4 36 1 0
60 4 37 1 0
41 4 38 1 0
4 17 39 0 1
4 27 20 0 1
34 54 20 1 0
66 54 21 1 0
65 54 22 1 0
57 54 23 2 0
58 53 24 1 0
30 53 25 1 0
37 53 26 1 0
4 13 27 0 1
4 8 24 0 1
4 26 20 0 1
3 105 20 1 0
64 105 21 1 0
67 105 22 1 0
13 105 23 3 0
4 18 24 0 1
15 94 24 1 0
14 94 25 1 0
3 94 26 1 0
64 94 27 1 0
67 94 28 1 0
31 94 29 2 0
65 93 30 1 0
9 93 31 3 0
40 92 32 1 0
30 92 33 1 0
37 92 34 1 0
4 13 35 0 1
11 3 32 1 0
4 5 33 0 1
29 53 32 1 0
10 53 33 1 0
24 53 34 1 0
25 53 35 1 0
23 53 36 1 0
38 53 37 1 0
28 53 38 1 0
7 53 39 1 0
27 53 40 1 0
61 53 41 1 0
63 53 42 1 0
5 53 43 1 0
52 53 44 1 0
76 53 45 1 0
77 53 46 1 0
58 53 47 1 0
30 53 48 1 0
37 53 49 1 0
4 13 50 0 1
4 27 30 0 1
4 24 24 0 1
14 65 15 1 0
43 65 16 2 0
42 64 17 2 0
44 59 18 1 0
75 59 19 1 0
73 59 20 1 0
54 59 21 1 0
39 59 22 1 0
4 12 23 0 1
82 97 18 1 0
80 97 19 3 0
81 96 20 1 0
37 96 21 1 0
4 13 22 0 1
4 6 20 0 1
83 15 20 1 0
29 15 21 1 0
10 15 22 1 0
24 15 23 1 0
25 15 24 1 0
23 15 25 1 0
38 15 26 1 0
28 15 27 1 0
7 15 28 1 0
27 15 29 1 0
61 15 30 1 0
63 15 31 1 0
5 15 32 1 0
52 15 33 1 0
76 15 34 1 0
77 15 35 1 0
58 15 36 1 0
59 15 37 1 0
60 15 38 6 0
70 14 39 1 0
56 14 40 1 0
37 14 41 1 0
4 13 42 0 1
4 9 39 0 1
37 74 39 1 0
4 13 40 0 1
4 20 39 0 1
8 92 39 1 0
29 92 40 1 0
10 92 41 1 0
24 92 42 1 0
25 92 43 1 0
23 92 44 1 0
38 92 45 1 0
28 92 46 1 0
7 92 47 1 0
27 92 48 1 0
61 92 49 1 0
63 92 50 1 0
5 92 51 1 0
52 92 52 1 0
76 92 53 1 0
77 92 54 1 0
58 92 55 1 0
30 92 56 1 0
37 92 57 1 0
4 13 58 0 1
4 26 39 0 1
4 27 17 0 1
14 48 15 1 0
3 48 16 1 0
64 48 17 1 0
67 48 18 1 0
31 48 19 2 0
65 47 20 1 0
49 47 21 6 0
70 44 22 1 0
56 44 23 3 0
37 42 24 1 0
4 13 25 0 1
4 9 24 0 1
56 73 24 1 0
37 73 25 1 0
4 13 26 0 1
4 9 22 0 1
37 76 22 1 0
4 13 23 0 1
4 20 22 0 1
8 2 22 1 0
29 2 23 1 0
10 2 24 1 0
24 2 25 1 0
25 2 26 1 0
23 2 27 1 0
38 2 28 1 0
28 2 29 1 0
7 2 30 1 0
27 2 31 1 0
61 2 32 1 0
63 2 33 1 0
5 2 34 1 0
52 2 35 1 0
76 2 36 1 0
77 2 37 1 0
58 2 38 1 0
59 2 39 1 0
60 2 40 3 0
4 20 41 0 1
29 96 41 1 0
10 96 42 1 0
24 96 43 1 0
25 96 44 1 0
23 96 45 1 0
38 96 46 1 0
28 96 47 1 0
7 96 48 1 0
27 96 49 1 0
61 96 50 1 0
63 96 51 1 0
5 96 52 1 0
52 96 53 1 0
76 96 54 1 0
77 96 55 1 0
58 96 56 1 0
30 96 57 1 0
37 96 58 1 0
4 13 59 0 1
4 26 41 0 1
4 26 22 0 1
4 27 20 0 1
4 24 14 0 1
4 24 8 0 1
