1 87 0 1 0
20 55 1 1 0
52 55 2 1 0
65 69 3 1 0
0 87 4 1 0
16 69 5 1 0
50 69 6 4 0
18 68 7 1 0
4 17 8 0 1
4 4 7 0 1
66 16 7 1 0
4 10 8 0 1
14 86 7 4 0
4 12 8 0 1
15 70 8 1 0
17 70 9 1 0
2 87 10 1 0
43 70 11 4 0
47 68 12 1 0
4 17 13 0 1
47 79 12 1 0
4 22 13 0 1
45 81 12 2 0
59 80 13 1 0
4 42 14 0 1
44 63 13 4 0
35 62 14 1 0
4 10 15 0 1
4 14 14 0 1
34 31 14 1 0
33 31 15 2 0
72 30 16 1 0
71 30 17 1 0
68 30 18 2 0
69 28 19 1 0
66 28 20 1 0
4 10 21 0 1
24 43 19 2 0
4 13 20 0 1
4 19 20 0 1
78 48 16 1 0
35 48 17 1 0
4 10 18 0 1
4 20 14 0 1
42 83 12 1 0
11 83 13 3 0
4 12 14 0 1
13 27 14 4 0
12 26 15 1 0
40 26 16 2 0
39 25 17 2 0
41 24 18 1 0
72 24 19 1 0
71 24 20 1 0
69 24 21 1 0
66 24 22 1 0
4 10 23 0 1
79 78 18 1 0
77 78 19 3 0
78 76 20 1 0
35 76 21 1 0
4 10 22 0 1
4 3 20 0 1
80 64 20 1 0
27 64 21 1 0
9 64 22 1 0
22 64 23 1 0
23 64 24 1 0
21 64 25 1 0
36 64 26 1 0
26 64 27 1 0
7 64 28 1 0
25 64 29 1 0
58 64 30 1 0
60 64 31 1 0
5 64 32 1 0
49 64 33 1 0
73 64 34 1 0
74 64 35 1 0
55 64 36 1 0
56 64 37 1 0
57 64 38 1 0
75 64 39 5 0
4 15 40 0 1
19 24 40 1 0
35 24 41 1 0
4 10 42 0 1
4 14 40 0 1
8 36 40 1 0
27 36 41 1 0
9 36 42 1 0
22 36 43 1 0
23 36 44 1 0
21 36 45 1 0
36 36 46 1 0
26 36 47 1 0
7 36 48 1 0
25 36 49 1 0
58 36 50 1 0
60 36 51 1 0
5 36 52 1 0
49 36 53 1 0
73 36 54 1 0
74 36 55 1 0
55 36 56 1 0
28 36 57 3 0
6 35 58 1 0
35 35 59 1 0
4 10 60 0 1
4 6 58 0 1
35 56 58 1 0
4 10 59 0 1
4 20 40 0 1
4 21 17 0 1
12 39 15 1 0
3 39 16 1 0
61 39 17 1 0
64 39 18 1 0
29 39 19 2 0
62 38 20 1 0
46 38 21 6 0
67 37 22 1 0
53 37 23 3 0
35 35 24 1 0
4 10 25 0 1
4 6 24 0 1
53 66 24 1 0
35 66 25 1 0
4 10 26 0 1
4 6 22 0 1
35 67 22 1 0
4 10 23 0 1
4 14 22 0 1
8 0 22 1 0
27 0 23 1 0
9 0 24 1 0
22 0 25 1 0
23 0 26 1 0
21 0 27 1 0
36 0 28 1 0
26 0 29 1 0
7 0 30 1 0
25 0 31 1 0
58 0 32 1 0
60 0 33 1 0
5 0 34 1 0
49 0 35 1 0
73 0 36 1 0
74 0 37 1 0
55 0 38 1 0
56 0 39 1 0
57 0 40 1 0
38 0 41 1 0
4 29 42 0 1
4 20 22 0 1
4 21 20 0 1
12 34 15 1 0
40 34 16 2 0
39 33 17 2 0
41 28 18 1 0
72 28 19 1 0
71 28 20 1 0
69 28 21 1 0
66 28 22 1 0
4 10 23 0 1
79 58 18 1 0
77 58 19 3 0
78 57 20 1 0
35 57 21 1 0
4 10 22 0 1
4 3 20 0 1
80 77 20 1 0
27 77 21 1 0
9 77 22 1 0
22 77 23 1 0
23 77 24 1 0
21 77 25 1 0
36 77 26 1 0
26 77 27 1 0
7 77 28 1 0
25 77 29 1 0
58 77 30 1 0
60 77 31 1 0
5 77 32 1 0
49 77 33 1 0
73 77 34 1 0
74 77 35 1 0
55 77 36 1 0
56 77 37 1 0
57 77 38 5 0
67 76 39 1 0
53 76 40 1 0
35 76 41 1 0
4 10 42 0 1
4 6 39 0 1
35 65 39 1 0
4 10 40 0 1
4 14 39 0 1
4 20 39 0 1
4 21 17 0 1
12 75 15 1 0
3 75 16 1 0
61 75 17 1 0
64 75 18 1 0
29 75 19 2 0
62 74 20 1 0
46 74 21 4 0
48 72 22 1 0
76 72 23 1 0
4 10 24 0 1
4 14 22 0 1
8 57 22 1 0
27 57 23 1 0
9 57 24 1 0
22 57 25 1 0
23 57 26 1 0
21 57 27 1 0
36 57 28 1 0
26 57 29 1 0
7 57 30 1 0
25 57 31 1 0
58 57 32 1 0
60 57 33 1 0
5 57 34 1 0
49 57 35 1 0
73 57 36 1 0
74 57 37 1 0
55 57 38 1 0
28 57 39 1 0
35 57 40 1 0
4 10 41 0 1
4 20 22 0 1
4 21 20 0 1
4 18 14 0 1
15 71 8 1 0
17 71 9 1 0
2 87 10 1 0
43 71 11 4 0
47 68 12 1 0
4 17 13 0 1
47 79 12 1 0
4 22 13 0 1
45 82 12 2 0
59 80 13 1 0
4 42 14 0 1
44 73 13 4 0
35 72 14 1 0
4 10 15 0 1
4 14 14 0 1
34 32 14 1 0
33 32 15 2 0
72 28 16 1 0
71 28 17 1 0
69 28 18 1 0
66 28 19 1 0
4 10 20 0 1
78 44 16 1 0
35 44 17 1 0
4 10 18 0 1
4 20 14 0 1
42 85 12 1 0
11 85 13 3 0
4 12 14 0 1
13 50 14 1 0
12 50 15 1 0
3 50 16 1 0
61 50 17 1 0
31 50 18 1 0
10 50 19 9 0
4 7 20 0 1
4 14 20 0 1
30 60 20 1 0
39 60 21 2 0
41 59 22 1 0
72 59 23 1 0
70 59 24 1 0
51 59 25 1 0
37 59 26 1 0
4 9 27 0 1
79 53 22 1 0
77 53 23 3 0
78 51 24 1 0
35 51 25 1 0
4 10 26 0 1
4 3 24 0 1
80 47 24 1 0
27 47 25 1 0
9 47 26 1 0
22 47 27 1 0
23 47 28 1 0
21 47 29 1 0
36 47 30 1 0
26 47 31 1 0
7 47 32 1 0
25 47 33 1 0
58 47 34 1 0
60 47 35 1 0
5 47 36 3 0
5 46 37 1 0
49 46 38 1 0
73 46 39 1 0
74 46 40 1 0
55 46 41 1 0
56 46 42 1 0
57 46 43 5 0
67 44 44 1 0
53 44 45 1 0
35 44 46 1 0
4 10 47 0 1
4 6 44 0 1
35 61 44 1 0
4 10 45 0 1
4 14 44 0 1
4 20 44 0 1
4 23 37 0 1
49 2 37 1 0
73 2 38 1 0
74 2 39 1 0
55 2 40 1 0
56 2 41 1 0
57 2 42 1 0
38 2 43 1 0
4 11 44 0 1
4 21 20 0 1
27 54 20 1 0
9 54 21 1 0
22 54 22 1 0
23 54 23 1 0
21 54 24 1 0
36 54 25 1 0
26 54 26 1 0
7 54 27 1 0
25 54 28 1 0
58 54 29 3 0
58 51 30 1 0
60 51 31 1 0
5 51 32 1 0
49 51 33 1 0
73 51 34 1 0
74 51 35 1 0
55 51 36 1 0
28 51 37 1 0
35 51 38 1 0
4 10 39 0 1
4 8 30 0 1
60 1 30 1 0
5 1 31 1 0
49 1 32 1 0
73 1 33 1 0
74 1 34 1 0
55 1 35 1 0
56 1 36 1 0
57 1 37 1 0
38 1 38 1 0
4 11 39 0 1
4 21 20 0 1
32 52 20 1 0
63 52 21 1 0
62 52 22 1 0
54 52 23 2 0
55 51 24 1 0
28 51 25 1 0
35 51 26 1 0
4 10 27 0 1
4 5 24 0 1
4 20 20 0 1
3 84 20 1 0
61 84 21 1 0
64 84 22 1 0
11 84 23 3 0
4 12 24 0 1
13 41 24 1 0
12 41 25 1 0
3 41 26 1 0
61 41 27 1 0
64 41 28 1 0
29 41 29 2 0
62 40 30 1 0
46 40 31 6 0
67 37 32 1 0
53 37 33 3 0
35 35 34 1 0
4 10 35 0 1
4 6 34 0 1
53 66 34 1 0
35 66 35 1 0
4 10 36 0 1
4 6 32 0 1
35 67 32 1 0
4 10 33 0 1
4 14 32 0 1
8 45 32 1 0
27 45 33 1 0
9 45 34 1 0
22 45 35 1 0
23 45 36 1 0
21 45 37 1 0
36 45 38 1 0
26 45 39 1 0
7 45 40 1 0
25 45 41 1 0
58 45 42 1 0
60 45 43 1 0
5 45 44 1 0
49 45 45 1 0
73 45 46 1 0
74 45 47 1 0
55 45 48 1 0
56 45 49 1 0
57 45 50 6 0
67 44 51 1 0
53 44 52 1 0
35 44 53 1 0
4 10 54 0 1
4 6 51 0 1
35 49 51 1 0
4 10 52 0 1
4 14 51 0 1
8 51 51 1 0
27 51 52 1 0
9 51 53 1 0
22 51 54 1 0
23 51 55 1 0
21 51 56 1 0
36 51 57 1 0
26 51 58 1 0
7 51 59 1 0
25 51 60 1 0
58 51 61 1 0
60 51 62 1 0
5 51 63 1 0
49 51 64 1 0
73 51 65 1 0
74 51 66 1 0
55 51 67 1 0
28 51 68 1 0
35 51 69 1 0
4 10 70 0 1
4 20 51 0 1
4 20 32 0 1
4 21 30 0 1
4 18 24 0 1
4 18 14 0 1
4 18 8 0 1
