1 0 1 0
20 1 1 0
52 2 1 0
65 3 1 0
0 4 1 0
16 5 1 0
50 6 4 0
18 7 1 0
4 8 0 1
4 7 0 1
66 7 1 0
4 8 0 1
14 7 4 0
4 8 0 1
15 8 1 0
17 9 1 0
2 10 1 0
43 11 4 0
47 12 1 0
4 13 0 1
47 12 1 0
4 13 0 1
45 12 2 0
59 13 1 0
4 14 0 1
44 13 4 0
35 14 1 0
4 15 0 1
4 14 0 1
34 14 1 0
33 15 2 0
72 16 1 0
71 17 1 0
68 18 2 0
69 19 1 0
66 20 1 0
4 21 0 1
24 19 2 0
4 20 0 1
4 20 0 1
78 16 1 0
35 17 1 0
4 18 0 1
4 14 0 1
42 12 1 0
11 13 3 0
4 14 0 1
13 14 4 0
12 15 1 0
40 16 2 0
39 17 2 0
41 18 1 0
72 19 1 0
71 20 1 0
69 21 1 0
66 22 1 0
4 23 0 1
79 18 1 0
77 19 3 0
78 20 1 0
35 21 1 0
4 22 0 1
4 20 0 1
80 20 1 0
27 21 1 0
9 22 1 0
22 23 1 0
23 24 1 0
21 25 1 0
36 26 1 0
26 27 1 0
7 28 1 0
25 29 1 0
58 30 1 0
60 31 1 0
5 32 1 0
49 33 1 0
73 34 1 0
74 35 1 0
55 36 1 0
56 37 1 0
57 38 1 0
75 39 5 0
4 40 0 1
19 40 1 0
35 41 1 0
4 42 0 1
4 40 0 1
8 40 1 0
27 41 1 0
9 42 1 0
22 43 1 0
23 44 1 0
21 45 1 0
36 46 1 0
26 47 1 0
7 48 1 0
25 49 1 0
58 50 1 0
60 51 1 0
5 52 1 0
49 53 1 0
73 54 1 0
74 55 1 0
55 56 1 0
28 57 3 0
6 58 1 0
35 59 1 0
4 60 0 1
4 58 0 1
35 58 1 0
4 59 0 1
4 40 0 1
4 17 0 1
12 15 1 0
3 16 1 0
61 17 1 0
64 18 1 0
29 19 2 0
62 20 1 0
46 21 6 0
67 22 1 0
53 23 3 0
35 24 1 0
4 25 0 1
4 24 0 1
53 24 1 0
35 25 1 0
4 26 0 1
4 22 0 1
35 22 1 0
4 23 0 1
4 22 0 1
8 22 1 0
27 23 1 0
9 24 1 0
22 25 1 0
23 26 1 0
21 27 1 0
36 28 1 0
26 29 1 0
7 30 1 0
25 31 1 0
58 32 1 0
60 33 1 0
5 34 1 0
49 35 1 0
73 36 1 0
74 37 1 0
55 38 1 0
56 39 1 0
57 40 1 0
38 41 1 0
4 42 0 1
4 22 0 1
4 20 0 1
12 15 1 0
40 16 2 0
39 17 2 0
41 18 1 0
72 19 1 0
70 20 1 0
51 21 1 0
37 22 1 0
4 23 0 1
79 18 1 0
77 19 3 0
78 20 1 0
35 21 1 0
4 22 0 1
4 20 0 1
80 20 1 0
27 21 1 0
9 22 1 0
22 23 1 0
23 24 1 0
21 25 1 0
36 26 1 0
26 27 1 0
7 28 1 0
25 29 1 0
58 30 1 0
60 31 1 0
5 32 1 0
49 33 1 0
73 34 1 0
74 35 1 0
55 36 1 0
56 37 1 0
57 38 5 0
67 39 1 0
53 40 1 0
35 41 1 0
4 42 0 1
4 39 0 1
35 39 1 0
4 40 0 1
4 39 0 1
4 39 0 1
4 17 0 1
12 15 1 0
3 16 1 0
61 17 1 0
64 18 1 0
29 19 2 0
62 20 1 0
46 21 4 0
48 22 1 0
76 23 1 0
4 24 0 1
4 22 0 1
8 22 1 0
27 23 1 0
9 24 1 0
22 25 1 0
23 26 1 0
21 27 1 0
36 28 1 0
26 29 1 0
7 30 1 0
25 31 1 0
58 32 1 0
60 33 1 0
5 34 1 0
49 35 1 0
73 36 1 0
74 37 1 0
55 38 1 0
28 39 1 0
35 40 1 0
4 41 0 1
4 22 0 1
4 20 0 1
4 14 0 1
15 8 1 0
17 9 1 0
2 10 1 0
43 11 4 0
47 12 1 0
4 13 0 1
47 12 1 0
4 13 0 1
45 12 2 0
59 13 1 0
4 14 0 1
44 13 4 0
35 14 1 0
4 15 0 1
4 14 0 1
34 14 1 0
33 15 2 0
72 16 1 0
70 17 1 0
51 18 1 0
37 19 1 0
4 20 0 1
78 16 1 0
35 17 1 0
4 18 0 1
4 14 0 1
42 12 1 0
11 13 3 0
4 14 0 1
13 14 3 0
12 15 1 0
40 16 2 0
39 17 2 0
41 18 1 0
72 19 1 0
71 20 1 0
69 21 1 0
66 22 1 0
4 23 0 1
79 18 1 0
77 19 3 0
78 20 1 0
35 21 1 0
4 22 0 1
4 20 0 1
80 20 1 0
27 21 1 0
9 22 1 0
22 23 1 0
23 24 1 0
21 25 1 0
36 26 1 0
26 27 1 0
7 28 1 0
25 29 1 0
58 30 1 0
60 31 1 0
5 32 1 0
49 33 1 0
73 34 1 0
74 35 1 0
55 36 1 0
56 37 1 0
57 38 6 0
67 39 1 0
53 40 1 0
35 41 1 0
4 42 0 1
4 39 0 1
35 39 1 0
4 40 0 1
4 39 0 1
8 39 1 0
27 40 1 0
9 41 1 0
22 42 1 0
23 43 1 0
21 44 1 0
36 45 1 0
26 46 1 0
7 47 1 0
25 48 1 0
58 49 1 0
60 50 1 0
5 51 1 0
49 52 1 0
73 53 1 0
74 54 1 0
55 55 1 0
28 56 1 0
35 57 1 0
4 58 0 1
4 39 0 1
4 17 0 1
12 15 1 0
3 16 1 0
61 17 1 0
31 18 1 0
10 19 9 0
4 20 0 1
4 20 0 1
30 20 1 0
39 21 2 0
41 22 1 0
72 23 1 0
70 24 1 0
51 25 1 0
37 26 1 0
4 27 0 1
79 22 1 0
77 23 3 0
78 24 1 0
35 25 1 0
4 26 0 1
4 24 0 1
80 24 1 0
27 25 1 0
9 26 1 0
22 27 1 0
23 28 1 0
21 29 1 0
36 30 1 0
26 31 1 0
7 32 1 0
25 33 1 0
58 34 1 0
60 35 1 0
5 36 3 0
5 37 1 0
49 38 1 0
73 39 1 0
74 40 1 0
55 41 1 0
56 42 1 0
57 43 5 0
67 44 1 0
53 45 1 0
35 46 1 0
4 47 0 1
4 44 0 1
35 44 1 0
4 45 0 1
4 44 0 1
4 44 0 1
4 37 0 1
49 37 1 0
73 38 1 0
74 39 1 0
55 40 1 0
56 41 1 0
57 42 1 0
38 43 1 0
4 44 0 1
4 20 0 1
27 20 1 0
9 21 1 0
22 22 1 0
23 23 1 0
21 24 1 0
36 25 1 0
26 26 1 0
7 27 1 0
25 28 1 0
58 29 3 0
58 30 1 0
60 31 1 0
5 32 1 0
49 33 1 0
73 34 1 0
74 35 1 0
55 36 1 0
28 37 1 0
35 38 1 0
4 39 0 1
4 30 0 1
60 30 1 0
5 31 1 0
49 32 1 0
73 33 2 0
4 34 0 1
73 34 1 0
74 35 1 0
55 36 1 0
56 37 1 0
57 38 1 0
38 39 1 0
4 40 0 1
4 20 0 1
32 20 1 0
63 21 1 0
62 22 1 0
54 23 2 0
55 24 1 0
28 25 1 0
35 26 1 0
4 27 0 1
4 24 0 1
4 20 0 1
3 20 1 0
61 21 1 0
64 22 1 0
11 23 3 0
4 24 0 1
13 24 1 0
12 25 1 0
3 26 1 0
61 27 1 0
64 28 1 0
29 29 2 0
62 30 1 0
46 31 6 0
67 32 1 0
53 33 3 0
35 34 1 0
4 35 0 1
4 34 0 1
53 34 1 0
35 35 1 0
4 36 0 1
4 32 0 1
35 32 1 0
4 33 0 1
4 32 0 1
8 32 1 0
27 33 1 0
9 34 1 0
22 35 1 0
23 36 1 0
21 37 1 0
36 38 1 0
26 39 1 0
7 40 1 0
25 41 1 0
58 42 1 0
60 43 1 0
5 44 1 0
49 45 1 0
73 46 1 0
74 47 1 0
55 48 1 0
56 49 1 0
57 50 6 0
67 51 1 0
53 52 1 0
35 53 1 0
4 54 0 1
4 51 0 1
35 51 1 0
4 52 0 1
4 51 0 1
8 51 1 0
27 52 1 0
9 53 1 0
22 54 1 0
23 55 1 0
21 56 1 0
36 57 1 0
26 58 1 0
7 59 1 0
25 60 1 0
58 61 1 0
60 62 1 0
5 63 1 0
49 64 1 0
73 65 1 0
74 66 1 0
55 67 1 0
28 68 1 0
35 69 1 0
4 70 0 1
4 51 0 1
4 32 0 1
4 30 0 1
4 24 0 1
12 15 1 0
3 16 1 0
61 17 1 0
64 18 1 0
29 19 2 0
62 20 1 0
46 21 6 0
67 22 1 0
53 23 3 0
35 24 1 0
4 25 0 1
4 24 0 1
53 24 1 0
35 25 1 0
4 26 0 1
4 22 0 1
35 22 1 0
4 23 0 1
4 22 0 1
8 22 1 0
27 23 1 0
9 24 1 0
22 25 1 0
23 26 1 0
21 27 1 0
36 28 1 0
26 29 1 0
7 30 1 0
25 31 1 0
58 32 1 0
60 33 1 0
5 34 1 0
49 35 1 0
73 36 1 0
74 37 1 0
55 38 1 0
56 39 1 0
57 40 1 0
38 41 1 0
4 42 0 1
4 22 0 1
4 20 0 1
4 14 0 1
4 8 0 1
