1 90 0 1 0
21 43 1 1 0
51 43 2 1 0
62 66 3 1 0
0 90 4 1 0
17 66 5 1 0
49 66 6 4 0
19 65 7 1 0
4 18 8 0 1
4 5 7 0 1
63 16 7 1 0
4 10 8 0 1
15 88 7 4 0
4 12 8 0 1
16 67 8 1 0
18 67 9 1 0
2 90 10 1 0
42 67 11 4 0
46 65 12 1 0
4 18 13 0 1
46 76 12 1 0
4 23 13 0 1
44 83 12 2 0
57 82 13 1 0
4 39 14 0 1
43 53 13 4 0
33 52 14 1 0
4 10 15 0 1
4 14 14 0 1
32 31 14 1 0
31 31 15 2 0
69 30 16 1 0
68 30 17 1 0
65 30 18 2 0
66 28 19 1 0
63 28 20 1 0
4 10 21 0 1
25 41 19 2 0
4 13 20 0 1
4 20 20 0 1
75 42 16 1 0
33 42 17 1 0
4 10 18 0 1
4 21 14 0 1
41 86 12 1 0
12 86 13 3 0
4 12 14 0 1
14 27 14 4 0
13 26 15 1 0
39 26 16 2 0
38 25 17 2 0
40 24 18 1 0
69 24 19 1 0
68 24 20 1 0
66 24 21 1 0
63 24 22 1 0
4 10 23 0 1
76 75 18 1 0
74 75 19 3 0
75 73 20 1 0
33 73 21 1 0
4 10 22 0 1
4 4 20 0 1
77 54 20 1 0
28 54 21 1 0
10 54 22 1 0
23 54 23 1 0
24 54 24 1 0
22 54 25 1 0
34 54 26 1 0
27 54 27 1 0
7 54 28 1 0
26 54 29 1 0
56 54 30 1 0
58 54 31 1 0
5 54 32 1 0
48 54 33 1 0
70 54 34 1 0
71 54 35 1 0
53 54 36 1 0
54 54 37 1 0
55 54 38 1 0
72 54 39 5 0
4 17 40 0 1
20 24 40 1 0
33 24 41 1 0
4 10 42 0 1
4 14 40 0 1
8 33 40 1 0
28 33 41 1 0
10 33 42 1 0
23 33 43 1 0
24 33 44 1 0
22 33 45 1 0
34 33 46 1 0
27 33 47 1 0
7 33 48 1 0
26 33 49 1 0
56 33 50 1 0
58 33 51 1 0
5 33 52 1 0
48 33 53 1 0
70 33 54 1 0
71 33 55 1 0
53 33 56 1 0
29 33 57 3 0
6 32 58 1 0
33 32 59 1 0
4 10 60 0 1
4 7 58 0 1
33 44 58 1 0
4 10 59 0 1
4 21 40 0 1
4 22 17 0 1
13 36 15 1 0
3 36 16 1 0
59 36 17 1 0
61 36 18 1 0
30 36 19 2 0
60 35 20 1 0
45 35 21 6 0
64 34 22 1 0
52 34 23 3 0
33 32 24 1 0
4 10 25 0 1
4 7 24 0 1
52 63 24 1 0
33 63 25 1 0
4 10 26 0 1
4 7 22 0 1
33 64 22 1 0
4 10 23 0 1
4 14 22 0 1
8 0 22 1 0
28 0 23 1 0
10 0 24 1 0
23 0 25 1 0
24 0 26 1 0
22 0 27 1 0
34 0 28 1 0
27 0 29 1 0
7 0 30 1 0
26 0 31 1 0
56 0 32 1 0
58 0 33 1 0
5 0 34 1 0
48 0 35 1 0
70 0 36 1 0
71 0 37 1 0
53 0 38 1 0
54 0 39 1 0
55 0 40 1 0
37 0 41 1 0
4 29 42 0 1
4 21 22 0 1
4 22 20 0 1
13 48 15 1 0
39 48 16 2 0
38 47 17 2 0
40 45 18 1 0
69 45 19 1 0
67 45 20 1 0
50 45 21 1 0
35 45 22 1 0
4 9 23 0 1
76 61 18 1 0
74 61 19 3 0
75 56 20 1 0
33 56 21 1 0
4 10 22 0 1
4 4 20 0 1
77 74 20 1 0
28 74 21 1 0
10 74 22 1 0
23 74 23 1 0
24 74 24 1 0
22 74 25 1 0
34 74 26 1 0
27 74 27 1 0
7 74 28 1 0
26 74 29 1 0
56 74 30 1 0
58 74 31 1 0
5 74 32 1 0
48 74 33 1 0
70 74 34 1 0
71 74 35 1 0
53 74 36 1 0
54 74 37 1 0
55 74 38 5 0
64 73 39 1 0
52 73 40 1 0
33 73 41 1 0
4 10 42 0 1
4 7 39 0 1
33 55 39 1 0
4 10 40 0 1
4 14 39 0 1
4 21 39 0 1
4 22 17 0 1
13 72 15 1 0
3 72 16 1 0
59 72 17 1 0
61 72 18 1 0
30 72 19 2 0
60 71 20 1 0
45 71 21 4 0
47 69 22 1 0
73 69 23 1 0
4 10 24 0 1
4 14 22 0 1
8 56 22 1 0
28 56 23 1 0
10 56 24 1 0
23 56 25 1 0
24 56 26 1 0
22 56 27 1 0
34 56 28 1 0
27 56 29 1 0
7 56 30 1 0
26 56 31 1 0
56 56 32 1 0
58 56 33 1 0
5 56 34 1 0
48 56 35 1 0
70 56 36 1 0
71 56 37 1 0
53 56 38 1 0
29 56 39 1 0
33 56 40 1 0
4 10 41 0 1
4 21 22 0 1
4 22 20 0 1
4 19 14 0 1
16 68 8 1 0
18 68 9 1 0
2 90 10 1 0
42 68 11 4 0
46 65 12 1 0
4 18 13 0 1
46 76 12 1 0
4 23 13 0 1
44 84 12 2 0
57 82 13 1 0
4 39 14 0 1
43 70 13 4 0
33 69 14 1 0
4 10 15 0 1
4 14 14 0 1
32 46 14 1 0
31 46 15 2 0
69 45 16 1 0
67 45 17 1 0
50 45 18 1 0
35 45 19 1 0
4 9 20 0 1
75 56 16 1 0
33 56 17 1 0
4 10 18 0 1
4 21 14 0 1
41 87 12 1 0
12 87 13 3 0
4 12 14 0 1
14 51 14 2 0
13 50 15 1 0
39 50 16 2 0
38 49 17 2 0
40 45 18 1 0
69 45 19 1 0
67 45 20 1 0
50 45 21 1 0
35 45 22 1 0
4 9 23 0 1
76 78 18 1 0
74 78 19 3 0
75 77 20 1 0
33 77 21 1 0
4 10 22 0 1
4 4 20 0 1
77 1 20 1 0
28 1 21 1 0
10 1 22 1 0
23 1 23 1 0
24 1 24 1 0
22 1 25 1 0
34 1 26 1 0
27 1 27 1 0
7 1 28 1 0
26 1 29 1 0
56 1 30 1 0
58 1 31 1 0
5 1 32 1 0
48 1 33 1 0
70 1 34 1 0
71 1 35 1 0
53 1 36 1 0
54 1 37 1 0
55 1 38 1 0
37 1 39 1 0
4 11 40 0 1
4 22 17 0 1
13 85 15 1 0
3 85 16 1 0
59 85 17 1 0
78 85 18 5 0
4 40 19 0 1
4 14 19 0 1
28 62 19 1 0
10 62 20 1 0
23 62 21 1 0
24 62 22 1 0
22 62 23 1 0
34 62 24 1 0
27 62 25 1 0
7 62 26 1 0
26 62 27 1 0
56 62 28 3 0
56 56 29 1 0
58 56 30 1 0
5 56 31 1 0
48 56 32 1 0
70 56 33 1 0
71 56 34 1 0
53 56 35 1 0
29 56 36 1 0
33 56 37 1 0
4 10 38 0 1
4 8 29 0 1
58 1 29 1 0
5 1 30 1 0
48 1 31 1 0
70 1 32 1 0
71 1 33 1 0
53 1 34 1 0
54 1 35 1 0
55 1 36 1 0
37 1 37 1 0
4 11 38 0 1
4 21 19 0 1
3 89 19 1 0
59 89 20 1 0
61 89 21 1 0
12 89 22 3 0
4 12 23 0 1
14 81 23 3 0
13 80 24 1 0
3 80 25 1 0
59 80 26 1 0
61 80 27 1 0
30 80 28 2 0
60 79 29 1 0
9 79 30 3 0
36 77 31 1 0
29 77 32 1 0
33 77 33 1 0
4 10 34 0 1
11 3 31 1 0
4 4 32 0 1
28 57 31 1 0
10 57 32 1 0
23 57 33 1 0
24 57 34 1 0
22 57 35 1 0
34 57 36 1 0
27 57 37 1 0
7 57 38 1 0
26 57 39 1 0
56 57 40 1 0
58 57 41 1 0
5 57 42 1 0
48 57 43 3 0
48 56 44 1 0
70 56 45 1 0
71 56 46 1 0
53 56 47 1 0
29 56 48 1 0
33 56 49 1 0
4 10 50 0 1
4 15 44 0 1
70 2 44 1 0
71 2 45 1 0
53 2 46 1 0
54 2 47 1 0
55 2 48 1 0
37 2 49 1 0
4 11 50 0 1
4 22 29 0 1
13 38 24 1 0
3 38 25 1 0
59 38 26 1 0
61 38 27 1 0
30 38 28 2 0
60 37 29 1 0
45 37 30 6 0
64 34 31 1 0
52 34 32 3 0
33 32 33 1 0
4 10 34 0 1
4 7 33 0 1
52 63 33 1 0
33 63 34 1 0
4 10 35 0 1
4 7 31 0 1
33 64 31 1 0
4 10 32 0 1
4 14 31 0 1
8 77 31 1 0
28 77 32 1 0
10 77 33 1 0
23 77 34 1 0
24 77 35 1 0
22 77 36 1 0
34 77 37 1 0
27 77 38 1 0
7 77 39 1 0
26 77 40 1 0
56 77 41 1 0
58 77 42 1 0
5 77 43 1 0
48 77 44 1 0
70 77 45 1 0
71 77 46 1 0
53 77 47 1 0
29 77 48 1 0
33 77 49 1 0
4 10 50 0 1
4 21 31 0 1
4 22 29 0 1
13 60 24 1 0
3 60 25 1 0
59 60 26 1 0
61 60 27 1 0
30 60 28 2 0
60 59 29 1 0
9 59 30 3 0
36 56 31 1 0
29 56 32 1 0
33 56 33 1 0
4 10 34 0 1
11 3 31 1 0
4 4 32 0 1
28 58 31 1 0
10 58 32 1 0
23 58 33 1 0
24 58 34 1 0
22 58 35 1 0
34 58 36 1 0
27 58 37 1 0
7 58 38 1 0
26 58 39 1 0
56 58 40 1 0
58 58 41 1 0
5 58 42 1 0
48 58 43 3 0
48 56 44 1 0
70 56 45 1 0
71 56 46 1 0
53 56 47 1 0
29 56 48 1 0
33 56 49 1 0
4 10 50 0 1
4 6 44 0 1
70 2 44 1 0
71 2 45 1 0
53 2 46 1 0
54 2 47 1 0
55 2 48 1 0
37 2 49 1 0
4 11 50 0 1
4 22 29 0 1
4 19 23 0 1
4 19 14 0 1
4 19 8 0 1
