1 97 0 1 0
20 60 1 1 0
52 60 2 1 0
65 78 3 1 0
0 97 4 1 0
16 78 5 1 0
50 78 6 4 0
18 77 7 1 0
4 17 8 0 1
4 5 7 0 1
66 28 7 1 0
4 11 8 0 1
14 96 7 4 0
4 13 8 0 1
15 80 8 1 0
17 80 9 1 0
2 97 10 1 0
43 80 11 4 0
47 77 12 1 0
4 17 13 0 1
47 88 12 1 0
4 22 13 0 1
45 92 12 2 0
59 90 13 1 0
4 46 14 0 1
44 82 13 4 0
35 81 14 1 0
4 11 15 0 1
4 15 14 0 1
34 64 14 1 0
33 64 15 2 0
72 62 16 1 0
70 62 17 1 0
51 62 18 1 0
37 62 19 1 0
4 10 20 0 1
78 72 16 1 0
35 72 17 1 0
4 11 18 0 1
4 20 14 0 1
42 94 12 1 0
11 94 13 3 0
4 13 14 0 1
13 36 14 3 0
12 35 15 1 0
40 35 16 2 0
39 34 17 2 0
41 29 18 1 0
72 29 19 1 0
71 29 20 1 0
69 29 21 1 0
66 29 22 1 0
4 11 23 0 1
79 52 18 1 0
77 52 19 3 0
78 48 20 1 0
35 48 21 1 0
4 11 22 0 1
4 4 20 0 1
80 30 20 1 0
27 30 21 1 0
9 30 22 1 0
22 30 23 1 0
23 30 24 1 0
21 30 25 1 0
36 30 26 1 0
26 30 27 1 0
7 30 28 1 0
25 30 29 1 0
58 30 30 1 0
60 30 31 1 0
5 30 32 1 0
49 30 33 1 0
73 30 34 1 0
74 30 35 1 0
55 30 36 1 0
56 30 37 1 0
57 30 38 6 0
67 29 39 1 0
53 29 40 1 0
35 29 41 1 0
4 11 42 0 1
4 7 39 0 1
35 89 39 1 0
4 11 40 0 1
4 15 39 0 1
8 72 39 1 0
27 72 40 1 0
9 72 41 1 0
22 72 42 1 0
23 72 43 1 0
21 72 44 1 0
36 72 45 1 0
26 72 46 1 0
7 72 47 1 0
25 72 48 1 0
58 72 49 1 0
60 72 50 1 0
5 72 51 1 0
49 72 52 1 0
73 72 53 1 0
74 72 54 1 0
55 72 55 1 0
28 72 56 1 0
35 72 57 1 0
4 11 58 0 1
4 20 39 0 1
4 21 17 0 1
12 55 15 1 0
3 55 16 1 0
61 55 17 1 0
31 55 18 1 0
10 55 19 9 0
4 8 20 0 1
4 15 20 0 1
30 63 20 1 0
39 63 21 2 0
41 62 22 1 0
72 62 23 1 0
70 62 24 1 0
51 62 25 1 0
37 62 26 1 0
4 10 27 0 1
79 58 22 1 0
77 58 23 3 0
78 56 24 1 0
35 56 25 1 0
4 11 26 0 1
4 4 24 0 1
80 51 24 1 0
27 51 25 1 0
9 51 26 1 0
22 51 27 1 0
23 51 28 1 0
21 51 29 1 0
36 51 30 1 0
26 51 31 1 0
7 51 32 1 0
25 51 33 1 0
58 51 34 1 0
60 51 35 1 0
5 51 36 3 0
5 50 37 1 0
49 50 38 1 0
73 50 39 1 0
74 50 40 1 0
55 50 41 1 0
56 50 42 1 0
57 50 43 5 0
67 48 44 1 0
53 48 45 1 0
35 48 46 1 0
4 11 47 0 1
4 7 44 0 1
35 67 44 1 0
4 11 45 0 1
4 15 44 0 1
4 20 44 0 1
4 23 37 0 1
49 3 37 1 0
73 3 38 1 0
74 3 39 1 0
55 3 40 1 0
56 3 41 1 0
57 3 42 1 0
38 3 43 1 0
4 12 44 0 1
4 21 20 0 1
27 59 20 1 0
9 59 21 1 0
22 59 22 1 0
23 59 23 1 0
21 59 24 1 0
36 59 25 1 0
26 59 26 1 0
7 59 27 1 0
25 59 28 1 0
58 59 29 3 0
58 56 30 1 0
60 56 31 1 0
5 56 32 1 0
49 56 33 1 0
73 56 34 1 0
74 56 35 1 0
55 56 36 1 0
28 56 37 1 0
35 56 38 1 0
4 11 39 0 1
4 9 30 0 1
60 2 30 1 0
5 2 31 1 0
49 2 32 1 0
73 2 33 2 0
4 23 34 0 1
73 3 34 1 0
74 3 35 1 0
55 3 36 1 0
56 3 37 1 0
57 3 38 1 0
38 3 39 1 0
4 12 40 0 1
4 21 20 0 1
32 57 20 1 0
63 57 21 1 0
62 57 22 1 0
54 57 23 2 0
55 56 24 1 0
28 56 25 1 0
35 56 26 1 0
4 11 27 0 1
4 6 24 0 1
4 20 20 0 1
3 95 20 1 0
61 95 21 1 0
64 95 22 1 0
11 95 23 3 0
4 13 24 0 1
13 43 24 1 0
12 43 25 1 0
3 43 26 1 0
61 43 27 1 0
64 43 28 1 0
29 43 29 2 0
62 42 30 1 0
46 42 31 6 0
67 39 32 1 0
53 39 33 3 0
35 37 34 1 0
4 11 35 0 1
4 7 34 0 1
53 74 34 1 0
35 74 35 1 0
4 11 36 0 1
4 7 32 0 1
35 75 32 1 0
4 11 33 0 1
4 15 32 0 1
8 49 32 1 0
27 49 33 1 0
9 49 34 1 0
22 49 35 1 0
23 49 36 1 0
21 49 37 1 0
36 49 38 1 0
26 49 39 1 0
7 49 40 1 0
25 49 41 1 0
58 49 42 1 0
60 49 43 1 0
5 49 44 1 0
49 49 45 1 0
73 49 46 1 0
74 49 47 1 0
55 49 48 1 0
56 49 49 1 0
57 49 50 6 0
67 48 51 1 0
53 48 52 1 0
35 48 53 1 0
4 11 54 0 1
4 7 51 0 1
35 54 51 1 0
4 11 52 0 1
4 15 51 0 1
8 56 51 1 0
27 56 52 1 0
9 56 53 1 0
22 56 54 1 0
23 56 55 1 0
21 56 56 1 0
36 56 57 1 0
26 56 58 1 0
7 56 59 1 0
25 56 60 1 0
58 56 61 1 0
60 56 62 1 0
5 56 63 1 0
49 56 64 1 0
73 56 65 1 0
74 56 66 1 0
55 56 67 1 0
28 56 68 1 0
35 56 69 1 0
4 11 70 0 1
4 20 51 0 1
4 20 32 0 1
4 21 30 0 1
4 18 24 0 1
12 45 15 1 0
3 45 16 1 0
61 45 17 1 0
64 45 18 1 0
29 45 19 2 0
62 44 20 1 0
46 44 21 6 0
67 39 22 1 0
53 39 23 3 0
35 37 24 1 0
4 11 25 0 1
4 7 24 0 1
53 74 24 1 0
35 74 25 1 0
4 11 26 0 1
4 7 22 0 1
35 76 22 1 0
4 11 23 0 1
4 15 22 0 1
8 0 22 1 0
27 0 23 1 0
9 0 24 1 0
22 0 25 1 0
23 0 26 1 0
21 0 27 1 0
36 0 28 1 0
26 0 29 1 0
7 0 30 1 0
25 0 31 1 0
58 0 32 1 0
60 0 33 1 0
5 0 34 1 0
49 0 35 1 0
73 0 36 1 0
74 0 37 1 0
55 0 38 1 0
56 0 39 1 0
57 0 40 1 0
38 0 41 1 0
4 31 42 0 1
4 20 22 0 1
4 21 20 0 1
4 18 14 0 1
15 79 8 1 0
17 79 9 1 0
2 97 10 1 0
43 79 11 4 0
47 77 12 1 0
4 17 13 0 1
47 88 12 1 0
4 22 13 0 1
45 91 12 2 0
59 90 13 1 0
4 46 14 0 1
44 69 13 4 0
35 68 14 1 0
4 11 15 0 1
4 15 14 0 1
34 33 14 1 0
33 33 15 2 0
72 32 16 1 0
71 32 17 1 0
68 32 18 2 0
69 29 19 1 0
66 29 20 1 0
4 11 21 0 1
24 47 19 2 0
4 14 20 0 1
4 19 20 0 1
78 53 16 1 0
35 53 17 1 0
4 11 18 0 1
4 20 14 0 1
42 93 12 1 0
11 93 13 3 0
4 13 14 0 1
13 27 14 4 0
12 26 15 1 0
40 26 16 2 0
39 25 17 2 0
41 24 18 1 0
72 24 19 1 0
71 24 20 1 0
69 24 21 1 0
66 24 22 1 0
4 11 23 0 1
79 87 18 1 0
77 87 19 3 0
78 85 20 1 0
35 85 21 1 0
4 11 22 0 1
4 4 20 0 1
80 70 20 1 0
27 70 21 1 0
9 70 22 1 0
22 70 23 1 0
23 70 24 1 0
21 70 25 1 0
36 70 26 1 0
26 70 27 1 0
7 70 28 1 0
25 70 29 1 0
58 70 30 1 0
60 70 31 1 0
5 70 32 1 0
49 70 33 1 0
73 70 34 1 0
74 70 35 1 0
55 70 36 1 0
56 70 37 1 0
57 70 38 1 0
75 70 39 5 0
4 16 40 0 1
19 24 40 1 0
35 24 41 1 0
4 11 42 0 1
4 15 40 0 1
8 38 40 1 0
27 38 41 1 0
9 38 42 1 0
22 38 43 1 0
23 38 44 1 0
21 38 45 1 0
36 38 46 1 0
26 38 47 1 0
7 38 48 1 0
25 38 49 1 0
58 38 50 1 0
60 38 51 1 0
5 38 52 1 0
49 38 53 1 0
73 38 54 1 0
74 38 55 1 0
55 38 56 1 0
28 38 57 3 0
6 37 58 1 0
35 37 59 1 0
4 11 60 0 1
4 7 58 0 1
35 61 58 1 0
4 11 59 0 1
4 20 40 0 1
4 21 17 0 1
12 41 15 1 0
3 41 16 1 0
61 41 17 1 0
64 41 18 1 0
29 41 19 2 0
62 40 20 1 0
46 40 21 6 0
67 39 22 1 0
53 39 23 3 0
35 37 24 1 0
4 11 25 0 1
4 7 24 0 1
53 74 24 1 0
35 74 25 1 0
4 11 26 0 1
4 7 22 0 1
35 75 22 1 0
4 11 23 0 1
4 15 22 0 1
8 1 22 1 0
27 1 23 1 0
9 1 24 1 0
22 1 25 1 0
23 1 26 1 0
21 1 27 1 0
36 1 28 1 0
26 1 29 1 0
7 1 30 1 0
25 1 31 1 0
58 1 32 1 0
60 1 33 1 0
5 1 34 1 0
49 1 35 1 0
73 1 36 1 0
74 1 37 1 0
55 1 38 1 0
56 1 39 1 0
57 1 40 1 0
38 1 41 1 0
4 31 42 0 1
4 20 22 0 1
4 21 20 0 1
12 66 15 1 0
40 66 16 2 0
39 65 17 2 0
41 62 18 1 0
72 62 19 1 0
70 62 20 1 0
51 62 21 1 0
37 62 22 1 0
4 10 23 0 1
79 73 18 1 0
77 73 19 3 0
78 72 20 1 0
35 72 21 1 0
4 11 22 0 1
4 4 20 0 1
80 86 20 1 0
27 86 21 1 0
9 86 22 1 0
22 86 23 1 0
23 86 24 1 0
21 86 25 1 0
36 86 26 1 0
26 86 27 1 0
7 86 28 1 0
25 86 29 1 0
58 86 30 1 0
60 86 31 1 0
5 86 32 1 0
49 86 33 1 0
73 86 34 1 0
74 86 35 1 0
55 86 36 1 0
56 86 37 1 0
57 86 38 5 0
67 85 39 1 0
53 85 40 1 0
35 85 41 1 0
4 11 42 0 1
4 7 39 0 1
35 71 39 1 0
4 11 40 0 1
4 15 39 0 1
4 20 39 0 1
4 21 17 0 1
12 84 15 1 0
3 84 16 1 0
61 84 17 1 0
64 84 18 1 0
29 84 19 2 0
62 83 20 1 0
46 83 21 4 0
48 81 22 1 0
76 81 23 1 0
4 11 24 0 1
4 15 22 0 1
8 72 22 1 0
27 72 23 1 0
9 72 24 1 0
22 72 25 1 0
23 72 26 1 0
21 72 27 1 0
36 72 28 1 0
26 72 29 1 0
7 72 30 1 0
25 72 31 1 0
58 72 32 1 0
60 72 33 1 0
5 72 34 1 0
49 72 35 1 0
73 72 36 1 0
74 72 37 1 0
55 72 38 1 0
28 72 39 1 0
35 72 40 1 0
4 11 41 0 1
4 20 22 0 1
4 21 20 0 1
4 18 14 0 1
4 18 8 0 1
