1 89 0 1 0
21 74 1 1 0
50 74 2 1 0
61 74 3 1 0
0 89 4 1 0
17 74 5 1 0
48 74 6 4 0
19 73 7 1 0
4 18 8 0 1
4 5 7 0 1
62 11 7 1 0
4 9 8 0 1
15 87 7 3 0
4 12 8 0 1
16 75 8 1 0
18 75 9 1 0
2 89 10 1 0
42 75 11 4 0
46 73 12 1 0
4 18 13 0 1
46 81 12 1 0
4 23 13 0 1
44 84 12 2 0
56 83 13 1 0
4 38 14 0 1
43 58 13 4 0
33 57 14 1 0
4 9 15 0 1
4 14 14 0 1
32 28 14 1 0
31 28 15 2 0
68 27 16 1 0
67 27 17 1 0
64 27 18 2 0
65 25 19 1 0
62 25 20 1 0
4 9 21 0 1
25 40 19 2 0
4 13 20 0 1
4 20 20 0 1
73 41 16 1 0
33 41 17 1 0
4 9 18 0 1
4 21 14 0 1
41 86 12 1 0
12 86 13 3 0
4 12 14 0 1
14 49 14 7 0
13 48 15 1 0
39 48 16 2 0
38 47 17 2 0
40 46 18 1 0
68 46 19 1 0
66 46 20 1 0
49 46 21 1 0
35 46 22 1 0
4 8 23 0 1
74 65 18 1 0
72 65 19 3 0
73 61 20 1 0
33 61 21 1 0
4 9 22 0 1
4 4 20 0 1
75 1 20 1 0
28 1 21 1 0
10 1 22 1 0
23 1 23 1 0
24 1 24 1 0
22 1 25 1 0
34 1 26 1 0
27 1 27 1 0
7 1 28 1 0
26 1 29 1 0
55 1 30 1 0
57 1 31 1 0
5 1 32 1 0
47 1 33 1 0
69 1 34 1 0
70 1 35 1 0
52 1 36 1 0
53 1 37 1 0
54 1 38 1 0
37 1 39 1 0
4 10 40 0 1
4 22 17 0 1
13 33 15 1 0
3 33 16 1 0
58 33 17 1 0
60 33 18 1 0
30 33 19 2 0
59 32 20 1 0
45 32 21 6 0
63 31 22 1 0
51 31 23 3 0
33 29 24 1 0
4 9 25 0 1
4 7 24 0 1
51 70 24 1 0
33 70 25 1 0
4 9 26 0 1
4 7 22 0 1
33 71 22 1 0
4 9 23 0 1
4 14 22 0 1
8 0 22 1 0
28 0 23 1 0
10 0 24 1 0
23 0 25 1 0
24 0 26 1 0
22 0 27 1 0
34 0 28 1 0
27 0 29 1 0
7 0 30 1 0
26 0 31 1 0
55 0 32 1 0
57 0 33 1 0
5 0 34 1 0
47 0 35 1 0
69 0 36 1 0
70 0 37 1 0
52 0 38 1 0
53 0 39 1 0
54 0 40 1 0
37 0 41 1 0
4 26 42 0 1
4 21 22 0 1
4 22 20 0 1
13 56 15 1 0
39 56 16 2 0
38 55 17 2 0
40 54 18 1 0
68 54 19 1 0
67 54 20 1 0
65 54 21 3 0
51 53 22 3 0
33 52 23 1 0
4 9 24 0 1
4 7 23 0 1
51 82 23 1 0
33 82 24 1 0
4 9 25 0 1
4 7 22 0 1
62 24 22 1 0
4 9 23 0 1
74 45 18 1 0
72 45 19 3 0
73 43 20 1 0
33 43 21 1 0
4 9 22 0 1
4 4 20 0 1
75 59 20 1 0
28 59 21 1 0
10 59 22 1 0
23 59 23 1 0
24 59 24 1 0
22 59 25 1 0
34 59 26 1 0
27 59 27 1 0
7 59 28 1 0
26 59 29 1 0
55 59 30 1 0
57 59 31 1 0
5 59 32 1 0
47 59 33 1 0
69 59 34 1 0
70 59 35 1 0
52 59 36 1 0
53 59 37 1 0
54 59 38 1 0
71 59 39 5 0
4 16 40 0 1
20 54 40 5 0
33 52 41 1 0
4 9 42 0 1
4 7 41 0 1
33 82 41 1 0
4 9 42 0 1
4 7 41 0 1
33 24 41 1 0
4 9 42 0 1
4 14 40 0 1
8 30 40 1 0
28 30 41 1 0
10 30 42 1 0
23 30 43 1 0
24 30 44 1 0
22 30 45 1 0
34 30 46 1 0
27 30 47 1 0
7 30 48 1 0
26 30 49 1 0
55 30 50 1 0
57 30 51 1 0
5 30 52 1 0
47 30 53 1 0
69 30 54 1 0
70 30 55 1 0
52 30 56 1 0
29 30 57 3 0
6 29 58 1 0
33 29 59 1 0
4 9 60 0 1
4 7 58 0 1
33 42 58 1 0
4 9 59 0 1
4 21 40 0 1
4 22 17 0 1
13 67 15 1 0
3 67 16 1 0
58 67 17 1 0
60 67 18 1 0
30 67 19 2 0
59 66 20 1 0
9 66 21 3 0
36 61 22 1 0
29 61 23 1 0
33 61 24 1 0
4 9 25 0 1
11 3 22 1 0
4 4 23 0 1
28 44 22 1 0
10 44 23 1 0
23 44 24 1 0
24 44 25 1 0
22 44 26 1 0
34 44 27 1 0
27 44 28 1 0
7 44 29 1 0
26 44 30 1 0
55 44 31 1 0
57 44 32 1 0
5 44 33 1 0
47 44 34 1 0
69 44 35 1 0
70 44 36 1 0
52 44 37 1 0
53 44 38 1 0
54 44 39 5 0
63 43 40 1 0
51 43 41 1 0
33 43 42 1 0
4 9 43 0 1
4 7 40 0 1
33 60 40 1 0
4 9 41 0 1
4 14 40 0 1
4 21 40 0 1
4 22 20 0 1
13 51 15 1 0
39 51 16 2 0
38 50 17 2 0
40 46 18 1 0
68 46 19 1 0
66 46 20 1 0
49 46 21 1 0
35 46 22 1 0
4 8 23 0 1
74 77 18 1 0
72 77 19 3 0
73 76 20 1 0
33 76 21 1 0
4 9 22 0 1
4 4 20 0 1
75 1 20 1 0
28 1 21 1 0
10 1 22 1 0
23 1 23 1 0
24 1 24 1 0
22 1 25 1 0
34 1 26 1 0
27 1 27 1 0
7 1 28 1 0
26 1 29 1 0
55 1 30 1 0
57 1 31 1 0
5 1 32 1 0
47 1 33 1 0
69 1 34 1 0
70 1 35 1 0
52 1 36 1 0
53 1 37 1 0
54 1 38 1 0
37 1 39 1 0
4 10 40 0 1
4 22 17 0 1
13 85 15 1 0
3 85 16 1 0
58 85 17 1 0
76 85 18 5 0
4 39 19 0 1
4 14 19 0 1
28 62 19 1 0
10 62 20 1 0
23 62 21 1 0
24 62 22 1 0
22 62 23 1 0
34 62 24 1 0
27 62 25 1 0
7 62 26 1 0
26 62 27 3 0
26 61 28 1 0
55 61 29 1 0
57 61 30 1 0
5 61 31 1 0
47 61 32 1 0
69 61 33 1 0
70 61 34 1 0
52 61 35 1 0
29 61 36 1 0
33 61 37 1 0
4 9 38 0 1
4 17 28 0 1
55 1 28 1 0
57 1 29 1 0
5 1 30 1 0
47 1 31 1 0
69 1 32 1 0
70 1 33 1 0
52 1 34 1 0
53 1 35 1 0
54 1 36 1 0
37 1 37 1 0
4 10 38 0 1
4 21 19 0 1
3 88 19 1 0
58 88 20 1 0
60 88 21 1 0
12 88 22 3 0
4 12 23 0 1
14 80 23 3 0
13 79 24 1 0
3 79 25 1 0
58 79 26 1 0
60 79 27 1 0
30 79 28 2 0
59 78 29 1 0
9 78 30 3 0
36 76 31 1 0
29 76 32 1 0
33 76 33 1 0
4 9 34 0 1
11 3 31 1 0
4 4 32 0 1
28 63 31 1 0
10 63 32 1 0
23 63 33 1 0
24 63 34 1 0
22 63 35 1 0
34 63 36 1 0
27 63 37 1 0
7 63 38 1 0
26 63 39 1 0
55 63 40 1 0
57 63 41 1 0
5 63 42 1 0
47 63 43 3 0
47 61 44 1 0
69 61 45 1 0
70 61 46 1 0
52 61 47 1 0
29 61 48 1 0
33 61 49 1 0
4 9 50 0 1
4 15 44 0 1
69 2 44 1 0
70 2 45 1 0
52 2 46 1 0
53 2 47 1 0
54 2 48 1 0
37 2 49 1 0
4 10 50 0 1
4 22 29 0 1
13 35 24 1 0
3 35 25 1 0
58 35 26 1 0
60 35 27 1 0
30 35 28 2 0
59 34 29 1 0
45 34 30 6 0
63 31 31 1 0
51 31 32 3 0
33 29 33 1 0
4 9 34 0 1
4 7 33 0 1
51 70 33 1 0
33 70 34 1 0
4 9 35 0 1
4 7 31 0 1
33 71 31 1 0
4 9 32 0 1
4 14 31 0 1
8 76 31 1 0
28 76 32 1 0
10 76 33 1 0
23 76 34 1 0
24 76 35 1 0
22 76 36 1 0
34 76 37 1 0
27 76 38 1 0
7 76 39 1 0
26 76 40 1 0
55 76 41 1 0
57 76 42 1 0
5 76 43 1 0
47 76 44 1 0
69 76 45 1 0
70 76 46 1 0
52 76 47 1 0
29 76 48 1 0
33 76 49 1 0
4 9 50 0 1
4 21 31 0 1
4 22 29 0 1
13 69 24 1 0
3 69 25 1 0
58 69 26 1 0
60 69 27 1 0
30 69 28 2 0
59 68 29 1 0
9 68 30 3 0
36 61 31 1 0
29 61 32 1 0
33 61 33 1 0
4 9 34 0 1
11 3 31 1 0
4 4 32 0 1
28 64 31 1 0
10 64 32 1 0
23 64 33 1 0
24 64 34 1 0
22 64 35 1 0
34 64 36 1 0
27 64 37 1 0
7 64 38 1 0
26 64 39 1 0
55 64 40 1 0
57 64 41 1 0
5 64 42 1 0
47 64 43 3 0
47 61 44 1 0
69 61 45 1 0
70 61 46 1 0
52 61 47 1 0
29 61 48 1 0
33 61 49 1 0
4 9 50 0 1
4 6 44 0 1
69 2 44 1 0
70 2 45 1 0
52 2 46 1 0
53 2 47 1 0
54 2 48 1 0
37 2 49 1 0
4 10 50 0 1
4 22 29 0 1
4 19 23 0 1
13 37 15 1 0
3 37 16 1 0
58 37 17 1 0
60 37 18 1 0
30 37 19 2 0
59 36 20 1 0
45 36 21 5 0
63 31 22 1 0
51 31 23 3 0
33 29 24 1 0
4 9 25 0 1
4 7 24 0 1
51 70 24 1 0
33 70 25 1 0
4 9 26 0 1
4 7 22 0 1
33 72 22 1 0
4 9 23 0 1
4 14 22 0 1
4 21 22 0 1
4 22 20 0 1
4 19 14 0 1
4 19 8 0 1
