1 94 0 1 0
21 74 1 1 0
51 74 2 1 0
62 74 3 1 0
0 94 4 1 0
17 74 5 1 0
49 74 6 4 0
19 73 7 1 0
4 18 8 0 1
4 5 7 0 1
63 11 7 1 0
4 9 8 0 1
15 92 7 4 0
4 12 8 0 1
16 75 8 1 0
18 75 9 1 0
2 94 10 1 0
42 75 11 4 0
46 73 12 1 0
4 18 13 0 1
46 83 12 1 0
4 23 13 0 1
44 86 12 2 0
57 85 13 1 0
4 39 14 0 1
43 60 13 4 0
33 59 14 1 0
4 9 15 0 1
4 14 14 0 1
32 28 14 1 0
31 28 15 2 0
69 27 16 1 0
68 27 17 1 0
65 27 18 2 0
66 25 19 1 0
63 25 20 1 0
4 9 21 0 1
25 41 19 2 0
4 13 20 0 1
4 20 20 0 1
75 42 16 1 0
33 42 17 1 0
4 9 18 0 1
4 21 14 0 1
41 90 12 1 0
12 90 13 3 0
4 12 14 0 1
14 34 14 4 0
13 33 15 1 0
3 33 16 1 0
59 33 17 1 0
61 33 18 1 0
30 33 19 2 0
60 32 20 1 0
45 32 21 6 0
64 31 22 1 0
52 31 23 3 0
33 29 24 1 0
4 9 25 0 1
4 7 24 0 1
52 70 24 1 0
33 70 25 1 0
4 9 26 0 1
4 7 22 0 1
33 71 22 1 0
4 9 23 0 1
4 14 22 0 1
8 0 22 1 0
28 0 23 1 0
10 0 24 1 0
23 0 25 1 0
24 0 26 1 0
22 0 27 1 0
34 0 28 1 0
27 0 29 1 0
7 0 30 1 0
26 0 31 1 0
56 0 32 1 0
58 0 33 1 0
5 0 34 1 0
48 0 35 1 0
70 0 36 1 0
71 0 37 1 0
53 0 38 1 0
54 0 39 1 0
55 0 40 1 0
37 0 41 1 0
4 26 42 0 1
4 21 22 0 1
4 22 20 0 1
13 58 15 1 0
39 58 16 2 0
38 57 17 2 0
40 56 18 1 0
69 56 19 1 0
68 56 20 1 0
66 56 21 3 0
52 55 22 3 0
33 54 23 1 0
4 9 24 0 1
4 7 23 0 1
52 84 23 1 0
33 84 24 1 0
4 9 25 0 1
4 7 22 0 1
63 24 22 1 0
4 9 23 0 1
76 46 18 1 0
74 46 19 3 0
75 44 20 1 0
33 44 21 1 0
4 9 22 0 1
4 4 20 0 1
77 61 20 1 0
28 61 21 1 0
10 61 22 1 0
23 61 23 1 0
24 61 24 1 0
22 61 25 1 0
34 61 26 1 0
27 61 27 1 0
7 61 28 1 0
26 61 29 1 0
56 61 30 1 0
58 61 31 1 0
5 61 32 1 0
48 61 33 1 0
70 61 34 1 0
71 61 35 1 0
53 61 36 1 0
54 61 37 1 0
55 61 38 1 0
72 61 39 5 0
4 16 40 0 1
20 56 40 5 0
33 54 41 1 0
4 9 42 0 1
4 7 41 0 1
33 84 41 1 0
4 9 42 0 1
4 7 41 0 1
33 24 41 1 0
4 9 42 0 1
4 14 40 0 1
8 30 40 1 0
28 30 41 1 0
10 30 42 1 0
23 30 43 1 0
24 30 44 1 0
22 30 45 1 0
34 30 46 1 0
27 30 47 1 0
7 30 48 1 0
26 30 49 1 0
56 30 50 1 0
58 30 51 1 0
5 30 52 1 0
48 30 53 1 0
70 30 54 1 0
71 30 55 1 0
53 30 56 1 0
29 30 57 3 0
6 29 58 1 0
33 29 59 1 0
4 9 60 0 1
4 7 58 0 1
33 43 58 1 0
4 9 59 0 1
4 21 40 0 1
4 22 17 0 1
13 50 15 1 0
39 50 16 2 0
38 49 17 2 0
40 47 18 1 0
69 47 19 1 0
67 47 20 1 0
50 47 21 1 0
35 47 22 1 0
4 8 23 0 1
76 67 18 1 0
74 67 19 3 0
75 63 20 1 0
33 63 21 1 0
4 9 22 0 1
4 4 20 0 1
77 45 20 1 0
28 45 21 1 0
10 45 22 1 0
23 45 23 1 0
24 45 24 1 0
22 45 25 1 0
34 45 26 1 0
27 45 27 1 0
7 45 28 1 0
26 45 29 1 0
56 45 30 1 0
58 45 31 1 0
5 45 32 1 0
48 45 33 1 0
70 45 34 1 0
71 45 35 1 0
53 45 36 1 0
54 45 37 1 0
55 45 38 5 0
64 44 39 1 0
52 44 40 1 0
33 44 41 1 0
4 9 42 0 1
4 7 39 0 1
33 62 39 1 0
4 9 40 0 1
4 14 39 0 1
4 21 39 0 1
4 22 17 0 1
13 82 15 1 0
3 82 16 1 0
59 82 17 1 0
61 82 18 1 0
30 82 19 2 0
60 81 20 1 0
45 81 21 4 0
47 79 22 1 0
73 79 23 1 0
4 9 24 0 1
4 14 22 0 1
8 63 22 1 0
28 63 23 1 0
10 63 24 1 0
23 63 25 1 0
24 63 26 1 0
22 63 27 1 0
34 63 28 1 0
27 63 29 1 0
7 63 30 1 0
26 63 31 1 0
56 63 32 1 0
58 63 33 1 0
5 63 34 1 0
48 63 35 1 0
70 63 36 1 0
71 63 37 1 0
53 63 38 1 0
29 63 39 1 0
33 63 40 1 0
4 9 41 0 1
4 21 22 0 1
4 22 20 0 1
4 19 14 0 1
16 76 8 1 0
18 76 9 1 0
2 94 10 1 0
42 76 11 4 0
46 73 12 1 0
4 18 13 0 1
46 83 12 1 0
4 23 13 0 1
44 87 12 2 0
57 85 13 1 0
4 39 14 0 1
43 80 13 4 0
33 79 14 1 0
4 9 15 0 1
4 14 14 0 1
32 48 14 1 0
31 48 15 2 0
69 47 16 1 0
67 47 17 1 0
50 47 18 1 0
35 47 19 1 0
4 8 20 0 1
75 63 16 1 0
33 63 17 1 0
4 9 18 0 1
4 21 14 0 1
41 93 12 1 0
12 93 13 3 0
4 12 14 0 1
14 89 14 2 0
13 88 15 1 0
3 88 16 1 0
59 88 17 1 0
78 88 18 5 0
4 40 19 0 1
4 14 19 0 1
28 64 19 1 0
10 64 20 1 0
23 64 21 1 0
24 64 22 1 0
22 64 23 1 0
34 64 24 1 0
27 64 25 1 0
7 64 26 1 0
26 64 27 3 0
26 63 28 1 0
56 63 29 1 0
58 63 30 1 0
5 63 31 1 0
48 63 32 1 0
70 63 33 1 0
71 63 34 1 0
53 63 35 1 0
29 63 36 1 0
33 63 37 1 0
4 9 38 0 1
4 17 28 0 1
56 1 28 1 0
58 1 29 1 0
5 1 30 1 0
48 1 31 1 0
70 1 32 1 0
71 1 33 1 0
53 1 34 1 0
54 1 35 1 0
55 1 36 1 0
37 1 37 1 0
4 10 38 0 1
4 21 19 0 1
3 91 19 1 0
59 91 20 1 0
61 91 21 1 0
12 91 22 3 0
4 12 23 0 1
14 53 23 3 0
13 52 24 1 0
39 52 25 2 0
38 51 26 2 0
40 47 27 1 0
69 47 28 1 0
67 47 29 1 0
50 47 30 1 0
35 47 31 1 0
4 8 32 0 1
76 78 27 1 0
74 78 28 3 0
75 77 29 1 0
33 77 30 1 0
4 9 31 0 1
4 4 29 0 1
77 65 29 1 0
28 65 30 1 0
10 65 31 1 0
23 65 32 1 0
24 65 33 1 0
22 65 34 1 0
34 65 35 1 0
27 65 36 1 0
7 65 37 1 0
26 65 38 1 0
56 65 39 1 0
58 65 40 1 0
5 65 41 1 0
48 65 42 3 0
48 63 43 1 0
70 63 44 1 0
71 63 45 1 0
53 63 46 1 0
29 63 47 1 0
33 63 48 1 0
4 9 49 0 1
4 15 43 0 1
70 2 43 1 0
71 2 44 1 0
53 2 45 1 0
54 2 46 1 0
55 2 47 1 0
37 2 48 1 0
4 10 49 0 1
4 22 26 0 1
13 36 24 1 0
3 36 25 1 0
59 36 26 1 0
61 36 27 1 0
30 36 28 2 0
60 35 29 1 0
45 35 30 6 0
64 31 31 1 0
52 31 32 3 0
33 29 33 1 0
4 9 34 0 1
4 7 33 0 1
52 70 33 1 0
33 70 34 1 0
4 9 35 0 1
4 7 31 0 1
33 71 31 1 0
4 9 32 0 1
4 14 31 0 1
8 77 31 1 0
28 77 32 1 0
10 77 33 1 0
23 77 34 1 0
24 77 35 1 0
22 77 36 1 0
34 77 37 1 0
27 77 38 1 0
7 77 39 1 0
26 77 40 1 0
56 77 41 1 0
58 77 42 1 0
5 77 43 1 0
48 77 44 1 0
70 77 45 1 0
71 77 46 1 0
53 77 47 1 0
29 77 48 1 0
33 77 49 1 0
4 9 50 0 1
4 21 31 0 1
4 22 29 0 1
13 69 24 1 0
3 69 25 1 0
59 69 26 1 0
61 69 27 1 0
30 69 28 2 0
60 68 29 1 0
9 68 30 3 0
36 63 31 1 0
29 63 32 1 0
33 63 33 1 0
4 9 34 0 1
11 3 31 1 0
4 4 32 0 1
28 66 31 1 0
10 66 32 1 0
23 66 33 1 0
24 66 34 1 0
22 66 35 1 0
34 66 36 1 0
27 66 37 1 0
7 66 38 1 0
26 66 39 1 0
56 66 40 1 0
58 66 41 1 0
5 66 42 1 0
48 66 43 3 0
48 63 44 1 0
70 63 45 1 0
71 63 46 1 0
53 63 47 1 0
29 63 48 1 0
33 63 49 1 0
4 9 50 0 1
4 6 44 0 1
70 2 44 1 0
71 2 45 1 0
53 2 46 1 0
54 2 47 1 0
55 2 48 1 0
37 2 49 1 0
4 10 50 0 1
4 22 29 0 1
4 19 23 0 1
13 38 15 1 0
3 38 16 1 0
59 38 17 1 0
61 38 18 1 0
30 38 19 2 0
60 37 20 1 0
45 37 21 5 0
64 31 22 1 0
52 31 23 3 0
33 29 24 1 0
4 9 25 0 1
4 7 24 0 1
52 70 24 1 0
33 70 25 1 0
4 9 26 0 1
4 7 22 0 1
33 72 22 1 0
4 9 23 0 1
4 14 22 0 1
4 21 22 0 1
4 22 20 0 1
4 19 14 0 1
4 19 8 0 1
