1 90 0 1 0
21 72 1 1 0
52 72 2 1 0
63 72 3 1 0
0 90 4 1 0
17 72 5 1 0
50 72 6 4 0
19 71 7 1 0
4 20 8 0 1
4 6 7 0 1
64 14 7 1 0
4 12 8 0 1
15 89 7 4 0
4 15 8 0 1
16 74 8 1 0
18 74 9 1 0
2 90 10 1 0
43 74 11 4 0
47 71 12 1 0
4 20 13 0 1
47 81 12 1 0
4 25 13 0 1
45 85 12 2 0
58 83 13 1 0
4 42 14 0 1
44 76 13 4 0
33 75 14 1 0
4 12 15 0 1
4 17 14 0 1
32 51 14 1 0
31 51 15 2 0
70 50 16 1 0
68 50 17 1 0
51 50 18 1 0
36 50 19 1 0
4 11 20 0 1
76 63 16 1 0
33 63 17 1 0
4 12 18 0 1
4 23 14 0 1
42 88 12 1 0
12 88 13 3 0
4 15 14 0 1
14 45 14 1 0
13 45 15 1 0
3 45 16 1 0
60 45 17 1 0
34 45 18 5 0
4 10 19 0 1
4 17 19 0 1
28 67 19 1 0
10 67 20 1 0
23 67 21 1 0
24 67 22 1 0
22 67 23 1 0
35 67 24 1 0
27 67 25 1 0
7 67 26 1 0
26 67 27 1 0
57 67 28 3 0
57 63 29 1 0
59 63 30 1 0
5 63 31 1 0
49 63 32 1 0
71 63 33 1 0
72 63 34 1 0
54 63 35 1 0
29 63 36 1 0
33 63 37 1 0
4 12 38 0 1
4 9 29 0 1
59 3 29 1 0
5 3 30 1 0
49 3 31 1 0
71 3 32 1 0
72 3 33 1 0
54 3 34 1 0
55 3 35 1 0
56 3 36 1 0
38 3 37 1 0
4 13 38 0 1
4 23 19 0 1
3 87 19 1 0
60 87 20 1 0
62 87 21 1 0
12 87 22 3 0
4 15 23 0 1
14 39 23 2 0
13 38 24 1 0
3 38 25 1 0
60 38 26 1 0
62 38 27 1 0
30 38 28 2 0
61 37 29 1 0
46 37 30 6 0
65 33 31 1 0
53 33 32 3 0
33 31 33 1 0
4 12 34 0 1
4 8 33 0 1
53 68 33 1 0
33 68 34 1 0
4 12 35 0 1
4 8 31 0 1
33 69 31 1 0
4 12 32 0 1
4 17 31 0 1
8 64 31 1 0
28 64 32 1 0
10 64 33 1 0
23 64 34 1 0
24 64 35 1 0
22 64 36 1 0
35 64 37 1 0
27 64 38 1 0
7 64 39 1 0
26 64 40 1 0
57 64 41 1 0
59 64 42 1 0
5 64 43 1 0
49 64 44 3 0
49 63 45 1 0
71 63 46 1 0
72 63 47 1 0
54 63 48 1 0
29 63 49 1 0
33 63 50 1 0
4 12 51 0 1
4 18 45 0 1
71 4 45 1 0
72 4 46 1 0
54 4 47 1 0
55 4 48 1 0
56 4 49 1 0
38 4 50 1 0
4 13 51 0 1
4 23 31 0 1
4 24 29 0 1
13 80 24 1 0
3 80 25 1 0
60 80 26 1 0
62 80 27 1 0
30 80 28 2 0
61 79 29 1 0
46 79 30 4 0
48 75 31 1 0
74 75 32 1 0
4 12 33 0 1
4 17 31 0 1
8 65 31 1 0
28 65 32 1 0
10 65 33 1 0
9 65 34 3 0
37 63 35 1 0
29 63 36 1 0
33 63 37 1 0
4 12 38 0 1
11 2 35 1 0
4 7 36 0 1
28 4 35 1 0
10 4 36 1 0
23 4 37 1 0
24 4 38 1 0
22 4 39 1 0
35 4 40 1 0
27 4 41 1 0
7 4 42 1 0
26 4 43 1 0
57 4 44 1 0
59 4 45 1 0
5 4 46 1 0
49 4 47 1 0
71 4 48 1 0
72 4 49 1 0
54 4 50 1 0
55 4 51 1 0
56 4 52 1 0
38 4 53 1 0
4 13 54 0 1
4 23 31 0 1
4 24 29 0 1
4 21 23 0 1
4 21 14 0 1
16 73 8 1 0
18 73 9 1 0
2 90 10 1 0
43 73 11 4 0
47 71 12 1 0
4 20 13 0 1
47 81 12 1 0
4 25 13 0 1
45 84 12 2 0
58 83 13 1 0
4 42 14 0 1
44 60 13 4 0
33 59 14 1 0
4 12 15 0 1
4 17 14 0 1
32 30 14 1 0
31 30 15 2 0
70 29 16 1 0
69 29 17 1 0
66 29 18 2 0
67 27 19 1 0
64 27 20 1 0
4 12 21 0 1
25 43 19 2 0
4 16 20 0 1
4 22 20 0 1
76 44 16 1 0
33 44 17 1 0
4 12 18 0 1
4 23 14 0 1
42 86 12 1 0
12 86 13 3 0
4 15 14 0 1
14 36 14 5 0
13 35 15 1 0
3 35 16 1 0
60 35 17 1 0
62 35 18 1 0
30 35 19 2 0
61 34 20 1 0
46 34 21 6 0
65 33 22 1 0
53 33 23 3 0
33 31 24 1 0
4 12 25 0 1
4 8 24 0 1
53 68 24 1 0
33 68 25 1 0
4 12 26 0 1
4 8 22 0 1
33 69 22 1 0
4 12 23 0 1
4 17 22 0 1
8 1 22 1 0
28 1 23 1 0
10 1 24 1 0
23 1 25 1 0
24 1 26 1 0
22 1 27 1 0
35 1 28 1 0
27 1 29 1 0
7 1 30 1 0
26 1 31 1 0
57 1 32 1 0
59 1 33 1 0
5 1 34 1 0
49 1 35 1 0
71 1 36 1 0
72 1 37 1 0
54 1 38 1 0
55 1 39 1 0
56 1 40 1 0
38 1 41 1 0
4 28 42 0 1
4 23 22 0 1
4 24 20 0 1
13 58 15 1 0
40 58 16 2 0
39 57 17 2 0
41 56 18 1 0
70 56 19 1 0
69 56 20 1 0
67 56 21 3 0
53 55 22 3 0
33 54 23 1 0
4 12 24 0 1
4 8 23 0 1
53 82 23 1 0
33 82 24 1 0
4 12 25 0 1
4 8 22 0 1
64 26 22 1 0
4 12 23 0 1
77 49 18 1 0
75 49 19 3 0
76 47 20 1 0
33 47 21 1 0
4 12 22 0 1
4 5 20 0 1
78 61 20 1 0
28 61 21 1 0
10 61 22 1 0
23 61 23 1 0
24 61 24 1 0
22 61 25 1 0
35 61 26 1 0
27 61 27 1 0
7 61 28 1 0
26 61 29 1 0
57 61 30 1 0
59 61 31 1 0
5 61 32 1 0
49 61 33 1 0
71 61 34 1 0
72 61 35 1 0
54 61 36 1 0
55 61 37 1 0
56 61 38 1 0
73 61 39 5 0
4 19 40 0 1
20 56 40 5 0
33 54 41 1 0
4 12 42 0 1
4 8 41 0 1
33 82 41 1 0
4 12 42 0 1
4 8 41 0 1
33 26 41 1 0
4 12 42 0 1
4 17 40 0 1
8 32 40 1 0
28 32 41 1 0
10 32 42 1 0
23 32 43 1 0
24 32 44 1 0
22 32 45 1 0
35 32 46 1 0
27 32 47 1 0
7 32 48 1 0
26 32 49 1 0
57 32 50 1 0
59 32 51 1 0
5 32 52 1 0
49 32 53 1 0
71 32 54 1 0
72 32 55 1 0
54 32 56 1 0
29 32 57 3 0
6 31 58 1 0
33 31 59 1 0
4 12 60 0 1
4 8 58 0 1
33 46 58 1 0
4 12 59 0 1
4 23 40 0 1
4 24 17 0 1
13 53 15 1 0
40 53 16 2 0
39 52 17 2 0
41 50 18 1 0
70 50 19 1 0
68 50 20 1 0
51 50 21 1 0
36 50 22 1 0
4 11 23 0 1
77 66 18 1 0
75 66 19 3 0
76 63 20 1 0
33 63 21 1 0
4 12 22 0 1
4 5 20 0 1
78 48 20 1 0
28 48 21 1 0
10 48 22 1 0
23 48 23 1 0
24 48 24 1 0
22 48 25 1 0
35 48 26 1 0
27 48 27 1 0
7 48 28 1 0
26 48 29 1 0
57 48 30 1 0
59 48 31 1 0
5 48 32 1 0
49 48 33 1 0
71 48 34 1 0
72 48 35 1 0
54 48 36 1 0
55 48 37 1 0
56 48 38 5 0
65 47 39 1 0
53 47 40 1 0
33 47 41 1 0
4 12 42 0 1
4 8 39 0 1
33 62 39 1 0
4 12 40 0 1
4 17 39 0 1
4 23 39 0 1
4 24 17 0 1
13 78 15 1 0
3 78 16 1 0
60 78 17 1 0
62 78 18 1 0
30 78 19 2 0
61 77 20 1 0
46 77 21 4 0
48 75 22 1 0
74 75 23 1 0
4 12 24 0 1
4 17 22 0 1
8 63 22 1 0
28 63 23 1 0
10 63 24 1 0
23 63 25 1 0
24 63 26 1 0
22 63 27 1 0
35 63 28 1 0
27 63 29 1 0
7 63 30 1 0
26 63 31 1 0
57 63 32 1 0
59 63 33 1 0
5 63 34 1 0
49 63 35 1 0
71 63 36 1 0
72 63 37 1 0
54 63 38 1 0
29 63 39 1 0
33 63 40 1 0
4 12 41 0 1
4 23 22 0 1
4 24 20 0 1
13 41 15 1 0
3 41 16 1 0
60 41 17 1 0
62 41 18 1 0
30 41 19 2 0
61 40 20 1 0
46 40 21 6 0
65 33 22 1 0
53 33 23 3 0
33 31 24 1 0
4 12 25 0 1
4 8 24 0 1
53 68 24 1 0
33 68 25 1 0
4 12 26 0 1
4 8 22 0 1
33 70 22 1 0
4 12 23 0 1
4 17 22 0 1
8 0 22 1 0
28 0 23 1 0
10 0 24 1 0
23 0 25 1 0
24 0 26 1 0
22 0 27 1 0
35 0 28 1 0
27 0 29 1 0
7 0 30 1 0
26 0 31 1 0
57 0 32 1 0
59 0 33 1 0
5 0 34 1 0
49 0 35 1 0
71 0 36 1 0
72 0 37 1 0
54 0 38 1 0
55 0 39 1 0
56 0 40 1 0
38 0 41 1 0
4 28 42 0 1
4 23 22 0 1
4 24 20 0 1
4 21 14 0 1
4 21 8 0 1
