1 94 0 1 0
21 78 1 1 0
51 78 2 1 0
62 78 3 1 0
0 94 4 1 0
17 78 5 1 0
49 78 6 4 0
19 77 7 1 0
4 18 8 0 1
4 5 7 0 1
63 11 7 1 0
4 9 8 0 1
15 92 7 4 0
4 12 8 0 1
16 80 8 1 0
18 80 9 1 0
2 94 10 1 0
42 80 11 4 0
46 77 12 1 0
4 18 13 0 1
46 83 12 1 0
4 23 13 0 1
44 87 12 2 0
57 85 13 1 0
4 39 14 0 1
43 64 13 4 0
33 63 14 1 0
4 9 15 0 1
4 14 14 0 1
32 28 14 1 0
31 28 15 2 0
69 27 16 1 0
68 27 17 1 0
65 27 18 2 0
66 25 19 1 0
63 25 20 1 0
4 9 21 0 1
25 41 19 2 0
4 13 20 0 1
4 20 20 0 1
75 42 16 1 0
33 42 17 1 0
4 9 18 0 1
4 21 14 0 1
41 90 12 1 0
12 90 13 3 0
4 12 14 0 1
14 34 14 4 0
13 33 15 1 0
3 33 16 1 0
59 33 17 1 0
61 33 18 1 0
30 33 19 2 0
60 32 20 1 0
45 32 21 6 0
64 31 22 1 0
52 31 23 3 0
33 29 24 1 0
4 9 25 0 1
4 7 24 0 1
52 74 24 1 0
33 74 25 1 0
4 9 26 0 1
4 7 22 0 1
33 75 22 1 0
4 9 23 0 1
4 14 22 0 1
8 0 22 1 0
28 0 23 1 0
10 0 24 1 0
23 0 25 1 0
24 0 26 1 0
22 0 27 1 0
34 0 28 1 0
27 0 29 1 0
7 0 30 1 0
26 0 31 1 0
56 0 32 1 0
58 0 33 1 0
5 0 34 1 0
48 0 35 1 0
70 0 36 1 0
71 0 37 1 0
53 0 38 1 0
54 0 39 1 0
55 0 40 1 0
37 0 41 1 0
4 26 42 0 1
4 21 22 0 1
4 22 20 0 1
13 62 15 1 0
39 62 16 2 0
38 61 17 2 0
40 60 18 1 0
69 60 19 1 0
68 60 20 1 0
66 60 21 3 0
52 59 22 3 0
33 58 23 1 0
4 9 24 0 1
4 7 23 0 1
52 84 23 1 0
33 84 24 1 0
4 9 25 0 1
4 7 22 0 1
63 24 22 1 0
4 9 23 0 1
76 50 18 1 0
74 50 19 3 0
75 48 20 1 0
33 48 21 1 0
4 9 22 0 1
4 4 20 0 1
77 65 20 1 0
28 65 21 1 0
10 65 22 1 0
23 65 23 1 0
24 65 24 1 0
22 65 25 1 0
34 65 26 1 0
27 65 27 1 0
7 65 28 1 0
26 65 29 1 0
56 65 30 1 0
58 65 31 1 0
5 65 32 1 0
48 65 33 1 0
70 65 34 1 0
71 65 35 1 0
53 65 36 1 0
54 65 37 1 0
55 65 38 1 0
72 65 39 5 0
4 16 40 0 1
20 60 40 5 0
33 58 41 1 0
4 9 42 0 1
4 7 41 0 1
33 84 41 1 0
4 9 42 0 1
4 7 41 0 1
33 24 41 1 0
4 9 42 0 1
4 14 40 0 1
8 30 40 1 0
28 30 41 1 0
10 30 42 1 0
23 30 43 1 0
24 30 44 1 0
22 30 45 1 0
34 30 46 1 0
27 30 47 1 0
7 30 48 1 0
26 30 49 1 0
56 30 50 1 0
58 30 51 1 0
5 30 52 1 0
48 30 53 1 0
70 30 54 1 0
71 30 55 1 0
53 30 56 1 0
29 30 57 3 0
6 29 58 1 0
33 29 59 1 0
4 9 60 0 1
4 7 58 0 1
33 47 58 1 0
4 9 59 0 1
4 21 40 0 1
4 22 17 0 1
13 54 15 1 0
39 54 16 2 0
38 53 17 2 0
40 51 18 1 0
69 51 19 1 0
67 51 20 1 0
50 51 21 1 0
35 51 22 1 0
4 8 23 0 1
76 71 18 1 0
74 71 19 3 0
75 67 20 1 0
33 67 21 1 0
4 9 22 0 1
4 4 20 0 1
77 49 20 1 0
28 49 21 1 0
10 49 22 1 0
23 49 23 1 0
24 49 24 1 0
22 49 25 1 0
34 49 26 1 0
27 49 27 1 0
7 49 28 1 0
26 49 29 1 0
56 49 30 1 0
58 49 31 1 0
5 49 32 1 0
48 49 33 1 0
70 49 34 1 0
71 49 35 1 0
53 49 36 1 0
54 49 37 1 0
55 49 38 5 0
64 48 39 1 0
52 48 40 1 0
33 48 41 1 0
4 9 42 0 1
4 7 39 0 1
33 66 39 1 0
4 9 40 0 1
4 14 39 0 1
4 21 39 0 1
4 22 17 0 1
13 46 15 1 0
3 46 16 1 0
59 46 17 1 0
61 46 18 1 0
30 46 19 2 0
60 45 20 1 0
45 45 21 4 0
47 43 22 1 0
73 43 23 1 0
4 9 24 0 1
4 14 22 0 1
8 67 22 1 0
28 67 23 1 0
10 67 24 1 0
23 67 25 1 0
24 67 26 1 0
22 67 27 1 0
34 67 28 1 0
27 67 29 1 0
7 67 30 1 0
26 67 31 1 0
56 67 32 1 0
58 67 33 1 0
5 67 34 1 0
48 67 35 1 0
70 67 36 1 0
71 67 37 1 0
53 67 38 1 0
29 67 39 1 0
33 67 40 1 0
4 9 41 0 1
4 21 22 0 1
4 22 20 0 1
4 19 14 0 1
16 79 8 1 0
18 79 9 1 0
2 94 10 1 0
42 79 11 4 0
46 77 12 1 0
4 18 13 0 1
46 83 12 1 0
4 23 13 0 1
44 86 12 2 0
57 85 13 1 0
4 39 14 0 1
43 44 13 4 0
33 43 14 1 0
4 9 15 0 1
4 14 14 0 1
32 52 14 1 0
31 52 15 2 0
69 51 16 1 0
67 51 17 1 0
50 51 18 1 0
35 51 19 1 0
4 8 20 0 1
75 67 16 1 0
33 67 17 1 0
4 9 18 0 1
4 21 14 0 1
41 93 12 1 0
12 93 13 3 0
4 12 14 0 1
14 89 14 2 0
13 88 15 1 0
3 88 16 1 0
59 88 17 1 0
78 88 18 5 0
4 40 19 0 1
4 14 19 0 1
28 68 19 1 0
10 68 20 1 0
23 68 21 1 0
24 68 22 1 0
22 68 23 1 0
34 68 24 1 0
27 68 25 1 0
7 68 26 1 0
26 68 27 3 0
26 67 28 1 0
56 67 29 1 0
58 67 30 1 0
5 67 31 1 0
48 67 32 1 0
70 67 33 1 0
71 67 34 1 0
53 67 35 1 0
29 67 36 1 0
33 67 37 1 0
4 9 38 0 1
4 17 28 0 1
56 1 28 1 0
58 1 29 1 0
5 1 30 1 0
48 1 31 1 0
70 1 32 1 0
71 1 33 1 0
53 1 34 1 0
54 1 35 1 0
55 1 36 1 0
37 1 37 1 0
4 10 38 0 1
4 21 19 0 1
3 91 19 1 0
59 91 20 1 0
61 91 21 1 0
12 91 22 3 0
4 12 23 0 1
14 57 23 3 0
13 56 24 1 0
39 56 25 2 0
38 55 26 2 0
40 51 27 1 0
69 51 28 1 0
67 51 29 1 0
50 51 30 1 0
35 51 31 1 0
4 8 32 0 1
76 82 27 1 0
74 82 28 3 0
75 81 29 1 0
33 81 30 1 0
4 9 31 0 1
4 4 29 0 1
77 69 29 1 0
28 69 30 1 0
10 69 31 1 0
23 69 32 1 0
24 69 33 1 0
22 69 34 1 0
34 69 35 1 0
27 69 36 1 0
7 69 37 1 0
26 69 38 1 0
56 69 39 1 0
58 69 40 1 0
5 69 41 1 0
48 69 42 3 0
48 67 43 1 0
70 67 44 1 0
71 67 45 1 0
53 67 46 1 0
29 67 47 1 0
33 67 48 1 0
4 9 49 0 1
4 15 43 0 1
70 2 43 1 0
71 2 44 1 0
53 2 45 1 0
54 2 46 1 0
55 2 47 1 0
37 2 48 1 0
4 10 49 0 1
4 22 26 0 1
13 36 24 1 0
3 36 25 1 0
59 36 26 1 0
61 36 27 1 0
30 36 28 2 0
60 35 29 1 0
45 35 30 6 0
64 31 31 1 0
52 31 32 3 0
33 29 33 1 0
4 9 34 0 1
4 7 33 0 1
52 74 33 1 0
33 74 34 1 0
4 9 35 0 1
4 7 31 0 1
33 75 31 1 0
4 9 32 0 1
4 14 31 0 1
8 81 31 1 0
28 81 32 1 0
10 81 33 1 0
23 81 34 1 0
24 81 35 1 0
22 81 36 1 0
34 81 37 1 0
27 81 38 1 0
7 81 39 1 0
26 81 40 1 0
56 81 41 1 0
58 81 42 1 0
5 81 43 1 0
48 81 44 1 0
70 81 45 1 0
71 81 46 1 0
53 81 47 1 0
29 81 48 1 0
33 81 49 1 0
4 9 50 0 1
4 21 31 0 1
4 22 29 0 1
13 73 24 1 0
3 73 25 1 0
59 73 26 1 0
61 73 27 1 0
30 73 28 2 0
60 72 29 1 0
9 72 30 3 0
36 67 31 1 0
29 67 32 1 0
33 67 33 1 0
4 9 34 0 1
11 3 31 1 0
4 4 32 0 1
28 70 31 1 0
10 70 32 1 0
23 70 33 1 0
24 70 34 1 0
22 70 35 1 0
34 70 36 1 0
27 70 37 1 0
7 70 38 1 0
26 70 39 1 0
56 70 40 1 0
58 70 41 1 0
5 70 42 1 0
48 70 43 3 0
48 67 44 1 0
70 67 45 1 0
71 67 46 1 0
53 67 47 1 0
29 67 48 1 0
33 67 49 1 0
4 9 50 0 1
4 6 44 0 1
70 2 44 1 0
71 2 45 1 0
53 2 46 1 0
54 2 47 1 0
55 2 48 1 0
37 2 49 1 0
4 10 50 0 1
4 22 29 0 1
4 19 23 0 1
13 38 15 1 0
3 38 16 1 0
59 38 17 1 0
61 38 18 1 0
30 38 19 2 0
60 37 20 1 0
45 37 21 5 0
64 31 22 1 0
52 31 23 3 0
33 29 24 1 0
4 9 25 0 1
4 7 24 0 1
52 74 24 1 0
33 74 25 1 0
4 9 26 0 1
4 7 22 0 1
33 76 22 1 0
4 9 23 0 1
4 14 22 0 1
4 21 22 0 1
4 22 20 0 1
4 19 14 0 1
4 19 8 0 1
