1 94 0 1 0
21 56 1 1 0
52 56 2 1 0
64 77 3 1 0
0 94 4 1 0
17 77 5 1 0
50 77 6 4 0
19 76 7 1 0
4 20 8 0 1
4 6 7 0 1
65 16 7 1 0
4 11 8 0 1
15 93 7 4 0
4 13 8 0 1
16 79 8 1 0
18 79 9 1 0
2 94 10 1 0
43 79 11 4 0
47 76 12 1 0
4 20 13 0 1
47 87 12 1 0
4 26 13 0 1
45 89 12 2 0
58 88 13 1 0
4 44 14 0 1
44 70 13 4 0
33 69 14 1 0
4 11 15 0 1
4 15 14 0 1
32 33 14 1 0
31 33 15 2 0
71 32 16 1 0
70 32 17 1 0
67 32 18 2 0
68 30 19 1 0
65 30 20 1 0
4 11 21 0 1
25 45 19 2 0
4 14 20 0 1
4 22 20 0 1
77 46 16 1 0
33 46 17 1 0
4 11 18 0 1
4 24 14 0 1
42 90 12 1 0
12 90 13 3 0
4 13 14 0 1
14 39 14 5 0
13 38 15 1 0
3 38 16 1 0
61 38 17 1 0
63 38 18 1 0
30 38 19 2 0
62 37 20 1 0
46 37 21 6 0
66 36 22 1 0
53 36 23 3 0
33 34 24 1 0
4 11 25 0 1
4 8 24 0 1
53 73 24 1 0
33 73 25 1 0
4 11 26 0 1
4 8 22 0 1
33 74 22 1 0
4 11 23 0 1
4 15 22 0 1
8 1 22 1 0
28 1 23 1 0
10 1 24 1 0
23 1 25 1 0
24 1 26 1 0
22 1 27 1 0
35 1 28 1 0
27 1 29 1 0
7 1 30 1 0
26 1 31 1 0
57 1 32 1 0
60 1 33 1 0
5 1 34 1 0
49 1 35 1 0
72 1 36 1 0
73 1 37 1 0
54 1 38 1 0
55 1 39 1 0
56 1 40 1 0
38 1 41 1 0
4 31 42 0 1
4 24 22 0 1
4 25 20 0 1
13 29 15 1 0
40 29 16 2 0
39 28 17 2 0
41 27 18 1 0
71 27 19 1 0
70 27 20 1 0
68 27 21 1 0
65 27 22 1 0
4 11 23 0 1
78 60 18 1 0
76 60 19 3 0
77 58 20 1 0
33 58 21 1 0
4 11 22 0 1
4 5 20 0 1
79 71 20 1 0
28 71 21 1 0
10 71 22 1 0
23 71 23 1 0
24 71 24 1 0
22 71 25 1 0
35 71 26 1 0
27 71 27 1 0
7 71 28 1 0
26 71 29 1 0
57 71 30 1 0
60 71 31 1 0
5 71 32 1 0
49 71 33 1 0
72 71 34 1 0
73 71 35 1 0
54 71 36 1 0
55 71 37 1 0
56 71 38 1 0
74 71 39 5 0
4 18 40 0 1
20 27 40 1 0
33 27 41 1 0
4 11 42 0 1
4 15 40 0 1
8 35 40 1 0
28 35 41 1 0
10 35 42 1 0
23 35 43 1 0
24 35 44 1 0
22 35 45 1 0
35 35 46 1 0
27 35 47 1 0
7 35 48 1 0
26 35 49 1 0
57 35 50 1 0
60 35 51 1 0
5 35 52 1 0
49 35 53 1 0
72 35 54 1 0
73 35 55 1 0
54 35 56 1 0
29 35 57 3 0
6 34 58 1 0
33 34 59 1 0
4 11 60 0 1
4 8 58 0 1
33 57 58 1 0
4 11 59 0 1
4 24 40 0 1
4 25 17 0 1
13 64 15 1 0
40 64 16 2 0
39 63 17 2 0
41 61 18 1 0
71 61 19 1 0
69 61 20 1 0
51 61 21 1 0
36 61 22 1 0
4 10 23 0 1
78 53 18 1 0
76 53 19 3 0
77 47 20 1 0
33 47 21 1 0
4 11 22 0 1
4 5 20 0 1
79 59 20 1 0
28 59 21 1 0
10 59 22 1 0
23 59 23 1 0
24 59 24 1 0
22 59 25 1 0
35 59 26 1 0
27 59 27 1 0
7 59 28 1 0
26 59 29 1 0
57 59 30 1 0
60 59 31 1 0
5 59 32 1 0
49 59 33 1 0
72 59 34 1 0
73 59 35 1 0
54 59 36 1 0
55 59 37 1 0
56 59 38 5 0
66 58 39 1 0
53 58 40 1 0
33 58 41 1 0
4 11 42 0 1
4 8 39 0 1
33 72 39 1 0
4 11 40 0 1
4 15 39 0 1
4 24 39 0 1
4 25 17 0 1
13 82 15 1 0
3 82 16 1 0
61 82 17 1 0
63 82 18 1 0
30 82 19 2 0
62 81 20 1 0
46 81 21 4 0
48 80 22 1 0
75 80 23 1 0
4 11 24 0 1
4 15 22 0 1
8 47 22 1 0
28 47 23 1 0
10 47 24 1 0
23 47 25 1 0
24 47 26 1 0
22 47 27 1 0
35 47 28 1 0
27 47 29 1 0
7 47 30 1 0
26 47 31 1 0
57 47 32 1 0
60 47 33 1 0
5 47 34 1 0
49 47 35 1 0
72 47 36 1 0
73 47 37 1 0
54 47 38 1 0
29 47 39 1 0
33 47 40 1 0
4 11 41 0 1
4 24 22 0 1
4 25 20 0 1
13 43 15 1 0
3 43 16 1 0
61 43 17 1 0
63 43 18 1 0
30 43 19 2 0
62 42 20 1 0
46 42 21 6 0
66 36 22 1 0
53 36 23 3 0
33 34 24 1 0
4 11 25 0 1
4 8 24 0 1
53 73 24 1 0
33 73 25 1 0
4 11 26 0 1
4 8 22 0 1
33 75 22 1 0
4 11 23 0 1
4 15 22 0 1
8 0 22 1 0
28 0 23 1 0
10 0 24 1 0
23 0 25 1 0
24 0 26 1 0
22 0 27 1 0
35 0 28 1 0
27 0 29 1 0
7 0 30 1 0
26 0 31 1 0
57 0 32 1 0
60 0 33 1 0
5 0 34 1 0
49 0 35 1 0
72 0 36 1 0
73 0 37 1 0
54 0 38 1 0
55 0 39 1 0
56 0 40 1 0
38 0 41 1 0
4 31 42 0 1
4 24 22 0 1
4 25 20 0 1
4 21 14 0 1
16 78 8 1 0
18 78 9 1 0
2 94 10 1 0
43 78 11 4 0
47 76 12 1 0
4 20 13 0 1
47 87 12 1 0
4 26 13 0 1
45 65 12 2 0
58 61 13 1 0
71 61 14 1 0
69 61 15 1 0
51 61 16 1 0
36 61 17 1 0
4 10 18 0 1
44 83 13 4 0
33 80 14 1 0
4 11 15 0 1
4 15 14 0 1
32 62 14 1 0
31 62 15 2 0
71 61 16 1 0
69 61 17 1 0
51 61 18 1 0
36 61 19 1 0
4 10 20 0 1
77 47 16 1 0
33 47 17 1 0
4 11 18 0 1
4 24 14 0 1
42 91 12 1 0
12 91 13 3 0
4 13 14 0 1
14 55 14 2 0
13 54 15 1 0
3 54 16 1 0
61 54 17 1 0
34 54 18 5 0
4 9 19 0 1
4 15 19 0 1
28 48 19 1 0
10 48 20 1 0
23 48 21 1 0
24 48 22 1 0
22 48 23 1 0
35 48 24 1 0
27 48 25 1 0
7 48 26 1 0
26 48 27 3 0
26 47 28 1 0
57 47 29 1 0
60 47 30 1 0
5 47 31 1 0
49 47 32 1 0
72 47 33 1 0
73 47 34 1 0
54 47 35 1 0
29 47 36 1 0
33 47 37 1 0
4 11 38 0 1
4 19 28 0 1
57 2 28 1 0
60 2 29 1 0
5 2 30 1 0
49 2 31 1 0
72 2 32 1 0
73 2 33 1 0
54 2 34 1 0
55 2 35 1 0
56 2 36 1 0
38 2 37 1 0
4 12 38 0 1
4 24 19 0 1
3 92 19 1 0
61 92 20 1 0
63 92 21 1 0
12 92 22 3 0
4 13 23 0 1
14 68 23 4 0
13 67 24 1 0
40 67 25 2 0
39 66 26 2 0
41 61 27 1 0
71 61 28 1 0
69 61 29 1 0
51 61 30 1 0
36 61 31 1 0
4 10 32 0 1
78 86 27 1 0
76 86 28 3 0
77 85 29 1 0
33 85 30 1 0
4 11 31 0 1
4 5 29 0 1
79 49 29 1 0
28 49 30 1 0
10 49 31 1 0
23 49 32 1 0
24 49 33 1 0
22 49 34 1 0
35 49 35 1 0
27 49 36 1 0
7 49 37 1 0
26 49 38 1 0
57 49 39 1 0
60 49 40 1 0
5 49 41 1 0
49 49 42 3 0
49 47 43 1 0
72 47 44 1 0
73 47 45 1 0
54 47 46 1 0
29 47 47 1 0
33 47 48 1 0
4 11 49 0 1
4 17 43 0 1
72 3 43 1 0
73 3 44 1 0
54 3 45 1 0
55 3 46 1 0
56 3 47 1 0
38 3 48 1 0
4 12 49 0 1
4 25 26 0 1
13 41 24 1 0
3 41 25 1 0
61 41 26 1 0
63 41 27 1 0
30 41 28 2 0
62 40 29 1 0
46 40 30 6 0
66 36 31 1 0
53 36 32 3 0
33 34 33 1 0
4 11 34 0 1
4 8 33 0 1
53 73 33 1 0
33 73 34 1 0
4 11 35 0 1
4 8 31 0 1
33 74 31 1 0
4 11 32 0 1
4 15 31 0 1
8 85 31 1 0
28 85 32 1 0
10 85 33 1 0
23 85 34 1 0
24 85 35 1 0
22 85 36 1 0
35 85 37 1 0
27 85 38 1 0
7 85 39 1 0
26 85 40 1 0
57 85 41 1 0
60 85 42 1 0
5 85 43 1 0
49 85 44 1 0
72 85 45 1 0
73 85 46 1 0
54 85 47 1 0
29 85 48 1 0
33 85 49 1 0
4 11 50 0 1
4 24 31 0 1
4 25 29 0 1
13 52 24 1 0
3 52 25 1 0
61 52 26 1 0
63 52 27 1 0
30 52 28 2 0
62 51 29 1 0
9 51 30 3 0
37 47 31 1 0
29 47 32 1 0
33 47 33 1 0
4 11 34 0 1
11 4 31 1 0
4 5 32 0 1
28 50 31 1 0
10 50 32 1 0
23 50 33 1 0
24 50 34 1 0
22 50 35 1 0
35 50 36 1 0
27 50 37 1 0
7 50 38 1 0
26 50 39 1 0
57 50 40 1 0
60 50 41 1 0
5 50 42 1 0
49 50 43 3 0
49 47 44 1 0
72 47 45 1 0
73 47 46 1 0
54 47 47 1 0
29 47 48 1 0
33 47 49 1 0
4 11 50 0 1
4 7 44 0 1
72 3 44 1 0
73 3 45 1 0
54 3 46 1 0
55 3 47 1 0
56 3 48 1 0
38 3 49 1 0
4 12 50 0 1
4 25 29 0 1
13 82 24 1 0
3 82 25 1 0
61 82 26 1 0
63 82 27 1 0
30 82 28 2 0
62 81 29 1 0
46 81 30 4 0
48 80 31 1 0
75 80 32 1 0
4 11 33 0 1
4 15 31 0 1
8 47 31 1 0
28 47 32 1 0
10 47 33 1 0
23 47 34 1 0
24 47 35 1 0
22 47 36 1 0
35 47 37 1 0
27 47 38 1 0
7 47 39 1 0
26 47 40 1 0
57 47 41 1 0
60 47 42 1 0
5 47 43 1 0
49 47 44 1 0
72 47 45 1 0
73 47 46 1 0
54 47 47 1 0
29 47 48 1 0
33 47 49 1 0
4 11 50 0 1
4 24 31 0 1
4 25 29 0 1
4 21 23 0 1
13 84 15 1 0
3 84 16 1 0
61 84 17 1 0
63 84 18 1 0
59 84 19 3 0
4 23 20 0 1
28 47 20 1 0
10 47 21 1 0
23 47 22 1 0
24 47 23 1 0
22 47 24 1 0
35 47 25 1 0
27 47 26 1 0
7 47 27 1 0
26 47 28 1 0
57 47 29 1 0
60 47 30 1 0
5 47 31 1 0
49 47 32 1 0
72 47 33 1 0
73 47 34 1 0
54 47 35 1 0
29 47 36 1 0
33 47 37 1 0
4 11 38 0 1
4 25 20 0 1
4 21 14 0 1
4 21 8 0 1
