1 81 0 1 0
20 57 1 1 0
51 57 2 1 0
64 73 3 1 0
0 81 4 1 0
16 73 5 1 0
49 73 6 4 0
18 72 7 1 0
4 17 8 0 1
4 4 7 0 1
65 12 7 1 0
4 10 8 0 1
14 80 7 3 0
4 13 8 0 1
15 74 8 1 0
17 74 9 1 0
2 81 10 1 0
43 74 11 4 0
47 72 12 1 0
4 17 13 0 1
47 75 12 1 0
4 22 13 0 1
45 77 12 2 0
58 76 13 1 0
4 43 14 0 1
44 66 13 4 0
35 65 14 1 0
4 10 15 0 1
4 15 14 0 1
34 31 14 1 0
33 31 15 2 0
71 30 16 1 0
70 30 17 1 0
67 30 18 2 0
68 28 19 1 0
65 28 20 1 0
4 10 21 0 1
24 44 19 2 0
4 14 20 0 1
4 19 20 0 1
76 50 16 1 0
35 50 17 1 0
4 10 18 0 1
4 20 14 0 1
42 78 12 1 0
11 78 13 3 0
4 13 14 0 1
13 27 14 5 0
12 26 15 1 0
40 26 16 2 0
39 25 17 2 0
41 24 18 1 0
71 24 19 1 0
70 24 20 1 0
68 24 21 1 0
65 24 22 1 0
4 10 23 0 1
77 61 18 1 0
75 61 19 3 0
76 59 20 1 0
35 59 21 1 0
4 10 22 0 1
4 3 20 0 1
78 67 20 1 0
27 67 21 1 0
9 67 22 1 0
22 67 23 1 0
23 67 24 1 0
21 67 25 1 0
36 67 26 1 0
26 67 27 1 0
7 67 28 1 0
25 67 29 1 0
57 67 30 1 0
59 67 31 1 0
5 67 32 1 0
48 67 33 1 0
72 67 34 1 0
73 67 35 1 0
54 67 36 1 0
55 67 37 1 0
56 67 38 1 0
74 67 39 5 0
4 16 40 0 1
19 24 40 1 0
35 24 41 1 0
4 10 42 0 1
4 15 40 0 1
8 35 40 1 0
27 35 41 1 0
9 35 42 1 0
22 35 43 1 0
23 35 44 1 0
21 35 45 1 0
36 35 46 1 0
26 35 47 1 0
7 35 48 1 0
25 35 49 1 0
57 35 50 1 0
59 35 51 1 0
5 35 52 1 0
48 35 53 1 0
72 35 54 1 0
73 35 55 1 0
54 35 56 1 0
28 35 57 3 0
6 34 58 1 0
35 34 59 1 0
4 10 60 0 1
4 6 58 0 1
35 58 58 1 0
4 10 59 0 1
4 20 40 0 1
4 21 17 0 1
12 38 15 1 0
3 38 16 1 0
60 38 17 1 0
63 38 18 1 0
29 38 19 2 0
61 37 20 1 0
46 37 21 6 0
66 36 22 1 0
52 36 23 3 0
35 34 24 1 0
4 10 25 0 1
4 6 24 0 1
52 69 24 1 0
35 69 25 1 0
4 10 26 0 1
4 6 22 0 1
35 70 22 1 0
4 10 23 0 1
4 15 22 0 1
8 0 22 1 0
27 0 23 1 0
9 0 24 1 0
22 0 25 1 0
23 0 26 1 0
21 0 27 1 0
36 0 28 1 0
26 0 29 1 0
7 0 30 1 0
25 0 31 1 0
57 0 32 1 0
59 0 33 1 0
5 0 34 1 0
48 0 35 1 0
72 0 36 1 0
73 0 37 1 0
54 0 38 1 0
55 0 39 1 0
56 0 40 1 0
38 0 41 1 0
4 29 42 0 1
4 20 22 0 1
4 21 20 0 1
12 33 15 1 0
40 33 16 2 0
39 32 17 2 0
41 28 18 1 0
71 28 19 1 0
70 28 20 1 0
68 28 21 1 0
65 28 22 1 0
4 10 23 0 1
77 49 18 1 0
75 49 19 3 0
76 45 20 1 0
35 45 21 1 0
4 10 22 0 1
4 3 20 0 1
78 60 20 1 0
27 60 21 1 0
9 60 22 1 0
22 60 23 1 0
23 60 24 1 0
21 60 25 1 0
36 60 26 1 0
26 60 27 1 0
7 60 28 1 0
25 60 29 1 0
57 60 30 1 0
59 60 31 1 0
5 60 32 1 0
48 60 33 1 0
72 60 34 1 0
73 60 35 1 0
54 60 36 1 0
55 60 37 1 0
56 60 38 5 0
66 59 39 1 0
52 59 40 1 0
35 59 41 1 0
4 10 42 0 1
4 6 39 0 1
35 68 39 1 0
4 10 40 0 1
4 15 39 0 1
4 20 39 0 1
4 21 17 0 1
12 52 15 1 0
3 52 16 1 0
60 52 17 1 0
31 52 18 1 0
10 52 19 9 0
4 7 20 0 1
4 15 20 0 1
30 63 20 1 0
39 63 21 2 0
41 62 22 1 0
71 62 23 1 0
69 62 24 1 0
50 62 25 1 0
37 62 26 1 0
4 9 27 0 1
77 55 22 1 0
75 55 23 3 0
76 53 24 1 0
35 53 25 1 0
4 10 26 0 1
4 3 24 0 1
78 48 24 1 0
27 48 25 1 0
9 48 26 1 0
22 48 27 1 0
23 48 28 1 0
21 48 29 1 0
36 48 30 1 0
26 48 31 1 0
7 48 32 1 0
25 48 33 1 0
57 48 34 1 0
59 48 35 1 0
5 48 36 3 0
5 47 37 1 0
48 47 38 1 0
72 47 39 1 0
73 47 40 1 0
54 47 41 1 0
55 47 42 1 0
56 47 43 5 0
66 45 44 1 0
52 45 45 1 0
35 45 46 1 0
4 10 47 0 1
4 6 44 0 1
35 64 44 1 0
4 10 45 0 1
4 15 44 0 1
4 20 44 0 1
4 23 37 0 1
48 2 37 1 0
72 2 38 1 0
73 2 39 1 0
54 2 40 1 0
55 2 41 1 0
56 2 42 1 0
38 2 43 1 0
4 11 44 0 1
4 21 20 0 1
27 56 20 1 0
9 56 21 1 0
22 56 22 1 0
23 56 23 1 0
21 56 24 1 0
36 56 25 1 0
26 56 26 1 0
7 56 27 1 0
25 56 28 1 0
57 56 29 3 0
57 53 30 1 0
59 53 31 1 0
5 53 32 1 0
48 53 33 1 0
72 53 34 1 0
73 53 35 1 0
54 53 36 1 0
28 53 37 1 0
35 53 38 1 0
4 10 39 0 1
4 8 30 0 1
59 1 30 1 0
5 1 31 1 0
48 1 32 1 0
72 1 33 1 0
73 1 34 1 0
54 1 35 1 0
55 1 36 1 0
56 1 37 1 0
38 1 38 1 0
4 11 39 0 1
4 21 20 0 1
32 54 20 1 0
62 54 21 1 0
61 54 22 1 0
53 54 23 2 0
54 53 24 1 0
28 53 25 1 0
35 53 26 1 0
4 10 27 0 1
4 5 24 0 1
4 20 20 0 1
3 79 20 1 0
60 79 21 1 0
63 79 22 1 0
11 79 23 3 0
4 13 24 0 1
13 40 24 1 0
12 40 25 1 0
3 40 26 1 0
60 40 27 1 0
63 40 28 1 0
29 40 29 2 0
61 39 30 1 0
46 39 31 6 0
66 36 32 1 0
52 36 33 3 0
35 34 34 1 0
4 10 35 0 1
4 6 34 0 1
52 69 34 1 0
35 69 35 1 0
4 10 36 0 1
4 6 32 0 1
35 70 32 1 0
4 10 33 0 1
4 15 32 0 1
8 46 32 1 0
27 46 33 1 0
9 46 34 1 0
22 46 35 1 0
23 46 36 1 0
21 46 37 1 0
36 46 38 1 0
26 46 39 1 0
7 46 40 1 0
25 46 41 1 0
57 46 42 1 0
59 46 43 1 0
5 46 44 1 0
48 46 45 1 0
72 46 46 1 0
73 46 47 1 0
54 46 48 1 0
55 46 49 1 0
56 46 50 6 0
66 45 51 1 0
52 45 52 1 0
35 45 53 1 0
4 10 54 0 1
4 6 51 0 1
35 51 51 1 0
4 10 52 0 1
4 15 51 0 1
8 53 51 1 0
27 53 52 1 0
9 53 53 1 0
22 53 54 1 0
23 53 55 1 0
21 53 56 1 0
36 53 57 1 0
26 53 58 1 0
7 53 59 1 0
25 53 60 1 0
57 53 61 1 0
59 53 62 1 0
5 53 63 1 0
48 53 64 1 0
72 53 65 1 0
73 53 66 1 0
54 53 67 1 0
28 53 68 1 0
35 53 69 1 0
4 10 70 0 1
4 20 51 0 1
4 20 32 0 1
4 21 30 0 1
4 18 24 0 1
12 42 15 1 0
3 42 16 1 0
60 42 17 1 0
63 42 18 1 0
29 42 19 2 0
61 41 20 1 0
46 41 21 5 0
66 36 22 1 0
52 36 23 3 0
35 34 24 1 0
4 10 25 0 1
4 6 24 0 1
52 69 24 1 0
35 69 25 1 0
4 10 26 0 1
4 6 22 0 1
35 71 22 1 0
4 10 23 0 1
4 15 22 0 1
4 20 22 0 1
4 21 20 0 1
4 18 14 0 1
4 18 8 0 1
