1 0 1 0
21 1 1 0
51 2 1 0
62 3 1 0
0 4 1 0
17 5 1 0
49 6 4 0
19 7 1 0
4 8 0 1
4 7 0 1
63 7 1 0
4 8 0 1
15 7 4 0
4 8 0 1
16 8 1 0
18 9 1 0
2 10 1 0
42 11 4 0
46 12 1 0
4 13 0 1
46 12 1 0
4 13 0 1
44 12 2 0
57 13 1 0
4 14 0 1
43 13 4 0
33 14 1 0
4 15 0 1
4 14 0 1
32 14 1 0
31 15 2 0
69 16 1 0
68 17 1 0
65 18 2 0
66 19 1 0
63 20 1 0
4 21 0 1
25 19 2 0
4 20 0 1
4 20 0 1
75 16 1 0
33 17 1 0
4 18 0 1
4 14 0 1
41 12 1 0
12 13 3 0
4 14 0 1
14 14 4 0
13 15 1 0
3 16 1 0
59 17 1 0
61 18 1 0
30 19 2 0
60 20 1 0
45 21 6 0
64 22 1 0
52 23 3 0
33 24 1 0
4 25 0 1
4 24 0 1
52 24 1 0
33 25 1 0
4 26 0 1
4 22 0 1
33 22 1 0
4 23 0 1
4 22 0 1
8 22 1 0
28 23 1 0
10 24 1 0
23 25 1 0
24 26 1 0
22 27 1 0
34 28 1 0
27 29 1 0
7 30 1 0
26 31 1 0
56 32 1 0
58 33 1 0
5 34 1 0
48 35 1 0
70 36 1 0
71 37 1 0
53 38 1 0
54 39 1 0
55 40 1 0
37 41 1 0
4 42 0 1
4 22 0 1
4 20 0 1
13 15 1 0
39 16 2 0
38 17 2 0
40 18 1 0
69 19 1 0
68 20 1 0
66 21 1 0
63 22 1 0
4 23 0 1
76 18 1 0
74 19 3 0
75 20 1 0
33 21 1 0
4 22 0 1
4 20 0 1
77 20 1 0
28 21 1 0
10 22 1 0
23 23 1 0
24 24 1 0
22 25 1 0
34 26 1 0
27 27 1 0
7 28 1 0
26 29 1 0
56 30 1 0
58 31 1 0
5 32 1 0
48 33 1 0
70 34 1 0
71 35 1 0
53 36 1 0
54 37 1 0
55 38 1 0
72 39 5 0
4 40 0 1
20 40 1 0
33 41 1 0
4 42 0 1
4 40 0 1
8 40 1 0
28 41 1 0
10 42 1 0
23 43 1 0
24 44 1 0
22 45 1 0
34 46 1 0
27 47 1 0
7 48 1 0
26 49 1 0
56 50 1 0
58 51 1 0
5 52 1 0
48 53 1 0
70 54 1 0
71 55 1 0
53 56 1 0
29 57 3 0
6 58 1 0
33 59 1 0
4 60 0 1
4 58 0 1
33 58 1 0
4 59 0 1
4 40 0 1
4 17 0 1
13 15 1 0
39 16 2 0
38 17 2 0
40 18 1 0
69 19 1 0
67 20 1 0
50 21 1 0
35 22 1 0
4 23 0 1
76 18 1 0
74 19 3 0
75 20 1 0
33 21 1 0
4 22 0 1
4 20 0 1
77 20 1 0
28 21 1 0
10 22 1 0
23 23 1 0
24 24 1 0
22 25 1 0
34 26 1 0
27 27 1 0
7 28 1 0
26 29 1 0
56 30 1 0
58 31 1 0
5 32 1 0
48 33 1 0
70 34 1 0
71 35 1 0
53 36 1 0
54 37 1 0
55 38 5 0
64 39 1 0
52 40 1 0
33 41 1 0
4 42 0 1
4 39 0 1
33 39 1 0
4 40 0 1
4 39 0 1
4 39 0 1
4 17 0 1
13 15 1 0
3 16 1 0
59 17 1 0
61 18 1 0
30 19 2 0
60 20 1 0
45 21 4 0
47 22 1 0
73 23 1 0
4 24 0 1
4 22 0 1
8 22 1 0
28 23 1 0
10 24 1 0
23 25 1 0
24 26 1 0
22 27 1 0
34 28 1 0
27 29 1 0
7 30 1 0
26 31 1 0
56 32 1 0
58 33 1 0
5 34 1 0
48 35 1 0
70 36 1 0
71 37 1 0
53 38 1 0
29 39 1 0
33 40 1 0
4 41 0 1
4 22 0 1
4 20 0 1
4 14 0 1
16 8 1 0
18 9 1 0
2 10 1 0
42 11 4 0
46 12 1 0
4 13 0 1
46 12 1 0
4 13 0 1
44 12 2 0
57 13 1 0
4 14 0 1
43 13 4 0
33 14 1 0
4 15 0 1
4 14 0 1
32 14 1 0
31 15 2 0
69 16 1 0
67 17 1 0
50 18 1 0
35 19 1 0
4 20 0 1
75 16 1 0
33 17 1 0
4 18 0 1
4 14 0 1
41 12 1 0
12 13 3 0
4 14 0 1
14 14 2 0
13 15 1 0
3 16 1 0
59 17 1 0
78 18 5 0
4 19 0 1
4 19 0 1
28 19 1 0
10 20 1 0
23 21 1 0
24 22 1 0
22 23 1 0
34 24 1 0
27 25 1 0
7 26 1 0
26 27 3 0
26 28 1 0
56 29 1 0
58 30 1 0
5 31 1 0
48 32 1 0
70 33 1 0
71 34 1 0
53 35 1 0
29 36 1 0
33 37 1 0
4 38 0 1
4 28 0 1
56 28 1 0
58 29 1 0
5 30 1 0
48 31 1 0
70 32 1 0
71 33 1 0
53 34 1 0
54 35 1 0
55 36 1 0
37 37 1 0
4 38 0 1
4 19 0 1
3 19 1 0
59 20 1 0
61 21 1 0
12 22 3 0
4 23 0 1
14 23 3 0
13 24 1 0
39 25 2 0
38 26 2 0
40 27 1 0
69 28 1 0
67 29 1 0
50 30 1 0
35 31 1 0
4 32 0 1
76 27 1 0
74 28 3 0
75 29 1 0
33 30 1 0
4 31 0 1
4 29 0 1
77 29 1 0
28 30 1 0
10 31 1 0
23 32 1 0
24 33 1 0
22 34 1 0
34 35 1 0
27 36 1 0
7 37 1 0
26 38 1 0
56 39 1 0
58 40 1 0
5 41 1 0
48 42 3 0
48 43 1 0
70 44 1 0
71 45 1 0
53 46 1 0
29 47 1 0
33 48 1 0
4 49 0 1
4 43 0 1
70 43 1 0
71 44 1 0
53 45 1 0
54 46 1 0
55 47 1 0
37 48 1 0
4 49 0 1
4 26 0 1
13 24 1 0
3 25 1 0
59 26 1 0
61 27 1 0
30 28 2 0
60 29 1 0
45 30 6 0
64 31 1 0
52 32 3 0
33 33 1 0
4 34 0 1
4 33 0 1
52 33 1 0
33 34 1 0
4 35 0 1
4 31 0 1
33 31 1 0
4 32 0 1
4 31 0 1
8 31 1 0
28 32 1 0
10 33 1 0
23 34 1 0
24 35 1 0
22 36 1 0
34 37 1 0
27 38 1 0
7 39 1 0
26 40 1 0
56 41 1 0
58 42 1 0
5 43 1 0
48 44 1 0
70 45 1 0
71 46 1 0
53 47 1 0
29 48 1 0
33 49 1 0
4 50 0 1
4 31 0 1
4 29 0 1
13 24 1 0
3 25 1 0
59 26 1 0
61 27 1 0
30 28 2 0
60 29 1 0
9 30 3 0
36 31 1 0
29 32 1 0
33 33 1 0
4 34 0 1
11 31 1 0
4 32 0 1
28 31 1 0
10 32 1 0
23 33 1 0
24 34 1 0
22 35 1 0
34 36 1 0
27 37 1 0
7 38 1 0
26 39 1 0
56 40 1 0
58 41 1 0
5 42 1 0
48 43 3 0
48 44 1 0
70 45 1 0
71 46 1 0
53 47 1 0
29 48 1 0
33 49 1 0
4 50 0 1
4 44 0 1
70 44 1 0
71 45 1 0
53 46 1 0
54 47 1 0
55 48 1 0
37 49 1 0
4 50 0 1
4 29 0 1
4 23 0 1
13 15 1 0
3 16 1 0
59 17 1 0
61 18 1 0
30 19 2 0
60 20 1 0
45 21 5 0
64 22 1 0
52 23 3 0
33 24 1 0
4 25 0 1
4 24 0 1
52 24 1 0
33 25 1 0
4 26 0 1
4 22 0 1
33 22 1 0
4 23 0 1
4 22 0 1
4 22 0 1
4 20 0 1
4 14 0 1
4 8 0 1
