1 0 1 0
21 1 1 0
51 2 1 0
62 3 1 0
0 4 1 0
17 5 1 0
49 6 4 0
19 7 1 0
4 8 0 1
4 7 0 1
63 7 1 0
4 8 0 1
15 7 3 0
4 8 0 1
16 8 1 0
18 9 1 0
2 10 1 0
43 11 4 0
47 12 1 0
4 13 0 1
47 12 1 0
4 13 0 1
45 12 2 0
57 13 1 0
4 14 0 1
44 13 4 0
33 14 1 0
4 15 0 1
4 14 0 1
32 14 1 0
31 15 2 0
69 16 1 0
68 17 1 0
65 18 2 0
66 19 1 0
63 20 1 0
4 21 0 1
25 19 2 0
4 20 0 1
4 20 0 1
74 16 1 0
33 17 1 0
4 18 0 1
4 14 0 1
42 12 1 0
12 13 3 0
4 14 0 1
14 14 6 0
13 15 1 0
40 16 2 0
39 17 2 0
41 18 1 0
69 19 1 0
67 20 1 0
50 21 1 0
36 22 1 0
4 23 0 1
75 18 3 0
73 19 1 0
74 20 1 0
33 21 1 0
4 22 0 1
4 19 0 1
73 19 3 0
74 20 1 0
33 21 1 0
4 22 0 1
4 20 0 1
76 20 1 0
28 21 1 0
10 22 1 0
23 23 1 0
24 24 1 0
22 25 1 0
35 26 1 0
27 27 1 0
7 28 1 0
26 29 1 0
56 30 1 0
58 31 1 0
5 32 1 0
48 33 1 0
70 34 1 0
71 35 1 0
53 36 1 0
54 37 1 0
55 38 1 0
38 39 1 0
4 40 0 1
4 17 0 1
13 15 1 0
3 16 1 0
59 17 1 0
61 18 1 0
30 19 2 0
60 20 1 0
46 21 6 0
64 22 1 0
52 23 3 0
33 24 1 0
4 25 0 1
4 24 0 1
52 24 1 0
33 25 1 0
4 26 0 1
4 22 0 1
33 22 1 0
4 23 0 1
4 22 0 1
8 22 1 0
28 23 1 0
10 24 1 0
23 25 1 0
24 26 1 0
22 27 1 0
35 28 1 0
27 29 1 0
7 30 1 0
26 31 1 0
56 32 1 0
58 33 1 0
5 34 1 0
48 35 1 0
70 36 1 0
71 37 1 0
53 38 1 0
54 39 1 0
55 40 1 0
38 41 1 0
4 42 0 1
4 22 0 1
4 20 0 1
13 15 1 0
40 16 2 0
39 17 2 0
41 18 1 0
69 19 1 0
68 20 1 0
66 21 3 0
52 22 3 0
33 23 1 0
4 24 0 1
4 23 0 1
52 23 1 0
33 24 1 0
4 25 0 1
4 22 0 1
63 22 1 0
4 23 0 1
75 18 1 0
73 19 3 0
74 20 1 0
33 21 1 0
4 22 0 1
4 20 0 1
76 20 1 0
28 21 1 0
10 22 1 0
23 23 1 0
24 24 1 0
22 25 1 0
35 26 1 0
27 27 1 0
7 28 1 0
26 29 1 0
56 30 1 0
58 31 1 0
5 32 1 0
48 33 1 0
70 34 1 0
71 35 1 0
53 36 1 0
54 37 1 0
55 38 1 0
72 39 5 0
4 40 0 1
20 40 5 0
33 41 1 0
4 42 0 1
4 41 0 1
33 41 1 0
4 42 0 1
4 41 0 1
33 41 1 0
4 42 0 1
4 40 0 1
8 40 1 0
28 41 1 0
10 42 1 0
23 43 1 0
24 44 1 0
22 45 1 0
35 46 1 0
27 47 1 0
7 48 1 0
26 49 1 0
56 50 1 0
58 51 1 0
5 52 1 0
48 53 1 0
70 54 1 0
71 55 1 0
53 56 1 0
29 57 3 0
6 58 1 0
33 59 1 0
4 60 0 1
4 58 0 1
33 58 1 0
4 59 0 1
4 40 0 1
4 17 0 1
13 15 1 0
3 16 1 0
59 17 1 0
61 18 1 0
30 19 2 0
60 20 1 0
9 21 3 0
37 22 1 0
29 23 1 0
33 24 1 0
4 25 0 1
11 22 1 0
4 23 0 1
28 22 1 0
10 23 1 0
23 24 1 0
24 25 1 0
22 26 1 0
35 27 1 0
27 28 1 0
7 29 1 0
26 30 1 0
56 31 1 0
58 32 1 0
5 33 1 0
48 34 1 0
70 35 1 0
71 36 1 0
53 37 1 0
54 38 1 0
55 39 5 0
64 40 1 0
52 41 1 0
33 42 1 0
4 43 0 1
4 40 0 1
33 40 1 0
4 41 0 1
4 40 0 1
4 40 0 1
4 20 0 1
13 15 1 0
3 16 1 0
59 17 1 0
77 18 5 0
4 19 0 1
4 19 0 1
28 19 1 0
10 20 1 0
23 21 1 0
24 22 1 0
22 23 1 0
35 24 1 0
27 25 1 0
7 26 1 0
26 27 3 0
26 28 1 0
56 29 1 0
58 30 1 0
5 31 1 0
48 32 1 0
70 33 1 0
71 34 1 0
53 35 1 0
29 36 1 0
33 37 1 0
4 38 0 1
4 28 0 1
56 28 1 0
58 29 1 0
5 30 1 0
48 31 1 0
70 32 1 0
71 33 1 0
53 34 1 0
54 35 1 0
55 36 1 0
38 37 1 0
4 38 0 1
4 19 0 1
3 19 1 0
59 20 1 0
61 21 1 0
12 22 3 0
4 23 0 1
14 23 1 0
13 24 1 0
3 25 1 0
59 26 1 0
34 27 5 0
4 28 0 1
4 28 0 1
28 28 1 0
10 29 1 0
23 30 1 0
24 31 1 0
22 32 1 0
35 33 1 0
27 34 1 0
7 35 1 0
26 36 3 0
26 37 1 0
56 38 1 0
58 39 1 0
5 40 1 0
48 41 1 0
70 42 1 0
71 43 1 0
53 44 1 0
29 45 1 0
33 46 1 0
4 47 0 1
4 37 0 1
56 37 1 0
58 38 1 0
5 39 1 0
48 40 1 0
70 41 1 0
71 42 1 0
53 43 1 0
54 44 1 0
55 45 1 0
38 46 1 0
4 47 0 1
4 28 0 1
3 28 1 0
59 29 1 0
61 30 1 0
12 31 3 0
4 32 0 1
14 32 3 0
13 33 1 0
3 34 1 0
59 35 1 0
61 36 1 0
30 37 2 0
60 38 1 0
9 39 3 0
37 40 1 0
29 41 1 0
33 42 1 0
4 43 0 1
11 40 1 0
4 41 0 1
28 40 1 0
10 41 1 0
23 42 1 0
24 43 1 0
22 44 1 0
35 45 1 0
27 46 1 0
7 47 1 0
26 48 1 0
56 49 1 0
58 50 1 0
5 51 1 0
48 52 3 0
48 53 1 0
70 54 1 0
71 55 1 0
53 56 1 0
29 57 1 0
33 58 1 0
4 59 0 1
4 53 0 1
70 53 1 0
71 54 1 0
53 55 1 0
54 56 1 0
55 57 1 0
38 58 1 0
4 59 0 1
4 38 0 1
13 33 1 0
3 34 1 0
59 35 1 0
61 36 1 0
30 37 2 0
60 38 1 0
46 39 6 0
64 40 1 0
52 41 3 0
33 42 1 0
4 43 0 1
4 42 0 1
52 42 1 0
33 43 1 0
4 44 0 1
4 40 0 1
33 40 1 0
4 41 0 1
4 40 0 1
8 40 1 0
28 41 1 0
10 42 1 0
23 43 1 0
24 44 1 0
22 45 1 0
35 46 1 0
27 47 1 0
7 48 1 0
26 49 1 0
56 50 1 0
58 51 1 0
5 52 1 0
48 53 1 0
70 54 1 0
71 55 1 0
53 56 1 0
29 57 1 0
33 58 1 0
4 59 0 1
4 40 0 1
4 38 0 1
13 33 1 0
3 34 1 0
59 35 1 0
61 36 1 0
30 37 2 0
60 38 1 0
9 39 3 0
37 40 1 0
29 41 1 0
33 42 1 0
4 43 0 1
11 40 1 0
4 41 0 1
28 40 1 0
10 41 1 0
23 42 1 0
24 43 1 0
22 44 1 0
35 45 1 0
27 46 1 0
7 47 1 0
26 48 1 0
56 49 1 0
58 50 1 0
5 51 1 0
48 52 3 0
48 53 1 0
70 54 1 0
71 55 1 0
53 56 1 0
29 57 1 0
33 58 1 0
4 59 0 1
4 53 0 1
70 53 1 0
71 54 1 0
53 55 1 0
54 56 1 0
55 57 1 0
38 58 1 0
4 59 0 1
4 38 0 1
4 32 0 1
4 23 0 1
13 15 1 0
3 16 1 0
59 17 1 0
61 18 1 0
30 19 2 0
60 20 1 0
46 21 5 0
64 22 1 0
52 23 3 0
33 24 1 0
4 25 0 1
4 24 0 1
52 24 1 0
33 25 1 0
4 26 0 1
4 22 0 1
33 22 1 0
4 23 0 1
4 22 0 1
4 22 0 1
4 20 0 1
4 14 0 1
4 8 0 1
