1 98 0 1 0
21 80 1 1 0
51 80 2 1 0
62 80 3 1 0
0 98 4 1 0
17 80 5 1 0
49 80 6 4 0
19 79 7 1 0
4 18 8 0 1
4 5 7 0 1
63 11 7 1 0
4 9 8 0 1
15 96 7 4 0
4 12 8 0 1
16 82 8 1 0
18 82 9 1 0
2 98 10 1 0
42 82 11 4 0
46 79 12 1 0
4 18 13 0 1
46 88 12 1 0
4 23 13 0 1
44 92 12 2 0
57 90 13 1 0
4 38 14 0 1
43 64 13 4 0
33 63 14 1 0
4 9 15 0 1
4 14 14 0 1
32 28 14 1 0
31 28 15 2 0
69 27 16 1 0
68 27 17 1 0
65 27 18 2 0
66 25 19 1 0
63 25 20 1 0
4 9 21 0 1
25 40 19 2 0
4 13 20 0 1
4 20 20 0 1
75 41 16 1 0
33 41 17 1 0
4 9 18 0 1
4 21 14 0 1
41 94 12 1 0
12 94 13 3 0
4 12 14 0 1
14 54 14 5 0
13 53 15 1 0
39 53 16 2 0
38 52 17 2 0
40 50 18 1 0
69 50 19 1 0
67 50 20 1 0
50 50 21 1 0
35 50 22 1 0
4 8 23 0 1
76 71 18 1 0
74 71 19 3 0
75 67 20 1 0
33 67 21 1 0
4 9 22 0 1
4 4 20 0 1
77 1 20 1 0
28 1 21 1 0
10 1 22 1 0
23 1 23 1 0
24 1 24 1 0
22 1 25 1 0
34 1 26 1 0
27 1 27 1 0
7 1 28 1 0
26 1 29 1 0
56 1 30 1 0
58 1 31 1 0
5 1 32 1 0
48 1 33 1 0
70 1 34 1 0
71 1 35 1 0
53 1 36 1 0
54 1 37 1 0
55 1 38 1 0
37 1 39 1 0
4 10 40 0 1
4 22 17 0 1
13 33 15 1 0
3 33 16 1 0
59 33 17 1 0
61 33 18 1 0
30 33 19 2 0
60 32 20 1 0
45 32 21 6 0
64 31 22 1 0
52 31 23 3 0
33 29 24 1 0
4 9 25 0 1
4 7 24 0 1
52 76 24 1 0
33 76 25 1 0
4 9 26 0 1
4 7 22 0 1
33 77 22 1 0
4 9 23 0 1
4 14 22 0 1
8 0 22 1 0
28 0 23 1 0
10 0 24 1 0
23 0 25 1 0
24 0 26 1 0
22 0 27 1 0
34 0 28 1 0
27 0 29 1 0
7 0 30 1 0
26 0 31 1 0
56 0 32 1 0
58 0 33 1 0
5 0 34 1 0
48 0 35 1 0
70 0 36 1 0
71 0 37 1 0
53 0 38 1 0
54 0 39 1 0
55 0 40 1 0
37 0 41 1 0
4 26 42 0 1
4 21 22 0 1
4 22 20 0 1
13 62 15 1 0
39 62 16 2 0
38 61 17 2 0
40 60 18 1 0
69 60 19 1 0
68 60 20 1 0
66 60 21 3 0
52 59 22 3 0
33 58 23 1 0
4 9 24 0 1
4 7 23 0 1
52 89 23 1 0
33 89 24 1 0
4 9 25 0 1
4 7 22 0 1
63 24 22 1 0
4 9 23 0 1
76 49 18 1 0
74 49 19 3 0
75 47 20 1 0
33 47 21 1 0
4 9 22 0 1
4 4 20 0 1
77 65 20 1 0
28 65 21 1 0
10 65 22 1 0
23 65 23 1 0
24 65 24 1 0
22 65 25 1 0
34 65 26 1 0
27 65 27 1 0
7 65 28 1 0
26 65 29 1 0
56 65 30 1 0
58 65 31 1 0
5 65 32 1 0
48 65 33 1 0
70 65 34 1 0
71 65 35 1 0
53 65 36 1 0
54 65 37 1 0
55 65 38 1 0
72 65 39 5 0
4 16 40 0 1
20 60 40 5 0
33 58 41 1 0
4 9 42 0 1
4 7 41 0 1
33 89 41 1 0
4 9 42 0 1
4 7 41 0 1
33 24 41 1 0
4 9 42 0 1
4 14 40 0 1
8 30 40 1 0
28 30 41 1 0
10 30 42 1 0
23 30 43 1 0
24 30 44 1 0
22 30 45 1 0
34 30 46 1 0
27 30 47 1 0
7 30 48 1 0
26 30 49 1 0
56 30 50 1 0
58 30 51 1 0
5 30 52 1 0
48 30 53 1 0
70 30 54 1 0
71 30 55 1 0
53 30 56 1 0
29 30 57 3 0
6 29 58 1 0
33 29 59 1 0
4 9 60 0 1
4 7 58 0 1
33 46 58 1 0
4 9 59 0 1
4 21 40 0 1
4 22 17 0 1
13 73 15 1 0
3 73 16 1 0
59 73 17 1 0
61 73 18 1 0
30 73 19 2 0
60 72 20 1 0
9 72 21 3 0
36 67 22 1 0
29 67 23 1 0
33 67 24 1 0
4 9 25 0 1
11 3 22 1 0
4 4 23 0 1
28 48 22 1 0
10 48 23 1 0
23 48 24 1 0
24 48 25 1 0
22 48 26 1 0
34 48 27 1 0
27 48 28 1 0
7 48 29 1 0
26 48 30 1 0
56 48 31 1 0
58 48 32 1 0
5 48 33 1 0
48 48 34 1 0
70 48 35 1 0
71 48 36 1 0
53 48 37 1 0
54 48 38 1 0
55 48 39 5 0
64 47 40 1 0
52 47 41 1 0
33 47 42 1 0
4 9 43 0 1
4 7 40 0 1
33 66 40 1 0
4 9 41 0 1
4 14 40 0 1
4 21 40 0 1
4 22 20 0 1
13 45 15 1 0
3 45 16 1 0
59 45 17 1 0
61 45 18 1 0
30 45 19 2 0
60 44 20 1 0
45 44 21 4 0
47 42 22 1 0
73 42 23 1 0
4 9 24 0 1
4 14 22 0 1
8 67 22 1 0
28 67 23 1 0
10 67 24 1 0
23 67 25 1 0
24 67 26 1 0
22 67 27 1 0
34 67 28 1 0
27 67 29 1 0
7 67 30 1 0
26 67 31 1 0
56 67 32 1 0
58 67 33 1 0
5 67 34 1 0
48 67 35 1 0
70 67 36 1 0
71 67 37 1 0
53 67 38 1 0
29 67 39 1 0
33 67 40 1 0
4 9 41 0 1
4 21 22 0 1
4 22 20 0 1
4 19 14 0 1
16 81 8 1 0
18 81 9 1 0
2 98 10 1 0
42 81 11 4 0
46 79 12 1 0
4 18 13 0 1
46 88 12 1 0
4 23 13 0 1
44 91 12 2 0
57 90 13 1 0
4 38 14 0 1
43 43 13 4 0
33 42 14 1 0
4 9 15 0 1
4 14 14 0 1
32 51 14 1 0
31 51 15 2 0
69 50 16 1 0
67 50 17 1 0
50 50 18 1 0
35 50 19 1 0
4 8 20 0 1
75 67 16 1 0
33 67 17 1 0
4 9 18 0 1
4 21 14 0 1
41 95 12 1 0
12 95 13 3 0
4 12 14 0 1
14 57 14 3 0
13 56 15 1 0
39 56 16 2 0
38 55 17 2 0
40 50 18 1 0
69 50 19 1 0
67 50 20 1 0
50 50 21 1 0
35 50 22 1 0
4 8 23 0 1
76 84 18 1 0
74 84 19 3 0
75 83 20 1 0
33 83 21 1 0
4 9 22 0 1
4 4 20 0 1
77 1 20 1 0
28 1 21 1 0
10 1 22 1 0
23 1 23 1 0
24 1 24 1 0
22 1 25 1 0
34 1 26 1 0
27 1 27 1 0
7 1 28 1 0
26 1 29 1 0
56 1 30 1 0
58 1 31 1 0
5 1 32 1 0
48 1 33 1 0
70 1 34 1 0
71 1 35 1 0
53 1 36 1 0
54 1 37 1 0
55 1 38 1 0
37 1 39 1 0
4 10 40 0 1
4 22 17 0 1
13 93 15 1 0
3 93 16 1 0
59 93 17 1 0
78 93 18 5 0
4 39 19 0 1
4 14 19 0 1
28 68 19 1 0
10 68 20 1 0
23 68 21 1 0
24 68 22 1 0
22 68 23 1 0
34 68 24 1 0
27 68 25 1 0
7 68 26 1 0
26 68 27 3 0
26 67 28 1 0
56 67 29 1 0
58 67 30 1 0
5 67 31 1 0
48 67 32 1 0
70 67 33 1 0
71 67 34 1 0
53 67 35 1 0
29 67 36 1 0
33 67 37 1 0
4 9 38 0 1
4 17 28 0 1
56 1 28 1 0
58 1 29 1 0
5 1 30 1 0
48 1 31 1 0
70 1 32 1 0
71 1 33 1 0
53 1 34 1 0
54 1 35 1 0
55 1 36 1 0
37 1 37 1 0
4 10 38 0 1
4 21 19 0 1
3 97 19 1 0
59 97 20 1 0
61 97 21 1 0
12 97 22 3 0
4 12 23 0 1
14 87 23 3 0
13 86 24 1 0
3 86 25 1 0
59 86 26 1 0
61 86 27 1 0
30 86 28 2 0
60 85 29 1 0
9 85 30 3 0
36 83 31 1 0
29 83 32 1 0
33 83 33 1 0
4 9 34 0 1
11 3 31 1 0
4 4 32 0 1
28 69 31 1 0
10 69 32 1 0
23 69 33 1 0
24 69 34 1 0
22 69 35 1 0
34 69 36 1 0
27 69 37 1 0
7 69 38 1 0
26 69 39 1 0
56 69 40 1 0
58 69 41 1 0
5 69 42 1 0
48 69 43 3 0
48 67 44 1 0
70 67 45 1 0
71 67 46 1 0
53 67 47 1 0
29 67 48 1 0
33 67 49 1 0
4 9 50 0 1
4 15 44 0 1
70 2 44 1 0
71 2 45 1 0
53 2 46 1 0
54 2 47 1 0
55 2 48 1 0
37 2 49 1 0
4 10 50 0 1
4 22 29 0 1
13 35 24 1 0
3 35 25 1 0
59 35 26 1 0
61 35 27 1 0
30 35 28 2 0
60 34 29 1 0
45 34 30 6 0
64 31 31 1 0
52 31 32 3 0
33 29 33 1 0
4 9 34 0 1
4 7 33 0 1
52 76 33 1 0
33 76 34 1 0
4 9 35 0 1
4 7 31 0 1
33 77 31 1 0
4 9 32 0 1
4 14 31 0 1
8 83 31 1 0
28 83 32 1 0
10 83 33 1 0
23 83 34 1 0
24 83 35 1 0
22 83 36 1 0
34 83 37 1 0
27 83 38 1 0
7 83 39 1 0
26 83 40 1 0
56 83 41 1 0
58 83 42 1 0
5 83 43 1 0
48 83 44 1 0
70 83 45 1 0
71 83 46 1 0
53 83 47 1 0
29 83 48 1 0
33 83 49 1 0
4 9 50 0 1
4 21 31 0 1
4 22 29 0 1
13 75 24 1 0
3 75 25 1 0
59 75 26 1 0
61 75 27 1 0
30 75 28 2 0
60 74 29 1 0
9 74 30 3 0
36 67 31 1 0
29 67 32 1 0
33 67 33 1 0
4 9 34 0 1
11 3 31 1 0
4 4 32 0 1
28 70 31 1 0
10 70 32 1 0
23 70 33 1 0
24 70 34 1 0
22 70 35 1 0
34 70 36 1 0
27 70 37 1 0
7 70 38 1 0
26 70 39 1 0
56 70 40 1 0
58 70 41 1 0
5 70 42 1 0
48 70 43 3 0
48 67 44 1 0
70 67 45 1 0
71 67 46 1 0
53 67 47 1 0
29 67 48 1 0
33 67 49 1 0
4 9 50 0 1
4 6 44 0 1
70 2 44 1 0
71 2 45 1 0
53 2 46 1 0
54 2 47 1 0
55 2 48 1 0
37 2 49 1 0
4 10 50 0 1
4 22 29 0 1
4 19 23 0 1
13 37 15 1 0
3 37 16 1 0
59 37 17 1 0
61 37 18 1 0
30 37 19 2 0
60 36 20 1 0
45 36 21 5 0
64 31 22 1 0
52 31 23 3 0
33 29 24 1 0
4 9 25 0 1
4 7 24 0 1
52 76 24 1 0
33 76 25 1 0
4 9 26 0 1
4 7 22 0 1
33 78 22 1 0
4 9 23 0 1
4 14 22 0 1
4 21 22 0 1
4 22 20 0 1
4 19 14 0 1
4 19 8 0 1
