1 86 0 1 0
22 75 1 1 0
54 75 2 1 0
66 75 3 1 0
0 86 4 1 0
18 75 5 1 0
52 75 6 4 0
20 74 7 1 0
4 19 8 0 1
4 5 7 0 1
67 17 7 1 0
4 11 8 0 1
16 85 7 3 0
4 13 8 0 1
17 76 8 1 0
19 76 9 1 0
2 86 10 1 0
46 76 11 4 0
50 74 12 1 0
4 19 13 0 1
50 79 12 1 0
4 24 13 0 1
48 82 12 2 0
60 81 13 1 0
4 39 14 0 1
47 68 13 4 0
37 67 14 1 0
4 11 15 0 1
4 15 14 0 1
36 29 14 1 0
35 29 15 2 0
73 28 16 1 0
72 28 17 1 0
69 28 18 2 0
70 26 19 1 0
67 26 20 1 0
4 11 21 0 1
26 40 19 2 0
4 14 20 0 1
4 21 20 0 1
78 49 16 1 0
37 49 17 1 0
4 11 18 0 1
4 22 14 0 1
45 83 12 1 0
13 83 13 3 0
4 13 14 0 1
15 58 14 6 0
14 57 15 1 0
43 57 16 2 0
42 56 17 2 0
44 55 18 1 0
73 55 19 1 0
71 55 20 1 0
53 55 21 1 0
39 55 22 1 0
4 10 23 0 1
79 41 18 1 0
77 41 19 1 0
78 41 20 1 0
37 41 21 1 0
4 11 22 0 1
4 23 17 0 1
14 34 15 1 0
3 34 16 1 0
62 34 17 1 0
65 34 18 1 0
31 34 19 2 0
63 33 20 1 0
49 33 21 6 0
68 32 22 1 0
55 32 23 3 0
37 30 24 1 0
4 11 25 0 1
4 7 24 0 1
55 71 24 1 0
37 71 25 1 0
4 11 26 0 1
4 7 22 0 1
37 72 22 1 0
4 11 23 0 1
4 15 22 0 1
8 0 22 1 0
29 0 23 1 0
10 0 24 1 0
24 0 25 1 0
25 0 26 1 0
23 0 27 1 0
38 0 28 1 0
28 0 29 1 0
7 0 30 1 0
27 0 31 1 0
59 0 32 1 0
61 0 33 1 0
5 0 34 1 0
51 0 35 1 0
74 0 36 1 0
75 0 37 1 0
56 0 38 1 0
57 0 39 1 0
58 0 40 1 0
41 0 41 1 0
4 27 42 0 1
4 22 22 0 1
4 23 20 0 1
14 66 15 1 0
43 66 16 2 0
42 65 17 2 0
44 64 18 1 0
73 64 19 1 0
72 64 20 1 0
70 64 21 3 0
55 63 22 3 0
37 62 23 1 0
4 11 24 0 1
4 7 23 0 1
55 80 23 1 0
37 80 24 1 0
4 11 25 0 1
4 7 22 0 1
67 25 22 1 0
4 11 23 0 1
79 54 18 1 0
77 54 19 3 0
78 52 20 1 0
37 52 21 1 0
4 11 22 0 1
4 4 20 0 1
80 69 20 1 0
29 69 21 1 0
10 69 22 1 0
24 69 23 1 0
25 69 24 1 0
23 69 25 1 0
38 69 26 1 0
28 69 27 1 0
7 69 28 1 0
27 69 29 1 0
59 69 30 1 0
61 69 31 1 0
5 69 32 1 0
51 69 33 1 0
74 69 34 1 0
75 69 35 1 0
56 69 36 1 0
57 69 37 1 0
58 69 38 1 0
76 69 39 5 0
4 18 40 0 1
21 64 40 5 0
37 62 41 1 0
4 11 42 0 1
4 7 41 0 1
37 80 41 1 0
4 11 42 0 1
4 7 41 0 1
37 25 41 1 0
4 11 42 0 1
4 15 40 0 1
8 31 40 1 0
29 31 41 1 0
10 31 42 1 0
24 31 43 1 0
25 31 44 1 0
23 31 45 1 0
38 31 46 1 0
28 31 47 1 0
7 31 48 1 0
27 31 49 1 0
59 31 50 1 0
61 31 51 1 0
5 31 52 1 0
51 31 53 1 0
74 31 54 1 0
75 31 55 1 0
56 31 56 1 0
30 31 57 3 0
6 30 58 1 0
37 30 59 1 0
4 11 60 0 1
4 7 58 0 1
37 51 58 1 0
4 11 59 0 1
4 22 40 0 1
4 23 17 0 1
14 47 15 1 0
3 47 16 1 0
62 47 17 1 0
65 47 18 1 0
31 47 19 2 0
63 46 20 1 0
9 46 21 3 0
40 41 22 1 0
30 41 23 1 0
37 41 24 1 0
4 11 25 0 1
11 3 22 1 0
4 4 23 0 1
29 53 22 1 0
10 53 23 1 0
24 53 24 1 0
25 53 25 1 0
23 53 26 1 0
38 53 27 1 0
28 53 28 1 0
7 53 29 1 0
27 53 30 1 0
59 53 31 1 0
61 53 32 1 0
5 53 33 1 0
51 53 34 1 0
74 53 35 1 0
75 53 36 1 0
56 53 37 1 0
57 53 38 1 0
58 53 39 5 0
68 52 40 1 0
55 52 41 1 0
37 52 42 1 0
4 11 43 0 1
4 7 40 0 1
37 70 40 1 0
4 11 41 0 1
4 15 40 0 1
4 22 40 0 1
4 23 20 0 1
14 50 15 1 0
3 50 16 1 0
62 50 17 1 0
33 50 18 1 0
12 50 19 9 0
4 8 20 0 1
4 15 20 0 1
32 44 20 1 0
64 44 21 1 0
63 44 22 1 0
9 44 23 3 0
40 41 24 1 0
30 41 25 1 0
37 41 26 1 0
4 11 27 0 1
11 3 24 1 0
4 4 25 0 1
29 41 24 1 0
10 41 25 1 0
24 41 26 1 0
25 41 27 1 0
23 41 28 1 0
38 41 29 1 0
28 41 30 1 0
7 41 31 1 0
27 41 32 1 0
59 41 33 1 0
61 41 34 1 0
5 41 35 1 0
51 41 36 1 0
74 41 37 1 0
75 41 38 1 0
56 41 39 1 0
30 41 40 1 0
37 41 41 1 0
4 11 42 0 1
4 23 20 0 1
29 48 20 1 0
10 48 21 1 0
24 48 22 1 0
25 48 23 1 0
23 48 24 1 0
38 48 25 1 0
28 48 26 1 0
7 48 27 1 0
27 48 28 1 0
59 48 29 3 0
59 41 30 1 0
61 41 31 1 0
5 41 32 1 0
51 41 33 1 0
74 41 34 1 0
75 41 35 1 0
56 41 36 1 0
30 41 37 1 0
37 41 38 1 0
4 11 39 0 1
4 9 30 0 1
61 1 30 1 0
5 1 31 1 0
51 1 32 1 0
74 1 33 1 0
75 1 34 1 0
56 1 35 1 0
57 1 36 1 0
58 1 37 1 0
41 1 38 1 0
4 12 39 0 1
4 23 20 0 1
34 45 20 1 0
64 45 21 1 0
63 45 22 1 0
9 45 23 3 0
40 41 24 1 0
30 41 25 1 0
37 41 26 1 0
4 11 27 0 1
11 3 24 1 0
4 4 25 0 1
29 43 24 1 0
10 43 25 1 0
24 43 26 1 0
25 43 27 1 0
23 43 28 1 0
38 43 29 1 0
28 43 30 1 0
7 43 31 1 0
27 43 32 1 0
59 43 33 1 0
61 43 34 1 0
5 43 35 1 0
51 43 36 3 0
51 41 37 1 0
74 41 38 1 0
75 41 39 1 0
56 41 40 1 0
30 41 41 1 0
37 41 42 1 0
4 11 43 0 1
4 6 37 0 1
74 2 37 1 0
75 2 38 1 0
56 2 39 1 0
57 2 40 1 0
58 2 41 1 0
41 2 42 1 0
4 12 43 0 1
4 22 20 0 1
3 84 20 1 0
62 84 21 1 0
65 84 22 1 0
13 84 23 3 0
4 13 24 0 1
15 61 24 2 0
14 60 25 1 0
43 60 26 2 0
42 59 27 2 0
44 55 28 1 0
73 55 29 1 0
71 55 30 1 0
53 55 31 1 0
39 55 32 1 0
4 10 33 0 1
79 78 28 1 0
77 78 29 3 0
78 77 30 1 0
37 77 31 1 0
4 11 32 0 1
4 4 30 0 1
80 42 30 1 0
29 42 31 1 0
10 42 32 1 0
24 42 33 1 0
25 42 34 1 0
23 42 35 1 0
38 42 36 1 0
28 42 37 1 0
7 42 38 1 0
27 42 39 1 0
59 42 40 1 0
61 42 41 1 0
5 42 42 1 0
51 42 43 3 0
51 41 44 1 0
74 41 45 1 0
75 41 46 1 0
56 41 47 1 0
30 41 48 1 0
37 41 49 1 0
4 11 50 0 1
4 16 44 0 1
74 2 44 1 0
75 2 45 1 0
56 2 46 1 0
57 2 47 1 0
58 2 48 1 0
41 2 49 1 0
4 12 50 0 1
4 23 27 0 1
14 36 25 1 0
3 36 26 1 0
62 36 27 1 0
65 36 28 1 0
31 36 29 2 0
63 35 30 1 0
49 35 31 6 0
68 32 32 1 0
55 32 33 3 0
37 30 34 1 0
4 11 35 0 1
4 7 34 0 1
55 71 34 1 0
37 71 35 1 0
4 11 36 0 1
4 7 32 0 1
37 72 32 1 0
4 11 33 0 1
4 15 32 0 1
8 77 32 1 0
29 77 33 1 0
10 77 34 1 0
24 77 35 1 0
25 77 36 1 0
23 77 37 1 0
38 77 38 1 0
28 77 39 1 0
7 77 40 1 0
27 77 41 1 0
59 77 42 1 0
61 77 43 1 0
5 77 44 1 0
51 77 45 1 0
74 77 46 1 0
75 77 47 1 0
56 77 48 1 0
30 77 49 1 0
37 77 50 1 0
4 11 51 0 1
4 22 32 0 1
4 23 30 0 1
4 20 24 0 1
14 38 15 1 0
3 38 16 1 0
62 38 17 1 0
65 38 18 1 0
31 38 19 2 0
63 37 20 1 0
49 37 21 5 0
68 32 22 1 0
55 32 23 3 0
37 30 24 1 0
4 11 25 0 1
4 7 24 0 1
55 71 24 1 0
37 71 25 1 0
4 11 26 0 1
4 7 22 0 1
37 73 22 1 0
4 11 23 0 1
4 15 22 0 1
4 22 22 0 1
4 23 20 0 1
4 20 14 0 1
4 20 8 0 1
