1 93 0 1 0
21 77 1 1 0
51 77 2 1 0
62 77 3 1 0
0 93 4 1 0
17 77 5 1 0
49 77 6 4 0
19 76 7 1 0
4 18 8 0 1
4 5 7 0 1
63 14 7 1 0
4 9 8 0 1
15 91 7 4 0
4 11 8 0 1
16 79 8 1 0
18 79 9 1 0
2 93 10 1 0
42 79 11 4 0
46 76 12 1 0
4 18 13 0 1
46 82 12 1 0
4 23 13 0 1
44 86 12 2 0
57 84 13 1 0
4 39 14 0 1
43 70 13 4 0
33 69 14 1 0
4 9 15 0 1
4 13 14 0 1
32 28 14 1 0
31 28 15 2 0
69 27 16 1 0
68 27 17 1 0
65 27 18 2 0
66 25 19 1 0
63 25 20 1 0
4 9 21 0 1
25 41 19 2 0
4 12 20 0 1
4 20 20 0 1
75 49 16 1 0
33 49 17 1 0
4 9 18 0 1
4 21 14 0 1
41 89 12 1 0
12 89 13 3 0
4 11 14 0 1
14 34 14 4 0
13 33 15 1 0
3 33 16 1 0
59 33 17 1 0
61 33 18 1 0
30 33 19 2 0
60 32 20 1 0
45 32 21 6 0
64 31 22 1 0
52 31 23 3 0
33 29 24 1 0
4 9 25 0 1
4 7 24 0 1
52 73 24 1 0
33 73 25 1 0
4 9 26 0 1
4 7 22 0 1
33 74 22 1 0
4 9 23 0 1
4 13 22 0 1
8 0 22 1 0
28 0 23 1 0
10 0 24 1 0
23 0 25 1 0
24 0 26 1 0
22 0 27 1 0
34 0 28 1 0
27 0 29 1 0
7 0 30 1 0
26 0 31 1 0
56 0 32 1 0
58 0 33 1 0
5 0 34 1 0
48 0 35 1 0
70 0 36 1 0
71 0 37 1 0
53 0 38 1 0
54 0 39 1 0
55 0 40 1 0
37 0 41 1 0
4 26 42 0 1
4 21 22 0 1
4 22 20 0 1
13 68 15 1 0
39 68 16 2 0
38 67 17 2 0
40 66 18 1 0
69 66 19 1 0
68 66 20 1 0
66 66 21 3 0
52 65 22 3 0
33 64 23 1 0
4 9 24 0 1
4 7 23 0 1
52 83 23 1 0
33 83 24 1 0
4 9 25 0 1
4 7 22 0 1
63 24 22 1 0
4 9 23 0 1
76 56 18 1 0
74 56 19 3 0
75 54 20 1 0
33 54 21 1 0
4 9 22 0 1
4 4 20 0 1
77 71 20 1 0
28 71 21 1 0
10 71 22 1 0
23 71 23 1 0
24 71 24 1 0
22 71 25 1 0
34 71 26 1 0
27 71 27 1 0
7 71 28 1 0
26 71 29 1 0
56 71 30 1 0
58 71 31 1 0
5 71 32 1 0
48 71 33 1 0
70 71 34 1 0
71 71 35 1 0
53 71 36 1 0
54 71 37 1 0
55 71 38 1 0
72 71 39 5 0
4 16 40 0 1
20 66 40 5 0
33 64 41 1 0
4 9 42 0 1
4 7 41 0 1
33 83 41 1 0
4 9 42 0 1
4 7 41 0 1
33 24 41 1 0
4 9 42 0 1
4 13 40 0 1
8 30 40 1 0
28 30 41 1 0
10 30 42 1 0
23 30 43 1 0
24 30 44 1 0
22 30 45 1 0
34 30 46 1 0
27 30 47 1 0
7 30 48 1 0
26 30 49 1 0
56 30 50 1 0
58 30 51 1 0
5 30 52 1 0
48 30 53 1 0
70 30 54 1 0
71 30 55 1 0
53 30 56 1 0
29 30 57 3 0
6 29 58 1 0
33 29 59 1 0
4 9 60 0 1
4 7 58 0 1
33 54 58 1 0
4 9 59 0 1
4 21 40 0 1
4 22 17 0 1
13 60 15 1 0
39 60 16 2 0
38 59 17 2 0
40 57 18 1 0
69 57 19 1 0
67 57 20 1 0
50 57 21 1 0
35 57 22 1 0
4 8 23 0 1
76 48 18 1 0
74 48 19 3 0
75 42 20 1 0
33 42 21 1 0
4 9 22 0 1
4 4 20 0 1
77 55 20 1 0
28 55 21 1 0
10 55 22 1 0
23 55 23 1 0
24 55 24 1 0
22 55 25 1 0
34 55 26 1 0
27 55 27 1 0
7 55 28 1 0
26 55 29 1 0
56 55 30 1 0
58 55 31 1 0
5 55 32 1 0
48 55 33 1 0
70 55 34 1 0
71 55 35 1 0
53 55 36 1 0
54 55 37 1 0
55 55 38 5 0
64 54 39 1 0
52 54 40 1 0
33 54 41 1 0
4 9 42 0 1
4 7 39 0 1
33 72 39 1 0
4 9 40 0 1
4 13 39 0 1
4 21 39 0 1
4 22 17 0 1
13 52 15 1 0
3 52 16 1 0
59 52 17 1 0
61 52 18 1 0
30 52 19 2 0
60 51 20 1 0
45 51 21 4 0
47 50 22 1 0
73 50 23 1 0
4 9 24 0 1
4 13 22 0 1
8 42 22 1 0
28 42 23 1 0
10 42 24 1 0
23 42 25 1 0
24 42 26 1 0
22 42 27 1 0
34 42 28 1 0
27 42 29 1 0
7 42 30 1 0
26 42 31 1 0
56 42 32 1 0
58 42 33 1 0
5 42 34 1 0
48 42 35 1 0
70 42 36 1 0
71 42 37 1 0
53 42 38 1 0
29 42 39 1 0
33 42 40 1 0
4 9 41 0 1
4 21 22 0 1
4 22 20 0 1
4 19 14 0 1
16 78 8 1 0
18 78 9 1 0
2 93 10 1 0
42 78 11 4 0
46 76 12 1 0
4 18 13 0 1
46 82 12 1 0
4 23 13 0 1
44 85 12 2 0
57 84 13 1 0
4 39 14 0 1
43 53 13 4 0
33 50 14 1 0
4 9 15 0 1
4 13 14 0 1
32 58 14 1 0
31 58 15 2 0
69 57 16 1 0
67 57 17 1 0
50 57 18 1 0
35 57 19 1 0
4 8 20 0 1
75 42 16 1 0
33 42 17 1 0
4 9 18 0 1
4 21 14 0 1
41 92 12 1 0
12 92 13 3 0
4 11 14 0 1
14 88 14 2 0
13 87 15 1 0
3 87 16 1 0
59 87 17 1 0
78 87 18 5 0
4 40 19 0 1
4 13 19 0 1
28 43 19 1 0
10 43 20 1 0
23 43 21 1 0
24 43 22 1 0
22 43 23 1 0
34 43 24 1 0
27 43 25 1 0
7 43 26 1 0
26 43 27 3 0
26 42 28 1 0
56 42 29 1 0
58 42 30 1 0
5 42 31 1 0
48 42 32 1 0
70 42 33 1 0
71 42 34 1 0
53 42 35 1 0
29 42 36 1 0
33 42 37 1 0
4 9 38 0 1
4 17 28 0 1
56 1 28 1 0
58 1 29 1 0
5 1 30 1 0
48 1 31 1 0
70 1 32 1 0
71 1 33 1 0
53 1 34 1 0
54 1 35 1 0
55 1 36 1 0
37 1 37 1 0
4 10 38 0 1
4 21 19 0 1
3 90 19 1 0
59 90 20 1 0
61 90 21 1 0
12 90 22 3 0
4 11 23 0 1
14 63 23 3 0
13 62 24 1 0
39 62 25 2 0
38 61 26 2 0
40 57 27 1 0
69 57 28 1 0
67 57 29 1 0
50 57 30 1 0
35 57 31 1 0
4 8 32 0 1
76 81 27 1 0
74 81 28 3 0
75 80 29 1 0
33 80 30 1 0
4 9 31 0 1
4 4 29 0 1
77 44 29 1 0
28 44 30 1 0
10 44 31 1 0
23 44 32 1 0
24 44 33 1 0
22 44 34 1 0
34 44 35 1 0
27 44 36 1 0
7 44 37 1 0
26 44 38 1 0
56 44 39 1 0
58 44 40 1 0
5 44 41 1 0
48 44 42 3 0
48 42 43 1 0
70 42 44 1 0
71 42 45 1 0
53 42 46 1 0
29 42 47 1 0
33 42 48 1 0
4 9 49 0 1
4 15 43 0 1
70 2 43 1 0
71 2 44 1 0
53 2 45 1 0
54 2 46 1 0
55 2 47 1 0
37 2 48 1 0
4 10 49 0 1
4 22 26 0 1
13 36 24 1 0
3 36 25 1 0
59 36 26 1 0
61 36 27 1 0
30 36 28 2 0
60 35 29 1 0
45 35 30 6 0
64 31 31 1 0
52 31 32 3 0
33 29 33 1 0
4 9 34 0 1
4 7 33 0 1
52 73 33 1 0
33 73 34 1 0
4 9 35 0 1
4 7 31 0 1
33 74 31 1 0
4 9 32 0 1
4 13 31 0 1
8 80 31 1 0
28 80 32 1 0
10 80 33 1 0
23 80 34 1 0
24 80 35 1 0
22 80 36 1 0
34 80 37 1 0
27 80 38 1 0
7 80 39 1 0
26 80 40 1 0
56 80 41 1 0
58 80 42 1 0
5 80 43 1 0
48 80 44 1 0
70 80 45 1 0
71 80 46 1 0
53 80 47 1 0
29 80 48 1 0
33 80 49 1 0
4 9 50 0 1
4 21 31 0 1
4 22 29 0 1
13 47 24 1 0
3 47 25 1 0
59 47 26 1 0
61 47 27 1 0
30 47 28 2 0
60 46 29 1 0
9 46 30 3 0
36 42 31 1 0
29 42 32 1 0
33 42 33 1 0
4 9 34 0 1
11 3 31 1 0
4 4 32 0 1
28 45 31 1 0
10 45 32 1 0
23 45 33 1 0
24 45 34 1 0
22 45 35 1 0
34 45 36 1 0
27 45 37 1 0
7 45 38 1 0
26 45 39 1 0
56 45 40 1 0
58 45 41 1 0
5 45 42 1 0
48 45 43 3 0
48 42 44 1 0
70 42 45 1 0
71 42 46 1 0
53 42 47 1 0
29 42 48 1 0
33 42 49 1 0
4 9 50 0 1
4 6 44 0 1
70 2 44 1 0
71 2 45 1 0
53 2 46 1 0
54 2 47 1 0
55 2 48 1 0
37 2 49 1 0
4 10 50 0 1
4 22 29 0 1
4 19 23 0 1
13 38 15 1 0
3 38 16 1 0
59 38 17 1 0
61 38 18 1 0
30 38 19 2 0
60 37 20 1 0
45 37 21 5 0
64 31 22 1 0
52 31 23 3 0
33 29 24 1 0
4 9 25 0 1
4 7 24 0 1
52 73 24 1 0
33 73 25 1 0
4 9 26 0 1
4 7 22 0 1
33 75 22 1 0
4 9 23 0 1
4 13 22 0 1
4 21 22 0 1
4 22 20 0 1
4 19 14 0 1
4 19 8 0 1
