1 84 0 1 0
21 55 1 1 0
50 55 2 1 0
61 71 3 1 0
0 84 4 1 0
17 71 5 1 0
48 71 6 4 0
19 70 7 1 0
4 19 8 0 1
4 5 7 0 1
62 15 7 1 0
4 10 8 0 1
15 82 7 3 0
4 12 8 0 1
16 72 8 1 0
18 72 9 1 0
2 84 10 1 0
42 72 11 4 0
46 70 12 1 0
4 19 13 0 1
46 77 12 1 0
4 24 13 0 1
44 79 12 2 0
56 78 13 1 0
4 42 14 0 1
43 61 13 4 0
33 60 14 1 0
4 10 15 0 1
4 14 14 0 1
32 32 14 1 0
31 32 15 2 0
68 31 16 1 0
67 31 17 1 0
64 31 18 2 0
65 29 19 1 0
62 29 20 1 0
4 10 21 0 1
25 44 19 2 0
4 13 20 0 1
4 21 20 0 1
73 54 16 1 0
33 54 17 1 0
4 10 18 0 1
4 22 14 0 1
41 81 12 1 0
12 81 13 3 0
4 12 14 0 1
14 28 14 6 0
13 27 15 1 0
39 27 16 2 0
38 26 17 2 0
40 25 18 1 0
68 25 19 1 0
67 25 20 1 0
65 25 21 1 0
62 25 22 1 0
4 10 23 0 1
74 64 18 1 0
72 64 19 3 0
73 62 20 1 0
33 62 21 1 0
4 10 22 0 1
4 4 20 0 1
75 65 20 1 0
28 65 21 1 0
10 65 22 1 0
23 65 23 1 0
24 65 24 1 0
22 65 25 1 0
34 65 26 1 0
27 65 27 1 0
7 65 28 1 0
26 65 29 1 0
55 65 30 1 0
57 65 31 1 0
5 65 32 1 0
47 65 33 1 0
69 65 34 1 0
70 65 35 1 0
52 65 36 1 0
53 65 37 1 0
54 65 38 1 0
71 65 39 5 0
4 17 40 0 1
20 25 40 1 0
33 25 41 1 0
4 10 42 0 1
4 14 40 0 1
8 34 40 1 0
28 34 41 1 0
10 34 42 1 0
23 34 43 1 0
24 34 44 1 0
22 34 45 1 0
34 34 46 1 0
27 34 47 1 0
7 34 48 1 0
26 34 49 1 0
55 34 50 1 0
57 34 51 1 0
5 34 52 1 0
47 34 53 1 0
69 34 54 1 0
70 34 55 1 0
52 34 56 1 0
29 34 57 3 0
6 33 58 1 0
33 33 59 1 0
4 10 60 0 1
4 8 58 0 1
33 56 58 1 0
4 10 59 0 1
4 22 40 0 1
4 23 17 0 1
13 59 15 1 0
39 59 16 2 0
38 58 17 2 0
40 57 18 1 0
68 57 19 1 0
66 57 20 1 0
49 57 21 1 0
35 57 22 1 0
4 9 23 0 1
74 48 18 3 0
72 45 19 1 0
73 45 20 1 0
33 45 21 1 0
4 10 22 0 1
4 6 19 0 1
72 73 19 1 0
73 73 20 1 0
33 73 21 1 0
4 10 22 0 1
4 23 17 0 1
13 37 15 1 0
3 37 16 1 0
58 37 17 1 0
60 37 18 1 0
30 37 19 2 0
59 36 20 1 0
45 36 21 6 0
63 35 22 1 0
51 35 23 3 0
33 33 24 1 0
4 10 25 0 1
4 8 24 0 1
51 67 24 1 0
33 67 25 1 0
4 10 26 0 1
4 8 22 0 1
33 68 22 1 0
4 10 23 0 1
4 14 22 0 1
8 0 22 1 0
28 0 23 1 0
10 0 24 1 0
23 0 25 1 0
24 0 26 1 0
22 0 27 1 0
34 0 28 1 0
27 0 29 1 0
7 0 30 1 0
26 0 31 1 0
55 0 32 1 0
57 0 33 1 0
5 0 34 1 0
47 0 35 1 0
69 0 36 1 0
70 0 37 1 0
52 0 38 1 0
53 0 39 1 0
54 0 40 1 0
37 0 41 1 0
4 30 42 0 1
4 22 22 0 1
4 23 20 0 1
13 53 15 1 0
3 53 16 1 0
58 53 17 1 0
60 53 18 1 0
30 53 19 2 0
59 52 20 1 0
9 52 21 3 0
36 45 22 1 0
29 45 23 1 0
33 45 24 1 0
4 10 25 0 1
11 3 22 1 0
4 4 23 0 1
28 63 22 1 0
10 63 23 1 0
23 63 24 1 0
24 63 25 1 0
22 63 26 1 0
34 63 27 1 0
27 63 28 1 0
7 63 29 1 0
26 63 30 1 0
55 63 31 1 0
57 63 32 1 0
5 63 33 1 0
47 63 34 1 0
69 63 35 1 0
70 63 36 1 0
52 63 37 1 0
53 63 38 1 0
54 63 39 5 0
63 62 40 1 0
51 62 41 1 0
33 62 42 1 0
4 10 43 0 1
4 8 40 0 1
33 66 40 1 0
4 10 41 0 1
4 14 40 0 1
4 22 40 0 1
4 23 20 0 1
13 80 15 1 0
3 80 16 1 0
58 80 17 1 0
76 80 18 5 0
4 43 19 0 1
4 14 19 0 1
28 46 19 1 0
10 46 20 1 0
23 46 21 1 0
24 46 22 1 0
22 46 23 1 0
34 46 24 1 0
27 46 25 1 0
7 46 26 1 0
26 46 27 3 0
26 45 28 1 0
55 45 29 1 0
57 45 30 1 0
5 45 31 1 0
47 45 32 1 0
69 45 33 1 0
70 45 34 1 0
52 45 35 1 0
29 45 36 1 0
33 45 37 1 0
4 10 38 0 1
4 18 28 0 1
55 1 28 1 0
57 1 29 1 0
5 1 30 1 0
47 1 31 1 0
69 1 32 1 0
70 1 33 1 0
52 1 34 1 0
53 1 35 1 0
54 1 36 1 0
37 1 37 1 0
4 11 38 0 1
4 22 19 0 1
3 83 19 1 0
58 83 20 1 0
60 83 21 1 0
12 83 22 3 0
4 12 23 0 1
14 76 23 3 0
13 75 24 1 0
3 75 25 1 0
58 75 26 1 0
60 75 27 1 0
30 75 28 2 0
59 74 29 1 0
9 74 30 3 0
36 73 31 1 0
29 73 32 1 0
33 73 33 1 0
4 10 34 0 1
11 3 31 1 0
4 4 32 0 1
28 47 31 1 0
10 47 32 1 0
23 47 33 1 0
24 47 34 1 0
22 47 35 1 0
34 47 36 1 0
27 47 37 1 0
7 47 38 1 0
26 47 39 1 0
55 47 40 1 0
57 47 41 1 0
5 47 42 1 0
47 47 43 3 0
47 45 44 1 0
69 45 45 1 0
70 45 46 1 0
52 45 47 1 0
29 45 48 1 0
33 45 49 1 0
4 10 50 0 1
4 16 44 0 1
69 2 44 1 0
70 2 45 1 0
52 2 46 1 0
53 2 47 1 0
54 2 48 1 0
37 2 49 1 0
4 11 50 0 1
4 23 29 0 1
13 39 24 1 0
3 39 25 1 0
58 39 26 1 0
60 39 27 1 0
30 39 28 2 0
59 38 29 1 0
45 38 30 6 0
63 35 31 1 0
51 35 32 3 0
33 33 33 1 0
4 10 34 0 1
4 8 33 0 1
51 67 33 1 0
33 67 34 1 0
4 10 35 0 1
4 8 31 0 1
33 68 31 1 0
4 10 32 0 1
4 14 31 0 1
8 73 31 1 0
28 73 32 1 0
10 73 33 1 0
23 73 34 1 0
24 73 35 1 0
22 73 36 1 0
34 73 37 1 0
27 73 38 1 0
7 73 39 1 0
26 73 40 1 0
55 73 41 1 0
57 73 42 1 0
5 73 43 1 0
47 73 44 1 0
69 73 45 1 0
70 73 46 1 0
52 73 47 1 0
29 73 48 1 0
33 73 49 1 0
4 10 50 0 1
4 22 31 0 1
4 23 29 0 1
13 51 24 1 0
3 51 25 1 0
58 51 26 1 0
60 51 27 1 0
30 51 28 2 0
59 50 29 1 0
9 50 30 3 0
36 45 31 1 0
29 45 32 1 0
33 45 33 1 0
4 10 34 0 1
11 3 31 1 0
4 4 32 0 1
28 49 31 1 0
10 49 32 1 0
23 49 33 1 0
24 49 34 1 0
22 49 35 1 0
34 49 36 1 0
27 49 37 1 0
7 49 38 1 0
26 49 39 1 0
55 49 40 1 0
57 49 41 1 0
5 49 42 1 0
47 49 43 3 0
47 45 44 1 0
69 45 45 1 0
70 45 46 1 0
52 45 47 1 0
29 45 48 1 0
33 45 49 1 0
4 10 50 0 1
4 7 44 0 1
69 2 44 1 0
70 2 45 1 0
52 2 46 1 0
53 2 47 1 0
54 2 48 1 0
37 2 49 1 0
4 11 50 0 1
4 23 29 0 1
4 20 23 0 1
13 41 15 1 0
3 41 16 1 0
58 41 17 1 0
60 41 18 1 0
30 41 19 2 0
59 40 20 1 0
45 40 21 5 0
63 35 22 1 0
51 35 23 3 0
33 33 24 1 0
4 10 25 0 1
4 8 24 0 1
51 67 24 1 0
33 67 25 1 0
4 10 26 0 1
4 8 22 0 1
33 69 22 1 0
4 10 23 0 1
4 14 22 0 1
4 22 22 0 1
4 23 20 0 1
4 20 14 0 1
4 20 8 0 1
