1 82 0 1 0
21 52 1 1 0
50 52 2 1 0
61 71 3 1 0
0 82 4 1 0
17 71 5 1 0
48 71 6 4 0
19 70 7 1 0
4 18 8 0 1
4 5 7 0 1
62 11 7 1 0
4 9 8 0 1
15 81 7 3 0
4 12 8 0 1
16 72 8 1 0
18 72 9 1 0
2 82 10 1 0
42 72 11 4 0
46 70 12 1 0
4 18 13 0 1
46 73 12 1 0
4 23 13 0 1
44 77 12 2 0
56 76 13 1 0
4 41 14 0 1
43 64 13 4 0
33 63 14 1 0
4 9 15 0 1
4 14 14 0 1
32 31 14 1 0
31 31 15 2 0
68 30 16 1 0
67 30 17 1 0
64 30 18 2 0
65 28 19 1 0
62 28 20 1 0
4 9 21 0 1
25 43 19 2 0
4 13 20 0 1
4 20 20 0 1
73 51 16 1 0
33 51 17 1 0
4 9 18 0 1
4 21 14 0 1
41 79 12 1 0
12 79 13 3 0
4 12 14 0 1
14 27 14 5 0
13 26 15 1 0
39 26 16 2 0
38 25 17 2 0
40 24 18 1 0
68 24 19 1 0
67 24 20 1 0
65 24 21 1 0
62 24 22 1 0
4 9 23 0 1
74 56 18 1 0
72 56 19 3 0
73 54 20 1 0
33 54 21 1 0
4 9 22 0 1
4 4 20 0 1
75 65 20 1 0
28 65 21 1 0
10 65 22 1 0
23 65 23 1 0
24 65 24 1 0
22 65 25 1 0
34 65 26 1 0
27 65 27 1 0
7 65 28 1 0
26 65 29 1 0
55 65 30 1 0
57 65 31 1 0
5 65 32 1 0
47 65 33 1 0
69 65 34 1 0
70 65 35 1 0
52 65 36 1 0
53 65 37 1 0
54 65 38 1 0
71 65 39 5 0
4 16 40 0 1
20 24 40 1 0
33 24 41 1 0
4 9 42 0 1
4 14 40 0 1
8 33 40 1 0
28 33 41 1 0
10 33 42 1 0
23 33 43 1 0
24 33 44 1 0
22 33 45 1 0
34 33 46 1 0
27 33 47 1 0
7 33 48 1 0
26 33 49 1 0
55 33 50 1 0
57 33 51 1 0
5 33 52 1 0
47 33 53 1 0
69 33 54 1 0
70 33 55 1 0
52 33 56 1 0
29 33 57 3 0
6 32 58 1 0
33 32 59 1 0
4 9 60 0 1
4 7 58 0 1
33 53 58 1 0
4 9 59 0 1
4 21 40 0 1
4 22 17 0 1
13 36 15 1 0
3 36 16 1 0
58 36 17 1 0
60 36 18 1 0
30 36 19 2 0
59 35 20 1 0
45 35 21 6 0
63 34 22 1 0
51 34 23 3 0
33 32 24 1 0
4 9 25 0 1
4 7 24 0 1
51 67 24 1 0
33 67 25 1 0
4 9 26 0 1
4 7 22 0 1
33 68 22 1 0
4 9 23 0 1
4 14 22 0 1
8 0 22 1 0
28 0 23 1 0
10 0 24 1 0
23 0 25 1 0
24 0 26 1 0
22 0 27 1 0
34 0 28 1 0
27 0 29 1 0
7 0 30 1 0
26 0 31 1 0
55 0 32 1 0
57 0 33 1 0
5 0 34 1 0
47 0 35 1 0
69 0 36 1 0
70 0 37 1 0
52 0 38 1 0
53 0 39 1 0
54 0 40 1 0
37 0 41 1 0
4 29 42 0 1
4 21 22 0 1
4 22 20 0 1
13 59 15 1 0
39 59 16 2 0
38 58 17 2 0
40 57 18 1 0
68 57 19 1 0
66 57 20 1 0
49 57 21 1 0
35 57 22 1 0
4 8 23 0 1
74 50 18 1 0
72 50 19 3 0
73 44 20 1 0
33 44 21 1 0
4 9 22 0 1
4 4 20 0 1
75 55 20 1 0
28 55 21 1 0
10 55 22 1 0
23 55 23 1 0
24 55 24 1 0
22 55 25 1 0
34 55 26 1 0
27 55 27 1 0
7 55 28 1 0
26 55 29 1 0
55 55 30 1 0
57 55 31 1 0
5 55 32 1 0
47 55 33 1 0
69 55 34 1 0
70 55 35 1 0
52 55 36 1 0
53 55 37 1 0
54 55 38 5 0
63 54 39 1 0
51 54 40 1 0
33 54 41 1 0
4 9 42 0 1
4 7 39 0 1
33 66 39 1 0
4 9 40 0 1
4 14 39 0 1
4 21 39 0 1
4 22 17 0 1
13 78 15 1 0
3 78 16 1 0
58 78 17 1 0
76 78 18 5 0
4 42 19 0 1
4 14 19 0 1
28 45 19 1 0
10 45 20 1 0
23 45 21 1 0
24 45 22 1 0
22 45 23 1 0
34 45 24 1 0
27 45 25 1 0
7 45 26 1 0
26 45 27 3 0
26 44 28 1 0
55 44 29 1 0
57 44 30 1 0
5 44 31 1 0
47 44 32 1 0
69 44 33 1 0
70 44 34 1 0
52 44 35 1 0
29 44 36 1 0
33 44 37 1 0
4 9 38 0 1
4 17 28 0 1
55 1 28 1 0
57 1 29 1 0
5 1 30 1 0
47 1 31 1 0
69 1 32 1 0
70 1 33 1 0
52 1 34 1 0
53 1 35 1 0
54 1 36 1 0
37 1 37 1 0
4 10 38 0 1
4 21 19 0 1
3 80 19 1 0
58 80 20 1 0
60 80 21 1 0
12 80 22 3 0
4 12 23 0 1
14 62 23 3 0
13 61 24 1 0
39 61 25 2 0
38 60 26 2 0
40 57 27 1 0
68 57 28 1 0
66 57 29 1 0
49 57 30 1 0
35 57 31 1 0
4 8 32 0 1
74 75 27 1 0
72 75 28 3 0
73 74 29 1 0
33 74 30 1 0
4 9 31 0 1
4 4 29 0 1
75 46 29 1 0
28 46 30 1 0
10 46 31 1 0
23 46 32 1 0
24 46 33 1 0
22 46 34 1 0
34 46 35 1 0
27 46 36 1 0
7 46 37 1 0
26 46 38 1 0
55 46 39 1 0
57 46 40 1 0
5 46 41 1 0
47 46 42 3 0
47 44 43 1 0
69 44 44 1 0
70 44 45 1 0
52 44 46 1 0
29 44 47 1 0
33 44 48 1 0
4 9 49 0 1
4 15 43 0 1
69 2 43 1 0
70 2 44 1 0
52 2 45 1 0
53 2 46 1 0
54 2 47 1 0
37 2 48 1 0
4 10 49 0 1
4 22 26 0 1
13 49 24 1 0
3 49 25 1 0
58 49 26 1 0
60 49 27 1 0
30 49 28 2 0
59 48 29 1 0
9 48 30 3 0
36 44 31 1 0
29 44 32 1 0
33 44 33 1 0
4 9 34 0 1
11 3 31 1 0
4 4 32 0 1
28 47 31 1 0
10 47 32 1 0
23 47 33 1 0
24 47 34 1 0
22 47 35 1 0
34 47 36 1 0
27 47 37 1 0
7 47 38 1 0
26 47 39 1 0
55 47 40 1 0
57 47 41 1 0
5 47 42 1 0
47 47 43 3 0
47 44 44 1 0
69 44 45 1 0
70 44 46 1 0
52 44 47 1 0
29 44 48 1 0
33 44 49 1 0
4 9 50 0 1
4 6 44 0 1
69 2 44 1 0
70 2 45 1 0
52 2 46 1 0
53 2 47 1 0
54 2 48 1 0
37 2 49 1 0
4 10 50 0 1
4 22 29 0 1
13 38 24 1 0
3 38 25 1 0
58 38 26 1 0
60 38 27 1 0
30 38 28 2 0
59 37 29 1 0
45 37 30 6 0
63 34 31 1 0
51 34 32 3 0
33 32 33 1 0
4 9 34 0 1
4 7 33 0 1
51 67 33 1 0
33 67 34 1 0
4 9 35 0 1
4 7 31 0 1
33 68 31 1 0
4 9 32 0 1
4 14 31 0 1
8 74 31 1 0
28 74 32 1 0
10 74 33 1 0
23 74 34 1 0
24 74 35 1 0
22 74 36 1 0
34 74 37 1 0
27 74 38 1 0
7 74 39 1 0
26 74 40 1 0
55 74 41 1 0
57 74 42 1 0
5 74 43 1 0
47 74 44 1 0
69 74 45 1 0
70 74 46 1 0
52 74 47 1 0
29 74 48 1 0
33 74 49 1 0
4 9 50 0 1
4 21 31 0 1
4 22 29 0 1
4 19 23 0 1
13 40 15 1 0
3 40 16 1 0
58 40 17 1 0
60 40 18 1 0
30 40 19 2 0
59 39 20 1 0
45 39 21 5 0
63 34 22 1 0
51 34 23 3 0
33 32 24 1 0
4 9 25 0 1
4 7 24 0 1
51 67 24 1 0
33 67 25 1 0
4 9 26 0 1
4 7 22 0 1
33 69 22 1 0
4 9 23 0 1
4 14 22 0 1
4 21 22 0 1
4 22 20 0 1
4 19 14 0 1
4 19 8 0 1
