1 78 0 1 0
21 53 1 1 0
50 53 2 1 0
61 69 3 1 0
0 78 4 1 0
17 69 5 1 0
48 69 6 4 0
19 68 7 1 0
4 18 8 0 1
4 5 7 0 1
62 11 7 1 0
4 9 8 0 1
15 77 7 3 0
4 12 8 0 1
16 70 8 1 0
18 70 9 1 0
2 78 10 1 0
42 70 11 4 0
46 68 12 1 0
4 18 13 0 1
46 71 12 1 0
4 23 13 0 1
44 73 12 2 0
56 72 13 1 0
4 42 14 0 1
43 62 13 4 0
33 61 14 1 0
4 9 15 0 1
4 14 14 0 1
32 31 14 1 0
31 31 15 2 0
68 30 16 1 0
67 30 17 1 0
64 30 18 2 0
65 28 19 1 0
62 28 20 1 0
4 9 21 0 1
25 44 19 2 0
4 13 20 0 1
4 20 20 0 1
73 52 16 1 0
33 52 17 1 0
4 9 18 0 1
4 21 14 0 1
41 75 12 1 0
12 75 13 3 0
4 12 14 0 1
14 27 14 5 0
13 26 15 1 0
39 26 16 2 0
38 25 17 2 0
40 24 18 1 0
68 24 19 1 0
67 24 20 1 0
65 24 21 1 0
62 24 22 1 0
4 9 23 0 1
74 57 18 1 0
72 57 19 3 0
73 55 20 1 0
33 55 21 1 0
4 9 22 0 1
4 4 20 0 1
75 63 20 1 0
28 63 21 1 0
10 63 22 1 0
23 63 23 1 0
24 63 24 1 0
22 63 25 1 0
34 63 26 1 0
27 63 27 1 0
7 63 28 1 0
26 63 29 1 0
55 63 30 1 0
57 63 31 1 0
5 63 32 1 0
47 63 33 1 0
69 63 34 1 0
70 63 35 1 0
52 63 36 1 0
53 63 37 1 0
54 63 38 1 0
71 63 39 5 0
4 16 40 0 1
20 24 40 1 0
33 24 41 1 0
4 9 42 0 1
4 14 40 0 1
8 33 40 1 0
28 33 41 1 0
10 33 42 1 0
23 33 43 1 0
24 33 44 1 0
22 33 45 1 0
34 33 46 1 0
27 33 47 1 0
7 33 48 1 0
26 33 49 1 0
55 33 50 1 0
57 33 51 1 0
5 33 52 1 0
47 33 53 1 0
69 33 54 1 0
70 33 55 1 0
52 33 56 1 0
29 33 57 3 0
6 32 58 1 0
33 32 59 1 0
4 9 60 0 1
4 7 58 0 1
33 54 58 1 0
4 9 59 0 1
4 21 40 0 1
4 22 17 0 1
13 36 15 1 0
3 36 16 1 0
58 36 17 1 0
60 36 18 1 0
30 36 19 2 0
59 35 20 1 0
45 35 21 6 0
63 34 22 1 0
51 34 23 3 0
33 32 24 1 0
4 9 25 0 1
4 7 24 0 1
51 65 24 1 0
33 65 25 1 0
4 9 26 0 1
4 7 22 0 1
33 66 22 1 0
4 9 23 0 1
4 14 22 0 1
8 0 22 1 0
28 0 23 1 0
10 0 24 1 0
23 0 25 1 0
24 0 26 1 0
22 0 27 1 0
34 0 28 1 0
27 0 29 1 0
7 0 30 1 0
26 0 31 1 0
55 0 32 1 0
57 0 33 1 0
5 0 34 1 0
47 0 35 1 0
69 0 36 1 0
70 0 37 1 0
52 0 38 1 0
53 0 39 1 0
54 0 40 1 0
37 0 41 1 0
4 29 42 0 1
4 21 22 0 1
4 22 20 0 1
13 60 15 1 0
39 60 16 2 0
38 59 17 2 0
40 58 18 1 0
68 58 19 1 0
66 58 20 1 0
49 58 21 1 0
35 58 22 1 0
4 8 23 0 1
74 51 18 1 0
72 51 19 3 0
73 45 20 1 0
33 45 21 1 0
4 9 22 0 1
4 4 20 0 1
75 56 20 1 0
28 56 21 1 0
10 56 22 1 0
23 56 23 1 0
24 56 24 1 0
22 56 25 1 0
34 56 26 1 0
27 56 27 1 0
7 56 28 1 0
26 56 29 1 0
55 56 30 1 0
57 56 31 1 0
5 56 32 1 0
47 56 33 1 0
69 56 34 1 0
70 56 35 1 0
52 56 36 1 0
53 56 37 1 0
54 56 38 5 0
63 55 39 1 0
51 55 40 1 0
33 55 41 1 0
4 9 42 0 1
4 7 39 0 1
33 64 39 1 0
4 9 40 0 1
4 14 39 0 1
4 21 39 0 1
4 22 17 0 1
13 74 15 1 0
3 74 16 1 0
58 74 17 1 0
76 74 18 5 0
4 43 19 0 1
4 14 19 0 1
28 46 19 1 0
10 46 20 1 0
23 46 21 1 0
24 46 22 1 0
22 46 23 1 0
34 46 24 1 0
27 46 25 1 0
7 46 26 1 0
26 46 27 3 0
26 45 28 1 0
55 45 29 1 0
57 45 30 1 0
5 45 31 1 0
47 45 32 1 0
69 45 33 1 0
70 45 34 1 0
52 45 35 1 0
29 45 36 1 0
33 45 37 1 0
4 9 38 0 1
4 17 28 0 1
55 1 28 1 0
57 1 29 1 0
5 1 30 1 0
47 1 31 1 0
69 1 32 1 0
70 1 33 1 0
52 1 34 1 0
53 1 35 1 0
54 1 36 1 0
37 1 37 1 0
4 10 38 0 1
4 21 19 0 1
3 76 19 1 0
58 76 20 1 0
60 76 21 1 0
12 76 22 3 0
4 12 23 0 1
14 39 23 2 0
13 38 24 1 0
3 38 25 1 0
58 38 26 1 0
60 38 27 1 0
30 38 28 2 0
59 37 29 1 0
45 37 30 6 0
63 34 31 1 0
51 34 32 3 0
33 32 33 1 0
4 9 34 0 1
4 7 33 0 1
51 65 33 1 0
33 65 34 1 0
4 9 35 0 1
4 7 31 0 1
33 66 31 1 0
4 9 32 0 1
4 14 31 0 1
8 47 31 1 0
28 47 32 1 0
10 47 33 1 0
23 47 34 1 0
24 47 35 1 0
22 47 36 1 0
34 47 37 1 0
27 47 38 1 0
7 47 39 1 0
26 47 40 1 0
55 47 41 1 0
57 47 42 1 0
5 47 43 1 0
47 47 44 3 0
47 45 45 1 0
69 45 46 1 0
70 45 47 1 0
52 45 48 1 0
29 45 49 1 0
33 45 50 1 0
4 9 51 0 1
4 15 45 0 1
69 2 45 1 0
70 2 46 1 0
52 2 47 1 0
53 2 48 1 0
54 2 49 1 0
37 2 50 1 0
4 10 51 0 1
4 21 31 0 1
4 22 29 0 1
13 50 24 1 0
3 50 25 1 0
58 50 26 1 0
60 50 27 1 0
30 50 28 2 0
59 49 29 1 0
9 49 30 3 0
36 45 31 1 0
29 45 32 1 0
33 45 33 1 0
4 9 34 0 1
11 3 31 1 0
4 4 32 0 1
28 48 31 1 0
10 48 32 1 0
23 48 33 1 0
24 48 34 1 0
22 48 35 1 0
34 48 36 1 0
27 48 37 1 0
7 48 38 1 0
26 48 39 1 0
55 48 40 1 0
57 48 41 1 0
5 48 42 1 0
47 48 43 3 0
47 45 44 1 0
69 45 45 1 0
70 45 46 1 0
52 45 47 1 0
29 45 48 1 0
33 45 49 1 0
4 9 50 0 1
4 6 44 0 1
69 2 44 1 0
70 2 45 1 0
52 2 46 1 0
53 2 47 1 0
54 2 48 1 0
37 2 49 1 0
4 10 50 0 1
4 22 29 0 1
4 19 23 0 1
13 41 15 1 0
3 41 16 1 0
58 41 17 1 0
60 41 18 1 0
30 41 19 2 0
59 40 20 1 0
45 40 21 5 0
63 34 22 1 0
51 34 23 3 0
33 32 24 1 0
4 9 25 0 1
4 7 24 0 1
51 65 24 1 0
33 65 25 1 0
4 9 26 0 1
4 7 22 0 1
33 67 22 1 0
4 9 23 0 1
4 14 22 0 1
4 21 22 0 1
4 22 20 0 1
4 19 14 0 1
4 19 8 0 1
