1 0 1 0
18 1 1 0
49 2 1 0
62 3 1 0
0 4 1 0
15 5 1 0
47 6 4 0
17 7 1 0
4 8 0 1
4 7 0 1
63 7 1 0
4 8 0 1
13 7 3 0
4 8 0 1
14 8 1 0
16 9 1 0
2 10 1 0
41 11 4 0
45 12 1 0
4 13 0 1
45 12 1 0
4 13 0 1
43 12 2 0
56 13 1 0
4 14 0 1
42 13 4 0
33 14 1 0
4 15 0 1
4 14 0 1
32 14 1 0
31 15 2 0
69 16 1 0
68 17 1 0
65 18 2 0
66 19 1 0
63 20 1 0
4 21 0 1
22 19 2 0
4 20 0 1
4 20 0 1
73 16 1 0
33 17 1 0
4 18 0 1
4 14 0 1
40 12 1 0
10 13 3 0
4 14 0 1
12 14 2 0
11 15 1 0
38 16 2 0
37 17 2 0
39 18 1 0
69 19 1 0
68 20 1 0
66 21 1 0
63 22 1 0
4 23 0 1
74 18 1 0
72 19 3 0
73 20 1 0
33 21 1 0
4 22 0 1
4 20 0 1
75 20 1 0
25 21 1 0
8 22 1 0
20 23 1 0
21 24 1 0
19 25 1 0
34 26 1 0
24 27 1 0
6 28 1 0
23 29 1 0
55 30 1 0
57 31 1 0
5 32 1 0
46 33 1 0
70 34 1 0
71 35 1 0
52 36 1 0
53 37 1 0
54 38 1 0
36 39 1 0
4 40 0 1
4 17 0 1
11 15 1 0
3 16 1 0
58 17 1 0
29 18 1 0
9 19 9 0
4 20 0 1
4 20 0 1
28 20 1 0
37 21 2 0
39 22 1 0
69 23 1 0
67 24 1 0
48 25 1 0
35 26 1 0
4 27 0 1
74 22 1 0
72 23 3 0
73 24 1 0
33 25 1 0
4 26 0 1
4 24 0 1
75 24 1 0
25 25 1 0
8 26 1 0
20 27 1 0
21 28 1 0
19 29 1 0
34 30 1 0
24 31 1 0
6 32 1 0
23 33 1 0
55 34 1 0
57 35 1 0
5 36 1 0
46 37 1 0
70 38 1 0
71 39 1 0
52 40 1 0
53 41 1 0
54 42 1 0
36 43 1 0
4 44 0 1
4 20 0 1
25 20 1 0
8 21 1 0
20 22 1 0
21 23 1 0
19 24 1 0
34 25 1 0
24 26 1 0
6 27 1 0
23 28 1 0
55 29 3 0
55 30 1 0
57 31 1 0
5 32 1 0
46 33 1 0
70 34 1 0
71 35 1 0
52 36 1 0
26 37 1 0
33 38 1 0
4 39 0 1
4 30 0 1
57 30 1 0
5 31 1 0
46 32 1 0
70 33 1 0
71 34 1 0
52 35 1 0
53 36 1 0
54 37 1 0
36 38 1 0
4 39 0 1
4 20 0 1
30 20 1 0
60 21 1 0
59 22 1 0
51 23 2 0
52 24 1 0
26 25 1 0
33 26 1 0
4 27 0 1
4 24 0 1
4 20 0 1
3 20 1 0
58 21 1 0
61 22 1 0
10 23 3 0
4 24 0 1
12 24 1 0
11 25 1 0
3 26 1 0
58 27 1 0
61 28 1 0
27 29 2 0
59 30 1 0
44 31 6 0
64 32 1 0
50 33 3 0
33 34 1 0
4 35 0 1
4 34 0 1
50 34 1 0
33 35 1 0
4 36 0 1
4 32 0 1
33 32 1 0
4 33 0 1
4 32 0 1
7 32 1 0
25 33 1 0
8 34 1 0
20 35 1 0
21 36 1 0
19 37 1 0
34 38 1 0
24 39 1 0
6 40 1 0
23 41 1 0
55 42 1 0
57 43 1 0
5 44 1 0
46 45 1 0
70 46 1 0
71 47 1 0
52 48 1 0
26 49 1 0
33 50 1 0
4 51 0 1
4 32 0 1
4 30 0 1
4 24 0 1
4 14 0 1
4 8 0 1
