1 53 0 1 0
18 38 1 1 0
48 38 2 1 0
61 46 3 1 0
0 53 4 1 0
15 46 5 1 0
46 46 6 4 0
17 45 7 1 0
4 15 8 0 1
4 4 7 0 1
62 21 7 1 0
4 9 8 0 1
13 52 7 3 0
4 11 8 0 1
14 47 8 1 0
16 47 9 1 0
2 53 10 1 0
40 47 11 4 0
44 45 12 1 0
4 15 13 0 1
44 48 12 1 0
4 20 13 0 1
42 50 12 2 0
55 49 13 1 0
4 30 14 0 1
41 42 13 4 0
33 41 14 1 0
4 9 15 0 1
4 13 14 0 1
32 25 14 1 0
31 25 15 2 0
68 24 16 1 0
67 24 17 1 0
64 24 18 2 0
65 22 19 1 0
62 22 20 1 0
4 9 21 0 1
22 31 19 2 0
4 12 20 0 1
4 17 20 0 1
72 32 16 1 0
33 32 17 1 0
4 9 18 0 1
4 18 14 0 1
39 51 12 1 0
10 51 13 3 0
4 11 14 0 1
12 33 14 1 0
11 33 15 1 0
3 33 16 1 0
57 33 17 1 0
29 33 18 1 0
9 33 19 9 0
4 6 20 0 1
4 13 20 0 1
28 40 20 1 0
37 40 21 2 0
38 39 22 1 0
68 39 23 1 0
66 39 24 1 0
47 39 25 1 0
35 39 26 1 0
4 8 27 0 1
73 37 22 1 0
71 37 23 3 0
72 34 24 1 0
33 34 25 1 0
4 9 26 0 1
4 3 24 0 1
74 1 24 1 0
25 1 25 1 0
8 1 26 1 0
20 1 27 1 0
21 1 28 1 0
19 1 29 1 0
34 1 30 1 0
24 1 31 1 0
6 1 32 1 0
23 1 33 1 0
54 1 34 1 0
56 1 35 1 0
5 1 36 1 0
45 1 37 1 0
69 1 38 1 0
70 1 39 1 0
51 1 40 1 0
52 1 41 1 0
53 1 42 1 0
36 1 43 1 0
4 10 44 0 1
4 19 20 0 1
25 36 20 1 0
8 36 21 1 0
20 36 22 1 0
21 36 23 1 0
19 36 24 1 0
34 36 25 1 0
24 36 26 1 0
6 36 27 1 0
23 36 28 1 0
54 36 29 3 0
54 34 30 1 0
56 34 31 1 0
5 34 32 1 0
45 34 33 1 0
69 34 34 1 0
70 34 35 1 0
51 34 36 1 0
26 34 37 1 0
33 34 38 1 0
4 9 39 0 1
4 14 30 0 1
56 2 30 1 0
5 2 31 1 0
45 2 32 1 0
69 2 33 1 0
70 2 34 1 0
51 2 35 1 0
52 2 36 1 0
53 2 37 1 0
36 2 38 1 0
4 10 39 0 1
4 19 20 0 1
30 35 20 1 0
59 35 21 1 0
58 35 22 1 0
50 35 23 2 0
51 34 24 1 0
26 34 25 1 0
33 34 26 1 0
4 9 27 0 1
4 7 24 0 1
4 18 20 0 1
3 29 20 1 0
57 29 21 1 0
60 29 22 1 0
27 29 23 2 0
58 28 24 1 0
43 28 25 6 0
63 27 26 1 0
49 27 27 3 0
33 26 28 1 0
4 9 29 0 1
4 5 28 0 1
49 43 28 1 0
33 43 29 1 0
4 9 30 0 1
4 5 26 0 1
33 44 26 1 0
4 9 27 0 1
4 13 26 0 1
7 0 26 1 0
25 0 27 1 0
8 0 28 1 0
20 0 29 1 0
21 0 30 1 0
19 0 31 1 0
34 0 32 1 0
24 0 33 1 0
6 0 34 1 0
23 0 35 1 0
54 0 36 1 0
56 0 37 1 0
5 0 38 1 0
45 0 39 1 0
69 0 40 1 0
70 0 41 1 0
51 0 42 1 0
52 0 43 1 0
53 0 44 1 0
36 0 45 1 0
4 23 46 0 1
4 18 26 0 1
4 19 24 0 1
4 16 14 0 1
4 16 8 0 1
