1 55 0 1 0
17 42 1 1 0
44 42 2 1 0
55 42 3 1 0
0 55 4 1 0
14 42 5 1 0
43 42 6 4 0
16 41 7 1 0
4 10 8 0 1
4 2 7 0 1
56 8 7 1 0
4 4 8 0 1
12 54 7 4 0
4 5 8 0 1
13 43 8 1 0
15 43 9 1 0
2 55 10 1 0
36 43 11 4 0
40 41 12 1 0
4 10 13 0 1
40 44 12 1 0
4 15 13 0 1
38 50 12 2 0
50 49 13 1 0
4 29 14 0 1
37 36 13 4 0
29 35 14 1 0
4 4 15 0 1
4 7 14 0 1
28 19 14 1 0
27 19 15 2 0
61 18 16 1 0
60 18 17 1 0
58 18 18 2 0
59 16 19 1 0
56 16 20 1 0
4 4 21 0 1
21 30 19 2 0
4 6 20 0 1
4 12 20 0 1
66 31 16 1 0
29 31 17 1 0
4 4 18 0 1
4 13 14 0 1
35 52 12 1 0
9 52 13 3 0
4 5 14 0 1
11 22 14 2 0
10 21 15 1 0
33 21 16 2 0
32 20 17 2 0
34 16 18 1 0
61 16 19 1 0
60 16 20 1 0
59 16 21 1 0
56 16 22 1 0
4 4 23 0 1
67 33 18 1 0
65 33 19 3 0
66 32 20 1 0
29 32 21 1 0
4 4 22 0 1
4 1 20 0 1
68 0 20 1 0
24 0 21 1 0
8 0 22 1 0
19 0 23 1 0
20 0 24 1 0
18 0 25 1 0
30 0 26 1 0
23 0 27 1 0
6 0 28 1 0
22 0 29 1 0
49 0 30 1 0
51 0 31 1 0
5 0 32 1 0
42 0 33 1 0
62 0 34 1 0
63 0 35 1 0
46 0 36 1 0
47 0 37 1 0
48 0 38 1 0
31 0 39 1 0
4 17 40 0 1
4 14 17 0 1
10 48 15 1 0
3 48 16 1 0
52 48 17 1 0
54 48 18 1 0
26 48 19 2 0
53 47 20 1 0
39 47 21 4 0
41 45 22 1 0
64 45 23 1 0
4 4 24 0 1
4 7 22 0 1
7 32 22 1 0
24 32 23 1 0
8 32 24 1 0
19 32 25 1 0
20 32 26 1 0
18 32 27 1 0
30 32 28 1 0
23 32 29 1 0
6 32 30 1 0
22 32 31 1 0
49 32 32 1 0
51 32 33 1 0
5 32 34 1 0
42 32 35 1 0
62 32 36 1 0
63 32 37 1 0
46 32 38 1 0
25 32 39 1 0
29 32 40 1 0
4 4 41 0 1
4 13 22 0 1
4 14 20 0 1
4 11 14 0 1
13 40 8 1 0
15 40 9 1 0
2 55 10 1 0
36 40 11 4 0
40 39 12 1 0
4 9 13 0 1
40 44 12 1 0
4 15 13 0 1
38 51 12 2 0
50 49 13 1 0
4 29 14 0 1
37 46 13 4 0
29 45 14 1 0
4 4 15 0 1
4 7 14 0 1
28 23 14 1 0
27 23 15 2 0
61 16 16 1 0
60 16 17 1 0
59 16 18 1 0
56 16 19 1 0
4 4 20 0 1
66 34 16 1 0
29 34 17 1 0
4 4 18 0 1
4 13 14 0 1
35 53 12 1 0
9 53 13 3 0
4 5 14 0 1
11 28 14 5 0
10 27 15 1 0
3 27 16 1 0
52 27 17 1 0
54 27 18 1 0
26 27 19 2 0
53 26 20 1 0
39 26 21 6 0
57 25 22 1 0
45 25 23 3 0
29 24 24 1 0
4 4 25 0 1
4 3 24 0 1
45 37 24 1 0
29 37 25 1 0
4 4 26 0 1
4 3 22 0 1
29 38 22 1 0
4 4 23 0 1
4 7 22 0 1
7 34 22 1 0
24 34 23 1 0
8 34 24 1 0
19 34 25 1 0
20 34 26 1 0
18 34 27 1 0
30 34 28 1 0
23 34 29 1 0
6 34 30 1 0
22 34 31 1 0
49 34 32 1 0
51 34 33 1 0
5 34 34 1 0
42 34 35 1 0
62 34 36 1 0
63 34 37 1 0
46 34 38 1 0
25 34 39 1 0
29 34 40 1 0
4 4 41 0 1
4 13 22 0 1
4 14 20 0 1
10 27 15 1 0
3 27 16 1 0
52 27 17 1 0
54 27 18 1 0
26 27 19 2 0
53 26 20 1 0
39 26 21 6 0
57 25 22 1 0
45 25 23 3 0
29 24 24 1 0
4 4 25 0 1
4 3 24 0 1
45 37 24 1 0
29 37 25 1 0
4 4 26 0 1
4 3 22 0 1
29 38 22 1 0
4 4 23 0 1
4 7 22 0 1
7 34 22 1 0
24 34 23 1 0
8 34 24 1 0
19 34 25 1 0
20 34 26 1 0
18 34 27 1 0
30 34 28 1 0
23 34 29 1 0
6 34 30 1 0
22 34 31 1 0
49 34 32 1 0
51 34 33 1 0
5 34 34 1 0
42 34 35 1 0
62 34 36 1 0
63 34 37 1 0
46 34 38 1 0
25 34 39 1 0
29 34 40 1 0
4 4 41 0 1
4 13 22 0 1
4 14 20 0 1
10 27 15 1 0
3 27 16 1 0
52 27 17 1 0
54 27 18 1 0
26 27 19 2 0
53 26 20 1 0
39 26 21 6 0
57 25 22 1 0
45 25 23 3 0
29 24 24 1 0
4 4 25 0 1
4 3 24 0 1
45 37 24 1 0
29 37 25 1 0
4 4 26 0 1
4 3 22 0 1
29 38 22 1 0
4 4 23 0 1
4 7 22 0 1
7 34 22 1 0
24 34 23 1 0
8 34 24 1 0
19 34 25 1 0
20 34 26 1 0
18 34 27 1 0
30 34 28 1 0
23 34 29 1 0
6 34 30 1 0
22 34 31 1 0
49 34 32 1 0
51 34 33 1 0
5 34 34 1 0
42 34 35 1 0
62 34 36 1 0
63 34 37 1 0
46 34 38 1 0
25 34 39 1 0
29 34 40 1 0
4 4 41 0 1
4 13 22 0 1
4 14 20 0 1
10 27 15 1 0
3 27 16 1 0
52 27 17 1 0
54 27 18 1 0
26 27 19 2 0
53 26 20 1 0
39 26 21 6 0
57 25 22 1 0
45 25 23 3 0
29 24 24 1 0
4 4 25 0 1
4 3 24 0 1
45 37 24 1 0
29 37 25 1 0
4 4 26 0 1
4 3 22 0 1
29 38 22 1 0
4 4 23 0 1
4 7 22 0 1
7 34 22 1 0
24 34 23 1 0
8 34 24 1 0
19 34 25 1 0
20 34 26 1 0
18 34 27 1 0
30 34 28 1 0
23 34 29 1 0
6 34 30 1 0
22 34 31 1 0
49 34 32 1 0
51 34 33 1 0
5 34 34 1 0
42 34 35 1 0
62 34 36 1 0
63 34 37 1 0
46 34 38 1 0
25 34 39 1 0
29 34 40 1 0
4 4 41 0 1
4 13 22 0 1
4 14 20 0 1
10 27 15 1 0
3 27 16 1 0
52 27 17 1 0
54 27 18 1 0
26 27 19 2 0
53 26 20 1 0
39 26 21 6 0
57 25 22 1 0
45 25 23 3 0
29 24 24 1 0
4 4 25 0 1
4 3 24 0 1
45 37 24 1 0
29 37 25 1 0
4 4 26 0 1
4 3 22 0 1
29 38 22 1 0
4 4 23 0 1
4 7 22 0 1
7 34 22 1 0
24 34 23 1 0
8 34 24 1 0
19 34 25 1 0
20 34 26 1 0
18 34 27 1 0
30 34 28 1 0
23 34 29 1 0
6 34 30 1 0
22 34 31 1 0
49 34 32 1 0
51 34 33 1 0
5 34 34 1 0
42 34 35 1 0
62 34 36 1 0
63 34 37 1 0
46 34 38 1 0
25 34 39 1 0
29 34 40 1 0
4 4 41 0 1
4 13 22 0 1
4 14 20 0 1
4 11 14 0 1
4 11 8 0 1
