1 64 0 1 0
18 53 1 1 0
49 53 2 1 0
62 53 3 1 0
0 64 4 1 0
15 53 5 1 0
47 53 6 4 0
17 52 7 1 0
4 16 8 0 1
4 5 7 0 1
63 17 7 1 0
4 11 8 0 1
13 63 7 4 0
4 13 8 0 1
14 54 8 1 0
16 54 9 1 0
2 64 10 1 0
40 54 11 4 0
44 52 12 1 0
4 16 13 0 1
44 56 12 1 0
4 22 13 0 1
42 58 12 2 0
56 57 13 1 0
4 34 14 0 1
41 45 13 4 0
33 44 14 1 0
4 11 15 0 1
4 15 14 0 1
32 26 14 1 0
31 26 15 2 0
69 25 16 1 0
68 25 17 1 0
65 25 18 2 0
66 23 19 1 0
63 23 20 1 0
4 11 21 0 1
22 35 19 2 0
4 14 20 0 1
4 19 20 0 1
74 36 16 1 0
33 36 17 1 0
4 11 18 0 1
4 20 14 0 1
39 62 12 1 0
10 62 13 3 0
4 13 14 0 1
12 50 14 1 0
11 50 15 1 0
3 50 16 1 0
58 50 17 1 0
61 50 18 1 0
27 50 19 2 0
59 49 20 1 0
43 49 21 3 0
45 48 22 1 0
72 48 23 1 0
4 11 24 0 1
4 15 22 0 1
4 20 22 0 1
4 21 20 0 1
4 18 14 0 1
14 55 8 1 0
16 55 9 1 0
2 64 10 1 0
40 55 11 4 0
44 52 12 1 0
4 16 13 0 1
44 56 12 1 0
4 22 13 0 1
42 59 12 2 0
56 57 13 1 0
4 34 14 0 1
41 49 13 3 0
33 48 14 1 0
4 11 15 0 1
4 15 14 0 1
4 20 14 0 1
39 61 12 1 0
10 61 13 3 0
4 13 14 0 1
12 37 14 1 0
11 37 15 1 0
3 37 16 1 0
58 37 17 1 0
29 37 18 1 0
9 37 19 9 0
4 8 20 0 1
4 15 20 0 1
28 43 20 1 0
37 43 21 2 0
38 42 22 1 0
69 42 23 1 0
67 42 24 1 0
48 42 25 1 0
35 42 26 1 0
4 10 27 0 1
75 40 22 1 0
73 40 23 3 0
74 38 24 1 0
33 38 25 1 0
4 11 26 0 1
4 4 24 0 1
76 3 24 1 0
25 3 25 1 0
8 3 26 1 0
20 3 27 1 0
21 3 28 1 0
19 3 29 1 0
34 3 30 1 0
24 3 31 1 0
6 3 32 1 0
23 3 33 1 0
55 3 34 1 0
57 3 35 1 0
5 3 36 1 0
46 3 37 1 0
70 3 38 1 0
71 3 39 1 0
52 3 40 1 0
53 3 41 1 0
54 3 42 1 0
36 3 43 1 0
4 12 44 0 1
4 21 20 0 1
25 41 20 1 0
8 41 21 1 0
20 41 22 1 0
21 41 23 1 0
19 41 24 1 0
34 41 25 1 0
24 41 26 1 0
6 41 27 1 0
23 41 28 1 0
55 41 29 3 0
55 38 30 1 0
57 38 31 1 0
5 38 32 1 0
46 38 33 1 0
70 38 34 1 0
71 38 35 1 0
52 38 36 1 0
26 38 37 1 0
33 38 38 1 0
4 11 39 0 1
4 9 30 0 1
57 2 30 1 0
5 2 31 1 0
46 2 32 1 0
70 2 33 1 0
71 2 34 1 0
52 2 35 1 0
53 2 36 1 0
54 2 37 1 0
36 2 38 1 0
4 12 39 0 1
4 21 20 0 1
30 39 20 1 0
60 39 21 1 0
59 39 22 1 0
51 39 23 2 0
52 38 24 1 0
26 38 25 1 0
33 38 26 1 0
4 11 27 0 1
4 6 24 0 1
4 20 20 0 1
3 60 20 1 0
58 60 21 1 0
61 60 22 1 0
10 60 23 3 0
4 13 24 0 1
12 31 24 2 0
11 30 25 1 0
3 30 26 1 0
58 30 27 1 0
61 30 28 1 0
27 30 29 2 0
59 29 30 1 0
43 29 31 6 0
64 28 32 1 0
50 28 33 3 0
33 27 34 1 0
4 11 35 0 1
4 7 34 0 1
50 46 34 1 0
33 46 35 1 0
4 11 36 0 1
4 7 32 0 1
33 47 32 1 0
4 11 33 0 1
4 15 32 0 1
7 1 32 1 0
25 1 33 1 0
8 1 34 1 0
20 1 35 1 0
21 1 36 1 0
19 1 37 1 0
34 1 38 1 0
24 1 39 1 0
6 1 40 1 0
23 1 41 1 0
55 1 42 1 0
57 1 43 1 0
5 1 44 1 0
46 1 45 1 0
70 1 46 1 0
71 1 47 1 0
52 1 48 1 0
53 1 49 1 0
54 1 50 1 0
36 1 51 1 0
4 24 52 0 1
4 20 32 0 1
4 21 30 0 1
11 33 25 1 0
3 33 26 1 0
58 33 27 1 0
61 33 28 1 0
27 33 29 2 0
59 32 30 1 0
43 32 31 6 0
64 28 32 1 0
50 28 33 3 0
33 27 34 1 0
4 11 35 0 1
4 7 34 0 1
50 46 34 1 0
33 46 35 1 0
4 11 36 0 1
4 7 32 0 1
33 51 32 1 0
4 11 33 0 1
4 15 32 0 1
7 0 32 1 0
25 0 33 1 0
8 0 34 1 0
20 0 35 1 0
21 0 36 1 0
19 0 37 1 0
34 0 38 1 0
24 0 39 1 0
6 0 40 1 0
23 0 41 1 0
55 0 42 1 0
57 0 43 1 0
5 0 44 1 0
46 0 45 1 0
70 0 46 1 0
71 0 47 1 0
52 0 48 1 0
53 0 49 1 0
54 0 50 1 0
36 0 51 1 0
4 24 52 0 1
4 20 32 0 1
4 21 30 0 1
4 18 24 0 1
4 18 14 0 1
4 18 8 0 1
