1 70 0 1 0
17 53 1 1 0
47 53 2 1 0
61 53 3 1 0
0 70 4 1 0
14 53 5 1 0
45 53 6 4 0
16 52 7 1 0
4 18 8 0 1
4 6 7 0 1
62 36 7 1 0
4 13 8 0 1
12 69 7 4 0
4 15 8 0 1
13 54 8 1 0
15 54 9 1 0
2 70 10 1 0
38 54 11 4 0
42 52 12 1 0
4 18 13 0 1
42 58 12 1 0
4 24 13 0 1
40 29 12 2 0
54 25 13 1 0
68 25 14 1 0
67 25 15 1 0
65 25 16 1 0
62 25 17 1 0
4 13 18 0 1
39 63 13 4 0
29 59 14 1 0
4 13 15 0 1
4 17 14 0 1
28 44 14 1 0
27 44 15 2 0
68 43 16 1 0
66 43 17 1 0
46 43 18 1 0
32 43 19 1 0
4 12 20 0 1
73 39 16 1 0
29 39 17 1 0
4 13 18 0 1
4 22 14 0 1
37 67 12 1 0
9 67 13 3 0
4 15 14 0 1
11 42 14 1 0
10 42 15 1 0
3 42 16 1 0
57 42 17 1 0
30 42 18 7 0
4 11 19 0 1
4 17 19 0 1
24 41 19 1 0
8 41 20 1 0
19 41 21 1 0
20 41 22 1 0
18 41 23 1 0
31 41 24 1 0
23 41 25 1 0
6 41 26 1 0
22 41 27 1 0
53 41 28 3 0
53 39 29 1 0
56 39 30 1 0
5 39 31 1 0
44 39 32 1 0
69 39 33 1 0
70 39 34 1 0
49 39 35 1 0
25 39 36 1 0
29 39 37 1 0
4 13 38 0 1
4 10 29 0 1
56 3 29 1 0
5 3 30 1 0
44 3 31 1 0
69 3 32 1 0
70 3 33 1 0
49 3 34 1 0
51 3 35 1 0
52 3 36 1 0
33 3 37 1 0
4 14 38 0 1
4 22 19 0 1
59 66 19 1 0
60 66 20 1 0
9 66 21 3 0
4 15 22 0 1
11 34 22 2 0
10 33 23 1 0
3 33 24 1 0
57 33 25 1 0
60 33 26 1 0
26 33 27 2 0
58 32 28 1 0
41 32 29 6 0
63 31 30 1 0
48 31 31 3 0
29 30 32 1 0
4 13 33 0 1
4 8 32 0 1
48 50 32 1 0
29 50 33 1 0
4 13 34 0 1
4 8 30 0 1
29 51 30 1 0
4 13 31 0 1
4 17 30 0 1
7 1 30 1 0
24 1 31 1 0
8 1 32 1 0
19 1 33 1 0
20 1 34 1 0
18 1 35 1 0
31 1 36 1 0
23 1 37 1 0
6 1 38 1 0
22 1 39 1 0
53 1 40 1 0
56 1 41 1 0
5 1 42 1 0
44 1 43 1 0
69 1 44 1 0
70 1 45 1 0
49 1 46 1 0
51 1 47 1 0
52 1 48 1 0
33 1 49 1 0
4 26 50 0 1
4 22 30 0 1
4 23 28 0 1
10 57 23 1 0
3 57 24 1 0
57 57 25 1 0
60 57 26 1 0
55 57 27 3 0
4 21 28 0 1
24 60 28 1 0
8 60 29 1 0
19 60 30 1 0
20 60 31 1 0
18 60 32 1 0
31 60 33 1 0
23 60 34 1 0
6 60 35 1 0
22 60 36 1 0
53 60 37 1 0
56 60 38 1 0
5 60 39 1 0
44 60 40 1 0
69 60 41 1 0
70 60 42 1 0
49 60 43 1 0
51 60 44 1 0
52 60 45 4 0
43 59 46 1 0
71 59 47 1 0
4 13 48 0 1
4 17 46 0 1
7 2 46 1 0
24 2 47 1 0
8 2 48 1 0
19 2 49 1 0
20 2 50 1 0
18 2 51 1 0
31 2 52 1 0
23 2 53 1 0
6 2 54 1 0
22 2 55 1 0
53 2 56 1 0
56 2 57 1 0
5 2 58 1 0
44 2 59 1 0
69 2 60 1 0
50 2 61 2 0
4 7 62 0 1
69 39 62 1 0
70 39 63 1 0
49 39 64 1 0
25 39 65 1 0
29 39 66 1 0
4 13 67 0 1
4 22 46 0 1
4 23 28 0 1
4 19 22 0 1
4 9 19 0 1
3 56 19 1 0
57 56 20 1 0
60 56 21 1 0
55 56 22 3 0
4 21 23 0 1
24 0 23 1 0
8 0 24 1 0
19 0 25 1 0
20 0 26 1 0
18 0 27 1 0
31 0 28 1 0
23 0 29 1 0
6 0 30 1 0
22 0 31 1 0
53 0 32 1 0
56 0 33 1 0
5 0 34 1 0
44 0 35 1 0
69 0 36 1 0
70 0 37 1 0
49 0 38 1 0
51 0 39 1 0
52 0 40 1 0
33 0 41 1 0
4 26 42 0 1
4 23 23 0 1
4 19 14 0 1
13 55 8 1 0
15 55 9 1 0
2 70 10 1 0
38 55 11 4 0
42 52 12 1 0
4 18 13 0 1
42 58 12 1 0
4 24 13 0 1
40 65 12 2 0
54 64 13 1 0
4 35 14 0 1
39 49 13 4 0
29 48 14 1 0
4 13 15 0 1
4 17 14 0 1
28 28 14 1 0
27 28 15 2 0
68 27 16 1 0
67 27 17 1 0
64 27 18 2 0
65 25 19 1 0
62 25 20 1 0
4 13 21 0 1
21 37 19 2 0
4 16 20 0 1
4 20 20 0 1
73 38 16 1 0
29 38 17 1 0
4 13 18 0 1
4 22 14 0 1
37 68 12 1 0
9 68 13 3 0
4 15 14 0 1
11 47 14 2 0
10 46 15 1 0
35 46 16 2 0
34 45 17 2 0
36 43 18 1 0
68 43 19 1 0
66 43 20 1 0
46 43 21 1 0
32 43 22 1 0
4 12 23 0 1
74 40 18 1 0
72 40 19 3 0
73 39 20 1 0
29 39 21 1 0
4 13 22 0 1
4 5 20 0 1
75 4 20 1 0
24 4 21 1 0
8 4 22 1 0
19 4 23 1 0
20 4 24 1 0
18 4 25 1 0
31 4 26 1 0
23 4 27 1 0
6 4 28 1 0
22 4 29 1 0
53 4 30 1 0
56 4 31 1 0
5 4 32 1 0
44 4 33 1 0
69 4 34 1 0
70 4 35 1 0
49 4 36 1 0
51 4 37 1 0
52 4 38 1 0
33 4 39 1 0
4 14 40 0 1
4 23 17 0 1
10 62 15 1 0
3 62 16 1 0
57 62 17 1 0
60 62 18 1 0
26 62 19 2 0
58 61 20 1 0
41 61 21 4 0
43 59 22 1 0
71 59 23 1 0
4 13 24 0 1
4 17 22 0 1
7 39 22 1 0
24 39 23 1 0
8 39 24 1 0
19 39 25 1 0
20 39 26 1 0
18 39 27 1 0
31 39 28 1 0
23 39 29 1 0
6 39 30 1 0
22 39 31 1 0
53 39 32 1 0
56 39 33 1 0
5 39 34 1 0
44 39 35 1 0
69 39 36 1 0
70 39 37 1 0
49 39 38 1 0
25 39 39 1 0
29 39 40 1 0
4 13 41 0 1
4 22 22 0 1
4 23 20 0 1
4 19 14 0 1
4 19 8 0 1
