1 0 1 0
17 1 1 0
43 2 1 0
54 3 1 0
0 4 1 0
14 5 1 0
42 6 4 0
16 7 1 0
4 8 0 1
4 7 0 1
55 7 1 0
4 8 0 1
12 7 3 0
4 8 0 1
13 8 1 0
15 9 1 0
2 10 1 0
36 11 4 0
40 12 1 0
4 13 0 1
40 12 1 0
4 13 0 1
38 12 2 0
49 13 1 0
4 14 0 1
37 13 4 0
29 14 1 0
4 15 0 1
4 14 0 1
28 14 1 0
27 15 2 0
60 16 1 0
59 17 1 0
57 18 2 0
58 19 1 0
55 20 1 0
4 21 0 1
21 19 2 0
4 20 0 1
4 20 0 1
64 16 1 0
29 17 1 0
4 18 0 1
4 14 0 1
35 12 1 0
9 13 3 0
4 14 0 1
11 14 6 0
10 15 1 0
33 16 2 0
32 17 2 0
34 18 1 0
60 19 1 0
59 20 1 0
58 21 1 0
55 22 1 0
4 23 0 1
65 18 1 0
63 19 3 0
64 20 1 0
29 21 1 0
4 22 0 1
4 20 0 1
66 20 1 0
24 21 1 0
8 22 1 0
19 23 1 0
20 24 1 0
18 25 1 0
30 26 1 0
23 27 1 0
6 28 1 0
22 29 1 0
48 30 1 0
50 31 1 0
5 32 1 0
41 33 1 0
61 34 1 0
62 35 1 0
45 36 1 0
46 37 1 0
47 38 1 0
31 39 1 0
4 40 0 1
4 17 0 1
10 15 1 0
3 16 1 0
51 17 1 0
53 18 1 0
26 19 2 0
52 20 1 0
39 21 6 0
56 22 1 0
44 23 3 0
29 24 1 0
4 25 0 1
4 24 0 1
44 24 1 0
29 25 1 0
4 26 0 1
4 22 0 1
29 22 1 0
4 23 0 1
4 22 0 1
7 22 1 0
24 23 1 0
8 24 1 0
19 25 1 0
20 26 1 0
18 27 1 0
30 28 1 0
23 29 1 0
6 30 1 0
22 31 1 0
48 32 1 0
50 33 1 0
5 34 1 0
41 35 1 0
61 36 1 0
62 37 1 0
45 38 1 0
25 39 1 0
29 40 1 0
4 41 0 1
4 22 0 1
4 20 0 1
10 15 1 0
3 16 1 0
51 17 1 0
53 18 1 0
26 19 2 0
52 20 1 0
39 21 6 0
56 22 1 0
44 23 3 0
29 24 1 0
4 25 0 1
4 24 0 1
44 24 1 0
29 25 1 0
4 26 0 1
4 22 0 1
29 22 1 0
4 23 0 1
4 22 0 1
7 22 1 0
24 23 1 0
8 24 1 0
19 25 1 0
20 26 1 0
18 27 1 0
30 28 1 0
23 29 1 0
6 30 1 0
22 31 1 0
48 32 1 0
50 33 1 0
5 34 1 0
41 35 1 0
61 36 1 0
62 37 1 0
45 38 1 0
25 39 1 0
29 40 1 0
4 41 0 1
4 22 0 1
4 20 0 1
10 15 1 0
3 16 1 0
51 17 1 0
53 18 1 0
26 19 2 0
52 20 1 0
39 21 6 0
56 22 1 0
44 23 3 0
29 24 1 0
4 25 0 1
4 24 0 1
44 24 1 0
29 25 1 0
4 26 0 1
4 22 0 1
29 22 1 0
4 23 0 1
4 22 0 1
7 22 1 0
24 23 1 0
8 24 1 0
19 25 1 0
20 26 1 0
18 27 1 0
30 28 1 0
23 29 1 0
6 30 1 0
22 31 1 0
48 32 1 0
50 33 1 0
5 34 1 0
41 35 1 0
61 36 1 0
62 37 1 0
45 38 1 0
25 39 1 0
29 40 1 0
4 41 0 1
4 22 0 1
4 20 0 1
10 15 1 0
3 16 1 0
51 17 1 0
53 18 1 0
26 19 2 0
52 20 1 0
39 21 6 0
56 22 1 0
44 23 3 0
29 24 1 0
4 25 0 1
4 24 0 1
44 24 1 0
29 25 1 0
4 26 0 1
4 22 0 1
29 22 1 0
4 23 0 1
4 22 0 1
7 22 1 0
24 23 1 0
8 24 1 0
19 25 1 0
20 26 1 0
18 27 1 0
30 28 1 0
23 29 1 0
6 30 1 0
22 31 1 0
48 32 1 0
50 33 1 0
5 34 1 0
41 35 1 0
61 36 1 0
62 37 1 0
45 38 1 0
25 39 1 0
29 40 1 0
4 41 0 1
4 22 0 1
4 20 0 1
10 15 1 0
3 16 1 0
51 17 1 0
53 18 1 0
26 19 2 0
52 20 1 0
39 21 6 0
56 22 1 0
44 23 3 0
29 24 1 0
4 25 0 1
4 24 0 1
44 24 1 0
29 25 1 0
4 26 0 1
4 22 0 1
29 22 1 0
4 23 0 1
4 22 0 1
7 22 1 0
24 23 1 0
8 24 1 0
19 25 1 0
20 26 1 0
18 27 1 0
30 28 1 0
23 29 1 0
6 30 1 0
22 31 1 0
48 32 1 0
50 33 1 0
5 34 1 0
41 35 1 0
61 36 1 0
62 37 1 0
45 38 1 0
25 39 1 0
29 40 1 0
4 41 0 1
4 22 0 1
4 20 0 1
4 14 0 1
4 8 0 1
