1 44 0 1 0
17 34 1 1 0
40 34 2 1 0
51 34 3 1 0
0 44 4 1 0
14 34 5 1 0
39 34 6 4 0
16 33 7 1 0
4 8 8 0 1
4 1 7 0 1
52 4 7 1 0
4 3 8 0 1
12 43 7 4 0
4 5 8 0 1
13 36 8 1 0
15 36 9 1 0
2 44 10 1 0
32 36 11 4 0
36 33 12 1 0
4 8 13 0 1
36 37 12 1 0
4 13 13 0 1
34 40 12 2 0
46 38 13 1 0
4 23 14 0 1
33 30 13 3 0
28 29 14 1 0
4 3 15 0 1
4 7 14 0 1
4 11 14 0 1
31 41 12 1 0
9 41 13 3 0
4 5 14 0 1
11 22 14 5 0
10 21 15 1 0
3 21 16 1 0
48 21 17 1 0
50 21 18 1 0
25 21 19 2 0
49 20 20 1 0
35 20 21 6 0
53 19 22 1 0
41 19 23 3 0
28 18 24 1 0
4 3 25 0 1
4 2 24 0 1
41 28 24 1 0
28 28 25 1 0
4 3 26 0 1
4 2 22 0 1
28 32 22 1 0
4 3 23 0 1
4 7 22 0 1
7 0 22 1 0
24 0 23 1 0
8 0 24 1 0
19 0 25 1 0
20 0 26 1 0
18 0 27 1 0
29 0 28 1 0
23 0 29 1 0
6 0 30 1 0
22 0 31 1 0
45 0 32 1 0
47 0 33 1 0
5 0 34 1 0
38 0 35 1 0
58 0 36 1 0
59 0 37 1 0
42 0 38 1 0
43 0 39 1 0
44 0 40 1 0
30 0 41 1 0
4 15 42 0 1
4 11 22 0 1
4 12 20 0 1
10 21 15 1 0
3 21 16 1 0
48 21 17 1 0
50 21 18 1 0
25 21 19 2 0
49 20 20 1 0
35 20 21 6 0
53 19 22 1 0
41 19 23 3 0
28 18 24 1 0
4 3 25 0 1
4 2 24 0 1
41 28 24 1 0
28 28 25 1 0
4 3 26 0 1
4 2 22 0 1
28 32 22 1 0
4 3 23 0 1
4 7 22 0 1
7 0 22 1 0
24 0 23 1 0
8 0 24 1 0
19 0 25 1 0
20 0 26 1 0
18 0 27 1 0
29 0 28 1 0
23 0 29 1 0
6 0 30 1 0
22 0 31 1 0
45 0 32 1 0
47 0 33 1 0
5 0 34 1 0
38 0 35 1 0
58 0 36 1 0
59 0 37 1 0
42 0 38 1 0
43 0 39 1 0
44 0 40 1 0
30 0 41 1 0
4 15 42 0 1
4 11 22 0 1
4 12 20 0 1
10 21 15 1 0
3 21 16 1 0
48 21 17 1 0
50 21 18 1 0
25 21 19 2 0
49 20 20 1 0
35 20 21 6 0
53 19 22 1 0
41 19 23 3 0
28 18 24 1 0
4 3 25 0 1
4 2 24 0 1
41 28 24 1 0
28 28 25 1 0
4 3 26 0 1
4 2 22 0 1
28 32 22 1 0
4 3 23 0 1
4 7 22 0 1
7 0 22 1 0
24 0 23 1 0
8 0 24 1 0
19 0 25 1 0
20 0 26 1 0
18 0 27 1 0
29 0 28 1 0
23 0 29 1 0
6 0 30 1 0
22 0 31 1 0
45 0 32 1 0
47 0 33 1 0
5 0 34 1 0
38 0 35 1 0
58 0 36 1 0
59 0 37 1 0
42 0 38 1 0
43 0 39 1 0
44 0 40 1 0
30 0 41 1 0
4 15 42 0 1
4 11 22 0 1
4 12 20 0 1
10 21 15 1 0
3 21 16 1 0
48 21 17 1 0
50 21 18 1 0
25 21 19 2 0
49 20 20 1 0
35 20 21 6 0
53 19 22 1 0
41 19 23 3 0
28 18 24 1 0
4 3 25 0 1
4 2 24 0 1
41 28 24 1 0
28 28 25 1 0
4 3 26 0 1
4 2 22 0 1
28 32 22 1 0
4 3 23 0 1
4 7 22 0 1
7 0 22 1 0
24 0 23 1 0
8 0 24 1 0
19 0 25 1 0
20 0 26 1 0
18 0 27 1 0
29 0 28 1 0
23 0 29 1 0
6 0 30 1 0
22 0 31 1 0
45 0 32 1 0
47 0 33 1 0
5 0 34 1 0
38 0 35 1 0
58 0 36 1 0
59 0 37 1 0
42 0 38 1 0
43 0 39 1 0
44 0 40 1 0
30 0 41 1 0
4 15 42 0 1
4 11 22 0 1
4 12 20 0 1
10 21 15 1 0
3 21 16 1 0
48 21 17 1 0
50 21 18 1 0
25 21 19 2 0
49 20 20 1 0
35 20 21 6 0
53 19 22 1 0
41 19 23 3 0
28 18 24 1 0
4 3 25 0 1
4 2 24 0 1
41 28 24 1 0
28 28 25 1 0
4 3 26 0 1
4 2 22 0 1
28 32 22 1 0
4 3 23 0 1
4 7 22 0 1
7 0 22 1 0
24 0 23 1 0
8 0 24 1 0
19 0 25 1 0
20 0 26 1 0
18 0 27 1 0
29 0 28 1 0
23 0 29 1 0
6 0 30 1 0
22 0 31 1 0
45 0 32 1 0
47 0 33 1 0
5 0 34 1 0
38 0 35 1 0
58 0 36 1 0
59 0 37 1 0
42 0 38 1 0
43 0 39 1 0
44 0 40 1 0
30 0 41 1 0
4 15 42 0 1
4 11 22 0 1
4 12 20 0 1
4 9 14 0 1
13 35 8 1 0
15 35 9 1 0
2 44 10 1 0
32 35 11 4 0
36 33 12 1 0
4 8 13 0 1
36 37 12 1 0
4 13 13 0 1
34 39 12 2 0
46 38 13 1 0
4 23 14 0 1
33 27 13 4 0
28 26 14 1 0
4 3 15 0 1
4 7 14 0 1
27 17 14 1 0
26 17 15 2 0
57 16 16 1 0
56 16 17 1 0
54 16 18 2 0
55 14 19 1 0
52 14 20 1 0
4 3 21 0 1
21 24 19 2 0
4 6 20 0 1
4 10 20 0 1
61 25 16 1 0
28 25 17 1 0
4 3 18 0 1
4 11 14 0 1
31 42 12 1 0
9 42 13 3 0
4 5 14 0 1
11 31 14 1 0
10 31 15 1 0
3 31 16 1 0
48 31 17 1 0
50 31 18 1 0
25 31 19 2 0
49 30 20 1 0
35 30 21 3 0
37 29 22 1 0
60 29 23 1 0
4 3 24 0 1
4 7 22 0 1
4 11 22 0 1
4 12 20 0 1
4 9 14 0 1
4 9 8 0 1
