1 68 0 1 0
17 56 1 1 0
46 56 2 1 0
58 56 3 1 0
0 68 4 1 0
14 56 5 1 0
44 56 6 4 0
16 55 7 1 0
4 16 8 0 1
4 4 7 0 1
59 11 7 1 0
4 9 8 0 1
12 67 7 4 0
4 12 8 0 1
13 57 8 1 0
15 57 9 1 0
2 68 10 1 0
37 57 11 4 0
41 55 12 1 0
4 16 13 0 1
41 58 12 1 0
4 21 13 0 1
39 62 12 2 0
53 60 13 1 0
4 32 14 0 1
38 50 13 4 0
29 49 14 1 0
4 9 15 0 1
4 14 14 0 1
28 25 14 1 0
27 25 15 2 0
65 24 16 1 0
64 24 17 1 0
61 24 18 2 0
62 22 19 1 0
59 22 20 1 0
4 9 21 0 1
21 34 19 2 0
4 13 20 0 1
4 18 20 0 1
70 35 16 1 0
29 35 17 1 0
4 9 18 0 1
4 19 14 0 1
36 65 12 1 0
9 65 13 3 0
4 12 14 0 1
11 38 14 1 0
10 38 15 1 0
3 38 16 1 0
55 38 17 1 0
57 38 18 1 0
26 38 19 2 0
56 37 20 1 0
40 37 21 4 0
42 36 22 1 0
68 36 23 1 0
4 9 24 0 1
4 14 22 0 1
7 0 22 1 0
24 0 23 1 0
8 0 24 1 0
19 0 25 1 0
20 0 26 1 0
18 0 27 1 0
30 0 28 1 0
23 0 29 1 0
6 0 30 1 0
22 0 31 1 0
52 0 32 1 0
54 0 33 1 0
5 0 34 1 0
43 0 35 1 0
66 0 36 1 0
67 0 37 1 0
49 0 38 1 0
50 0 39 1 0
51 0 40 1 0
32 0 41 1 0
4 23 42 0 1
4 19 22 0 1
4 20 20 0 1
4 17 14 0 1
13 54 8 1 0
15 54 9 1 0
2 68 10 1 0
37 54 11 4 0
41 53 12 1 0
4 15 13 0 1
41 58 12 1 0
4 21 13 0 1
39 61 12 2 0
53 60 13 1 0
4 32 14 0 1
38 39 13 4 0
29 36 14 1 0
4 9 15 0 1
4 14 14 0 1
28 26 14 1 0
27 26 15 2 0
65 22 16 1 0
64 22 17 1 0
62 22 18 1 0
59 22 19 1 0
4 9 20 0 1
70 59 16 1 0
29 59 17 1 0
4 9 18 0 1
4 19 14 0 1
36 66 12 1 0
9 66 13 3 0
4 12 14 0 1
11 48 14 2 0
10 47 15 1 0
34 47 16 2 0
33 46 17 2 0
35 45 18 1 0
65 45 19 1 0
63 45 20 1 0
45 45 21 1 0
31 45 22 1 0
4 8 23 0 1
71 43 18 1 0
69 43 19 3 0
70 40 20 1 0
29 40 21 1 0
4 9 22 0 1
4 3 20 0 1
72 2 20 1 0
24 2 21 1 0
8 2 22 1 0
19 2 23 1 0
20 2 24 1 0
18 2 25 1 0
30 2 26 1 0
23 2 27 1 0
6 2 28 1 0
22 2 29 1 0
52 2 30 1 0
54 2 31 1 0
5 2 32 1 0
43 2 33 1 0
66 2 34 1 0
67 2 35 1 0
49 2 36 1 0
50 2 37 1 0
51 2 38 1 0
32 2 39 1 0
4 10 40 0 1
4 20 17 0 1
10 63 15 1 0
3 63 16 1 0
55 63 17 1 0
73 63 18 5 0
4 33 19 0 1
4 14 19 0 1
24 44 19 1 0
8 44 20 1 0
19 44 21 1 0
20 44 22 1 0
18 44 23 1 0
30 44 24 1 0
23 44 25 1 0
6 44 26 1 0
22 44 27 1 0
52 44 28 3 0
52 40 29 1 0
54 40 30 1 0
5 40 31 1 0
43 40 32 1 0
66 40 33 1 0
67 40 34 1 0
49 40 35 1 0
25 40 36 1 0
29 40 37 1 0
4 9 38 0 1
4 7 29 0 1
54 1 29 1 0
5 1 30 1 0
43 1 31 1 0
66 1 32 1 0
67 1 33 1 0
49 1 34 1 0
50 1 35 1 0
51 1 36 1 0
32 1 37 1 0
4 10 38 0 1
4 19 19 0 1
3 64 19 1 0
55 64 20 1 0
57 64 21 1 0
9 64 22 3 0
4 12 23 0 1
11 31 23 2 0
10 30 24 1 0
3 30 25 1 0
55 30 26 1 0
57 30 27 1 0
26 30 28 2 0
56 29 29 1 0
40 29 30 6 0
60 28 31 1 0
47 28 32 3 0
29 27 33 1 0
4 9 34 0 1
4 6 33 0 1
47 51 33 1 0
29 51 34 1 0
4 9 35 0 1
4 6 31 0 1
29 52 31 1 0
4 9 32 0 1
4 14 31 0 1
7 59 31 1 0
24 59 32 1 0
8 59 33 1 0
19 59 34 1 0
20 59 35 1 0
18 59 36 1 0
30 59 37 1 0
23 59 38 1 0
6 59 39 1 0
22 59 40 1 0
52 59 41 1 0
54 59 42 1 0
5 59 43 1 0
43 59 44 1 0
66 59 45 1 0
67 59 46 1 0
49 59 47 1 0
25 59 48 1 0
29 59 49 1 0
4 9 50 0 1
4 19 31 0 1
4 20 29 0 1
10 42 24 1 0
3 42 25 1 0
55 42 26 1 0
57 42 27 1 0
26 42 28 2 0
56 41 29 1 0
48 41 30 2 0
49 40 31 1 0
25 40 32 1 0
29 40 33 1 0
4 9 34 0 1
4 5 31 0 1
4 20 29 0 1
4 17 23 0 1
4 17 14 0 1
4 17 8 0 1
