1 58 0 1 0
18 47 1 1 0
49 47 2 1 0
62 47 3 1 0
0 58 4 1 0
15 47 5 1 0
47 47 6 4 0
17 46 7 1 0
4 16 8 0 1
4 4 7 0 1
63 11 7 1 0
4 9 8 0 1
13 57 7 4 0
4 12 8 0 1
14 49 8 1 0
16 49 9 1 0
2 58 10 1 0
40 49 11 4 0
44 46 12 1 0
4 16 13 0 1
44 50 12 1 0
4 21 13 0 1
42 53 12 2 0
56 51 13 1 0
4 30 14 0 1
41 44 13 3 0
33 43 14 1 0
4 9 15 0 1
4 14 14 0 1
4 19 14 0 1
39 55 12 1 0
10 55 13 3 0
4 12 14 0 1
12 33 14 1 0
11 33 15 1 0
3 33 16 1 0
58 33 17 1 0
29 33 18 1 0
9 33 19 9 0
4 6 20 0 1
4 14 20 0 1
28 39 20 1 0
37 39 21 2 0
38 38 22 1 0
69 38 23 1 0
67 38 24 1 0
48 38 25 1 0
35 38 26 1 0
4 8 27 0 1
75 37 22 1 0
73 37 23 3 0
74 34 24 1 0
33 34 25 1 0
4 9 26 0 1
4 3 24 0 1
76 1 24 1 0
25 1 25 1 0
8 1 26 1 0
20 1 27 1 0
21 1 28 1 0
19 1 29 1 0
34 1 30 1 0
24 1 31 1 0
6 1 32 1 0
23 1 33 1 0
55 1 34 1 0
57 1 35 1 0
5 1 36 1 0
46 1 37 1 0
70 1 38 1 0
71 1 39 1 0
52 1 40 1 0
53 1 41 1 0
54 1 42 1 0
36 1 43 1 0
4 10 44 0 1
4 20 20 0 1
25 36 20 1 0
8 36 21 1 0
20 36 22 1 0
21 36 23 1 0
19 36 24 1 0
34 36 25 1 0
24 36 26 1 0
6 36 27 1 0
23 36 28 1 0
55 36 29 3 0
55 34 30 1 0
57 34 31 1 0
5 34 32 1 0
46 34 33 1 0
70 34 34 1 0
71 34 35 1 0
52 34 36 1 0
26 34 37 1 0
33 34 38 1 0
4 9 39 0 1
4 15 30 0 1
57 2 30 1 0
5 2 31 1 0
46 2 32 1 0
70 2 33 1 0
71 2 34 1 0
52 2 35 1 0
53 2 36 1 0
54 2 37 1 0
36 2 38 1 0
4 10 39 0 1
4 20 20 0 1
30 35 20 1 0
60 35 21 1 0
59 35 22 1 0
51 35 23 2 0
52 34 24 1 0
26 34 25 1 0
33 34 26 1 0
4 9 27 0 1
4 7 24 0 1
4 19 20 0 1
3 54 20 1 0
58 54 21 1 0
61 54 22 1 0
10 54 23 3 0
4 12 24 0 1
12 29 24 1 0
11 29 25 1 0
3 29 26 1 0
58 29 27 1 0
61 29 28 1 0
27 29 29 2 0
59 28 30 1 0
43 28 31 6 0
64 27 32 1 0
50 27 33 3 0
33 26 34 1 0
4 9 35 0 1
4 5 34 0 1
50 42 34 1 0
33 42 35 1 0
4 9 36 0 1
4 5 32 0 1
33 43 32 1 0
4 9 33 0 1
4 14 32 0 1
7 0 32 1 0
25 0 33 1 0
8 0 34 1 0
20 0 35 1 0
21 0 36 1 0
19 0 37 1 0
34 0 38 1 0
24 0 39 1 0
6 0 40 1 0
23 0 41 1 0
55 0 42 1 0
57 0 43 1 0
5 0 44 1 0
46 0 45 1 0
70 0 46 1 0
71 0 47 1 0
52 0 48 1 0
53 0 49 1 0
54 0 50 1 0
36 0 51 1 0
4 23 52 0 1
4 19 32 0 1
4 20 30 0 1
4 17 24 0 1
4 17 14 0 1
14 48 8 1 0
16 48 9 1 0
2 58 10 1 0
40 48 11 4 0
44 46 12 1 0
4 16 13 0 1
44 50 12 1 0
4 21 13 0 1
42 52 12 2 0
56 51 13 1 0
4 30 14 0 1
41 41 13 4 0
33 40 14 1 0
4 9 15 0 1
4 14 14 0 1
32 25 14 1 0
31 25 15 2 0
69 24 16 1 0
68 24 17 1 0
65 24 18 2 0
66 22 19 1 0
63 22 20 1 0
4 9 21 0 1
22 31 19 2 0
4 13 20 0 1
4 18 20 0 1
74 32 16 1 0
33 32 17 1 0
4 9 18 0 1
4 19 14 0 1
39 56 12 1 0
10 56 13 3 0
4 12 14 0 1
12 45 14 1 0
11 45 15 1 0
3 45 16 1 0
58 45 17 1 0
61 45 18 1 0
27 45 19 2 0
59 44 20 1 0
43 44 21 3 0
45 43 22 1 0
72 43 23 1 0
4 9 24 0 1
4 14 22 0 1
4 19 22 0 1
4 20 20 0 1
4 17 14 0 1
4 17 8 0 1
