1 64 0 1 0
19 41 1 1 0
53 41 2 1 0
66 41 3 1 0
0 64 4 1 0
17 41 5 1 0
51 41 6 3 0
4 5 7 0 1
67 13 7 1 0
4 15 8 0 1
15 63 7 5 0
4 17 8 0 1
16 56 8 1 0
18 56 9 1 0
29 56 10 4 0
30 55 11 1 0
4 25 12 0 1
73 26 11 1 0
72 26 12 1 0
70 26 13 1 0
67 26 14 1 0
4 15 15 0 1
79 51 11 1 0
77 51 12 1 0
78 51 13 1 0
36 51 14 1 0
4 15 15 0 1
4 24 11 0 1
16 57 8 1 0
18 57 9 1 0
2 64 10 1 0
44 57 11 3 0
48 55 12 1 0
4 25 13 0 1
46 59 12 2 0
60 58 13 1 0
4 34 14 0 1
45 7 13 3 0
36 6 14 1 0
4 15 15 0 1
4 19 14 0 1
4 23 14 0 1
43 61 12 1 0
12 61 13 3 0
4 17 14 0 1
14 42 14 1 0
13 42 15 1 0
3 42 16 1 0
62 42 17 1 0
32 42 18 1 0
11 42 19 9 0
4 11 20 0 1
4 19 20 0 1
31 44 20 1 0
41 44 21 2 0
42 43 22 1 0
73 43 23 1 0
71 43 24 1 0
52 43 25 1 0
38 43 26 1 0
4 14 27 0 1
79 38 22 1 0
77 38 23 3 0
78 36 24 1 0
36 36 25 1 0
4 15 26 0 1
4 4 24 0 1
80 2 24 1 0
26 2 25 1 0
9 2 26 1 0
21 2 27 1 0
22 2 28 1 0
20 2 29 1 0
37 2 30 1 0
25 2 31 1 0
6 2 32 1 0
24 2 33 1 0
59 2 34 1 0
61 2 35 1 0
5 2 36 1 0
50 2 37 1 0
74 2 38 1 0
75 2 39 1 0
56 2 40 1 0
57 2 41 1 0
58 2 42 1 0
40 2 43 1 0
4 16 44 0 1
4 24 20 0 1
26 39 20 1 0
9 39 21 1 0
21 39 22 1 0
22 39 23 1 0
20 39 24 1 0
37 39 25 1 0
25 39 26 1 0
6 39 27 1 0
24 39 28 1 0
59 39 29 3 0
59 36 30 1 0
61 36 31 1 0
5 36 32 1 0
50 36 33 1 0
74 36 34 1 0
75 36 35 1 0
56 36 36 1 0
27 36 37 1 0
36 36 38 1 0
4 15 39 0 1
4 12 30 0 1
61 1 30 1 0
5 1 31 1 0
50 1 32 1 0
74 1 33 1 0
75 1 34 1 0
56 1 35 1 0
57 1 36 1 0
58 1 37 1 0
40 1 38 1 0
4 16 39 0 1
4 24 20 0 1
33 37 20 1 0
64 37 21 1 0
63 37 22 1 0
55 37 23 2 0
56 36 24 1 0
27 36 25 1 0
36 36 26 1 0
4 15 27 0 1
4 9 24 0 1
4 23 20 0 1
3 33 20 1 0
62 33 21 1 0
65 33 22 1 0
28 33 23 2 0
63 32 24 1 0
47 32 25 6 0
68 31 26 1 0
54 31 27 3 0
36 30 28 1 0
4 15 29 0 1
4 10 28 0 1
54 47 28 1 0
36 47 29 1 0
4 15 30 0 1
4 10 26 0 1
36 48 26 1 0
4 15 27 0 1
4 19 26 0 1
7 51 26 1 0
26 51 27 1 0
9 51 28 1 0
21 51 29 1 0
22 51 30 1 0
20 51 31 1 0
37 51 32 1 0
25 51 33 1 0
6 51 34 1 0
24 51 35 1 0
59 51 36 1 0
61 51 37 1 0
5 51 38 1 0
50 51 39 1 0
74 51 40 1 0
75 51 41 1 0
56 51 42 1 0
27 51 43 1 0
36 51 44 1 0
4 15 45 0 1
4 23 26 0 1
4 24 24 0 1
4 21 14 0 1
16 50 8 1 0
18 50 9 1 0
2 64 10 1 0
44 50 11 4 0
48 49 12 1 0
4 20 13 0 1
48 55 12 1 0
4 25 13 0 1
46 60 12 2 0
60 58 13 1 0
4 34 14 0 1
45 46 13 4 0
36 45 14 1 0
4 15 15 0 1
4 19 14 0 1
35 29 14 1 0
34 29 15 2 0
73 28 16 1 0
72 28 17 1 0
69 28 18 2 0
70 26 19 1 0
67 26 20 1 0
4 15 21 0 1
23 35 19 2 0
4 18 20 0 1
4 22 20 0 1
78 40 16 1 0
36 40 17 1 0
4 15 18 0 1
4 23 14 0 1
43 62 12 1 0
12 62 13 3 0
4 17 14 0 1
14 54 14 2 0
13 53 15 1 0
3 53 16 1 0
62 53 17 1 0
65 53 18 1 0
28 53 19 2 0
63 52 20 1 0
8 52 21 3 0
39 51 22 1 0
27 51 23 1 0
36 51 24 1 0
4 15 25 0 1
10 3 22 1 0
4 4 23 0 1
26 0 22 1 0
9 0 23 1 0
21 0 24 1 0
22 0 25 1 0
20 0 26 1 0
37 0 27 1 0
25 0 28 1 0
6 0 29 1 0
24 0 30 1 0
59 0 31 1 0
61 0 32 1 0
5 0 33 1 0
50 0 34 1 0
74 0 35 1 0
75 0 36 1 0
56 0 37 1 0
57 0 38 1 0
58 0 39 1 0
40 0 40 1 0
4 27 41 0 1
4 24 20 0 1
13 8 15 1 0
3 8 16 1 0
62 8 17 1 0
65 8 18 1 0
28 8 19 2 0
63 7 20 1 0
47 7 21 3 0
49 6 22 1 0
76 6 23 1 0
4 15 24 0 1
4 19 22 0 1
4 23 22 0 1
4 24 20 0 1
4 21 14 0 1
4 21 8 0 1
