1 64 0 1 0
20 56 1 1 0
52 56 2 1 0
64 56 3 1 0
0 64 4 1 0
17 56 5 1 0
50 56 6 4 0
19 55 7 1 0
4 17 8 0 1
4 6 7 0 1
65 16 7 1 0
4 11 8 0 1
15 63 7 3 0
4 13 8 0 1
16 57 8 1 0
18 57 9 1 0
2 64 10 1 0
44 57 11 4 0
48 55 12 1 0
4 17 13 0 1
48 58 12 1 0
4 22 13 0 1
46 60 12 2 0
58 59 13 1 0
4 38 14 0 1
45 51 13 4 0
35 50 14 1 0
4 11 15 0 1
4 15 14 0 1
34 27 14 1 0
33 27 15 2 0
71 26 16 1 0
70 26 17 1 0
67 26 18 2 0
68 24 19 1 0
65 24 20 1 0
4 11 21 0 1
24 39 19 2 0
4 14 20 0 1
4 19 20 0 1
75 40 16 1 0
35 40 17 1 0
4 11 18 0 1
4 20 14 0 1
43 61 12 1 0
12 61 13 3 0
4 13 14 0 1
14 30 14 2 0
13 29 15 1 0
41 29 16 2 0
40 28 17 2 0
42 24 18 1 0
71 24 19 1 0
70 24 20 1 0
68 24 21 1 0
65 24 22 1 0
4 11 23 0 1
76 49 18 1 0
74 49 19 3 0
75 48 20 1 0
35 48 21 1 0
4 11 22 0 1
4 5 20 0 1
77 0 20 1 0
27 0 21 1 0
9 0 22 1 0
22 0 23 1 0
23 0 24 1 0
21 0 25 1 0
36 0 26 1 0
26 0 27 1 0
6 0 28 1 0
25 0 29 1 0
57 0 30 1 0
59 0 31 1 0
5 0 32 1 0
49 0 33 1 0
72 0 34 1 0
73 0 35 1 0
54 0 36 1 0
55 0 37 1 0
56 0 38 1 0
39 0 39 1 0
4 25 40 0 1
4 21 17 0 1
13 45 15 1 0
3 45 16 1 0
60 45 17 1 0
31 45 18 1 0
11 45 19 9 0
4 8 20 0 1
4 15 20 0 1
30 47 20 1 0
40 47 21 2 0
42 46 22 1 0
71 46 23 1 0
69 46 24 1 0
51 46 25 1 0
37 46 26 1 0
4 10 27 0 1
76 43 22 1 0
74 43 23 3 0
75 41 24 1 0
35 41 25 1 0
4 11 26 0 1
4 5 24 0 1
77 4 24 1 0
27 4 25 1 0
9 4 26 1 0
22 4 27 1 0
23 4 28 1 0
21 4 29 1 0
36 4 30 1 0
26 4 31 1 0
6 4 32 1 0
25 4 33 1 0
57 4 34 1 0
59 4 35 1 0
5 4 36 1 0
49 4 37 1 0
72 4 38 1 0
73 4 39 1 0
54 4 40 1 0
55 4 41 1 0
56 4 42 1 0
39 4 43 1 0
4 12 44 0 1
4 21 20 0 1
27 44 20 1 0
9 44 21 1 0
22 44 22 1 0
23 44 23 1 0
21 44 24 1 0
36 44 25 1 0
26 44 26 1 0
6 44 27 1 0
25 44 28 1 0
57 44 29 3 0
57 41 30 1 0
59 41 31 1 0
5 41 32 1 0
49 41 33 1 0
72 41 34 1 0
73 41 35 1 0
54 41 36 1 0
28 41 37 1 0
35 41 38 1 0
4 11 39 0 1
4 9 30 0 1
59 2 30 1 0
5 2 31 1 0
49 2 32 1 0
72 2 33 1 0
73 2 34 1 0
54 2 35 1 0
55 2 36 1 0
56 2 37 1 0
39 2 38 1 0
4 12 39 0 1
4 21 20 0 1
32 42 20 1 0
62 42 21 1 0
61 42 22 1 0
8 42 23 3 0
38 41 24 1 0
28 41 25 1 0
35 41 26 1 0
4 11 27 0 1
10 1 24 1 0
4 23 25 0 1
27 3 24 1 0
9 3 25 1 0
22 3 26 1 0
23 3 27 1 0
21 3 28 1 0
36 3 29 1 0
26 3 30 1 0
6 3 31 1 0
25 3 32 1 0
57 3 33 1 0
59 3 34 1 0
5 3 35 1 0
49 3 36 1 0
72 3 37 1 0
73 3 38 1 0
54 3 39 1 0
55 3 40 1 0
56 3 41 1 0
39 3 42 1 0
4 12 43 0 1
4 20 20 0 1
3 62 20 1 0
60 62 21 1 0
63 62 22 1 0
12 62 23 3 0
4 13 24 0 1
14 35 24 2 0
13 34 25 1 0
3 34 26 1 0
60 34 27 1 0
63 34 28 1 0
29 34 29 2 0
61 33 30 1 0
47 33 31 6 0
66 32 32 1 0
53 32 33 3 0
35 31 34 1 0
4 11 35 0 1
4 7 34 0 1
53 52 34 1 0
35 52 35 1 0
4 11 36 0 1
4 7 32 0 1
35 53 32 1 0
4 11 33 0 1
4 15 32 0 1
7 48 32 1 0
27 48 33 1 0
9 48 34 1 0
22 48 35 1 0
23 48 36 1 0
21 48 37 1 0
36 48 38 1 0
26 48 39 1 0
6 48 40 1 0
25 48 41 1 0
57 48 42 1 0
59 48 43 1 0
5 48 44 1 0
49 48 45 1 0
72 48 46 1 0
73 48 47 1 0
54 48 48 1 0
28 48 49 1 0
35 48 50 1 0
4 11 51 0 1
4 20 32 0 1
4 21 30 0 1
13 37 25 1 0
3 37 26 1 0
60 37 27 1 0
63 37 28 1 0
29 37 29 2 0
61 36 30 1 0
47 36 31 5 0
66 32 32 1 0
53 32 33 3 0
35 31 34 1 0
4 11 35 0 1
4 7 34 0 1
53 52 34 1 0
35 52 35 1 0
4 11 36 0 1
4 7 32 0 1
35 54 32 1 0
4 11 33 0 1
4 15 32 0 1
4 20 32 0 1
4 21 30 0 1
4 18 24 0 1
4 18 14 0 1
4 18 8 0 1
