1 64 0 1 0
18 55 1 1 0
48 55 2 1 0
61 55 3 1 0
0 64 4 1 0
15 55 5 1 0
46 55 6 4 0
17 54 7 1 0
4 20 8 0 1
4 7 7 0 1
62 58 7 1 0
4 13 8 0 1
13 63 7 3 0
4 15 8 0 1
14 56 8 1 0
16 56 9 1 0
2 64 10 1 0
40 56 11 4 0
44 54 12 1 0
4 20 13 0 1
44 57 12 1 0
4 25 13 0 1
42 60 12 2 0
55 59 13 1 0
4 37 14 0 1
41 51 13 4 0
33 50 14 1 0
4 13 15 0 1
4 17 14 0 1
32 29 14 1 0
31 29 15 2 0
68 28 16 1 0
67 28 17 1 0
64 28 18 2 0
65 26 19 1 0
62 26 20 1 0
4 13 21 0 1
22 38 19 2 0
4 16 20 0 1
4 22 20 0 1
72 39 16 1 0
33 39 17 1 0
4 13 18 0 1
4 23 14 0 1
39 61 12 1 0
10 61 13 3 0
4 15 14 0 1
12 34 14 2 0
11 33 15 1 0
3 33 16 1 0
57 33 17 1 0
60 33 18 1 0
27 33 19 2 0
58 32 20 1 0
43 32 21 6 0
63 31 22 1 0
49 31 23 3 0
33 30 24 1 0
4 13 25 0 1
4 8 24 0 1
49 52 24 1 0
33 52 25 1 0
4 13 26 0 1
4 8 22 0 1
33 53 22 1 0
4 13 23 0 1
4 17 22 0 1
7 0 22 1 0
25 0 23 1 0
8 0 24 1 0
20 0 25 1 0
21 0 26 1 0
19 0 27 1 0
34 0 28 1 0
24 0 29 1 0
6 0 30 1 0
23 0 31 1 0
54 0 32 1 0
56 0 33 1 0
5 0 34 1 0
45 0 35 1 0
69 0 36 1 0
70 0 37 1 0
51 0 38 1 0
52 0 39 1 0
53 0 40 1 0
36 0 41 1 0
4 27 42 0 1
4 23 22 0 1
4 24 20 0 1
11 40 15 1 0
3 40 16 1 0
57 40 17 1 0
29 40 18 1 0
9 40 19 9 0
4 9 20 0 1
4 17 20 0 1
28 49 20 1 0
37 49 21 2 0
38 48 22 1 0
68 48 23 1 0
66 48 24 1 0
47 48 25 1 0
35 48 26 1 0
4 12 27 0 1
73 47 22 1 0
71 47 23 3 0
72 41 24 1 0
33 41 25 1 0
4 13 26 0 1
4 6 24 0 1
74 2 24 1 0
25 2 25 1 0
8 2 26 1 0
20 2 27 1 0
21 2 28 1 0
19 2 29 1 0
34 2 30 1 0
24 2 31 1 0
6 2 32 1 0
23 2 33 1 0
54 2 34 1 0
56 2 35 1 0
5 2 36 1 0
45 2 37 1 0
69 2 38 1 0
70 2 39 1 0
51 2 40 1 0
52 2 41 1 0
53 2 42 1 0
36 2 43 1 0
4 14 44 0 1
4 24 20 0 1
25 46 20 1 0
8 46 21 1 0
20 46 22 1 0
21 46 23 1 0
19 46 24 1 0
34 46 25 1 0
24 46 26 1 0
6 46 27 1 0
23 46 28 1 0
54 46 29 3 0
54 41 30 1 0
56 41 31 1 0
5 41 32 1 0
45 41 33 1 0
69 41 34 1 0
70 41 35 1 0
51 41 36 1 0
26 41 37 1 0
33 41 38 1 0
4 13 39 0 1
4 18 30 0 1
56 4 30 1 0
5 4 31 1 0
45 4 32 1 0
69 4 33 1 0
70 4 34 1 0
51 4 35 1 0
52 4 36 1 0
53 4 37 1 0
36 4 38 1 0
4 14 39 0 1
4 24 20 0 1
30 45 20 1 0
59 45 21 1 0
58 45 22 1 0
50 45 23 2 0
51 41 24 1 0
26 41 25 1 0
33 41 26 1 0
4 13 27 0 1
4 11 24 0 1
4 23 20 0 1
3 62 20 1 0
57 62 21 1 0
60 62 22 1 0
10 62 23 3 0
4 15 24 0 1
12 36 24 1 0
11 36 25 1 0
3 36 26 1 0
57 36 27 1 0
60 36 28 1 0
27 36 29 2 0
58 35 30 1 0
43 35 31 6 0
63 31 32 1 0
49 31 33 3 0
33 30 34 1 0
4 13 35 0 1
4 8 34 0 1
49 52 34 1 0
33 52 35 1 0
4 13 36 0 1
4 8 32 0 1
33 53 32 1 0
4 13 33 0 1
4 17 32 0 1
7 44 32 1 0
25 44 33 1 0
8 44 34 1 0
20 44 35 1 0
21 44 36 1 0
19 44 37 1 0
34 44 38 1 0
24 44 39 1 0
6 44 40 1 0
23 44 41 1 0
54 44 42 1 0
56 44 43 1 0
5 44 44 3 0
5 43 45 3 0
5 41 46 1 0
45 41 47 1 0
69 41 48 1 0
70 41 49 1 0
51 41 50 1 0
26 41 51 1 0
33 41 52 1 0
4 13 53 0 1
4 5 46 0 1
45 1 46 1 0
69 1 47 1 0
70 1 48 1 0
51 1 49 1 0
52 1 50 1 0
53 1 51 1 0
36 1 52 1 0
4 27 53 0 1
4 5 45 0 1
45 42 45 3 0
45 41 46 1 0
69 41 47 1 0
70 41 48 1 0
51 41 49 1 0
26 41 50 1 0
33 41 51 1 0
4 13 52 0 1
4 19 46 0 1
69 3 46 1 0
70 3 47 1 0
51 3 48 1 0
52 3 49 1 0
53 3 50 1 0
36 3 51 1 0
4 10 52 0 1
4 23 32 0 1
4 24 30 0 1
4 21 24 0 1
4 21 14 0 1
4 21 8 0 1
