1 64 0 1 0
18 56 1 1 0
48 56 2 1 0
61 56 3 1 0
0 64 4 1 0
15 56 5 1 0
46 56 6 4 0
17 55 7 1 0
4 21 8 0 1
4 7 7 0 1
62 20 7 1 0
4 13 8 0 1
13 63 7 3 0
4 15 8 0 1
14 57 8 1 0
16 57 9 1 0
2 64 10 1 0
40 57 11 4 0
44 55 12 1 0
4 21 13 0 1
44 58 12 1 0
4 26 13 0 1
42 60 12 2 0
55 59 13 1 0
4 38 14 0 1
41 52 13 4 0
33 51 14 1 0
4 13 15 0 1
4 18 14 0 1
32 30 14 1 0
31 30 15 2 0
68 29 16 1 0
67 29 17 1 0
64 29 18 2 0
65 27 19 1 0
62 27 20 1 0
4 13 21 0 1
22 39 19 2 0
4 16 20 0 1
4 23 20 0 1
72 40 16 1 0
33 40 17 1 0
4 13 18 0 1
4 24 14 0 1
39 61 12 1 0
10 61 13 3 0
4 15 14 0 1
12 35 14 2 0
11 34 15 1 0
3 34 16 1 0
57 34 17 1 0
60 34 18 1 0
27 34 19 2 0
58 33 20 1 0
43 33 21 6 0
63 32 22 1 0
49 32 23 3 0
33 31 24 1 0
4 13 25 0 1
4 8 24 0 1
49 53 24 1 0
33 53 25 1 0
4 13 26 0 1
4 8 22 0 1
33 54 22 1 0
4 13 23 0 1
4 18 22 0 1
7 1 22 1 0
25 1 23 1 0
8 1 24 1 0
20 1 25 1 0
21 1 26 1 0
19 1 27 1 0
34 1 28 1 0
24 1 29 1 0
6 1 30 1 0
23 1 31 1 0
54 1 32 1 0
56 1 33 1 0
5 1 34 1 0
45 1 35 1 0
69 1 36 1 0
70 1 37 1 0
51 1 38 1 0
52 1 39 1 0
53 1 40 1 0
36 1 41 1 0
4 28 42 0 1
4 24 22 0 1
4 25 20 0 1
11 41 15 1 0
3 41 16 1 0
57 41 17 1 0
29 41 18 1 0
9 41 19 9 0
4 9 20 0 1
4 18 20 0 1
28 50 20 1 0
37 50 21 2 0
38 49 22 1 0
68 49 23 1 0
66 49 24 1 0
47 49 25 1 0
35 49 26 1 0
4 12 27 0 1
73 48 22 1 0
71 48 23 3 0
72 42 24 1 0
33 42 25 1 0
4 13 26 0 1
4 6 24 0 1
74 2 24 1 0
25 2 25 1 0
8 2 26 1 0
20 2 27 1 0
21 2 28 1 0
19 2 29 1 0
34 2 30 1 0
24 2 31 1 0
6 2 32 1 0
23 2 33 1 0
54 2 34 1 0
56 2 35 1 0
5 2 36 1 0
45 2 37 1 0
69 2 38 1 0
70 2 39 1 0
51 2 40 1 0
52 2 41 1 0
53 2 42 1 0
36 2 43 1 0
4 14 44 0 1
4 25 20 0 1
25 47 20 1 0
8 47 21 1 0
20 47 22 1 0
21 47 23 1 0
19 47 24 1 0
34 47 25 1 0
24 47 26 1 0
6 47 27 1 0
23 47 28 1 0
54 47 29 3 0
54 42 30 1 0
56 42 31 1 0
5 42 32 1 0
45 42 33 1 0
69 42 34 1 0
70 42 35 1 0
51 42 36 1 0
26 42 37 1 0
33 42 38 1 0
4 13 39 0 1
4 17 30 0 1
56 4 30 1 0
5 4 31 1 0
45 4 32 1 0
69 4 33 1 0
70 4 34 1 0
51 4 35 1 0
52 4 36 1 0
53 4 37 1 0
36 4 38 1 0
4 14 39 0 1
4 25 20 0 1
30 46 20 1 0
59 46 21 1 0
58 46 22 1 0
50 46 23 2 0
51 42 24 1 0
26 42 25 1 0
33 42 26 1 0
4 13 27 0 1
4 11 24 0 1
4 24 20 0 1
3 62 20 1 0
57 62 21 1 0
60 62 22 1 0
10 62 23 3 0
4 15 24 0 1
12 37 24 1 0
11 37 25 1 0
3 37 26 1 0
57 37 27 1 0
60 37 28 1 0
27 37 29 2 0
58 36 30 1 0
43 36 31 6 0
63 32 32 1 0
49 32 33 3 0
33 31 34 1 0
4 13 35 0 1
4 8 34 0 1
49 53 34 1 0
33 53 35 1 0
4 13 36 0 1
4 8 32 0 1
33 54 32 1 0
4 13 33 0 1
4 18 32 0 1
7 45 32 1 0
25 45 33 1 0
8 45 34 1 0
20 45 35 1 0
21 45 36 1 0
19 45 37 1 0
34 45 38 1 0
24 45 39 1 0
6 45 40 1 0
23 45 41 1 0
54 45 42 1 0
56 45 43 1 0
5 45 44 3 0
5 44 45 3 0
5 42 46 1 0
45 42 47 1 0
69 42 48 1 0
70 42 49 1 0
51 42 50 1 0
26 42 51 1 0
33 42 52 1 0
4 13 53 0 1
4 5 46 0 1
45 0 46 1 0
69 0 47 1 0
70 0 48 1 0
51 0 49 1 0
52 0 50 1 0
53 0 51 1 0
36 0 52 1 0
4 28 53 0 1
4 5 45 0 1
45 43 45 3 0
45 42 46 1 0
69 42 47 1 0
70 42 48 1 0
51 42 49 1 0
26 42 50 1 0
33 42 51 1 0
4 13 52 0 1
4 19 46 0 1
69 3 46 1 0
70 3 47 1 0
51 3 48 1 0
52 3 49 1 0
53 3 50 1 0
36 3 51 1 0
4 10 52 0 1
4 24 32 0 1
4 25 30 0 1
4 22 24 0 1
4 22 14 0 1
4 22 8 0 1
