1 0 1 0
18 1 1 0
48 2 1 0
61 3 1 0
0 4 1 0
15 5 1 0
46 6 4 0
17 7 1 0
4 8 0 1
4 7 0 1
62 7 1 0
4 8 0 1
13 7 3 0
4 8 0 1
14 8 1 0
16 9 1 0
2 10 1 0
40 11 4 0
44 12 1 0
4 13 0 1
44 12 1 0
4 13 0 1
42 12 2 0
55 13 1 0
4 14 0 1
41 13 4 0
33 14 1 0
4 15 0 1
4 14 0 1
32 14 1 0
31 15 2 0
68 16 1 0
67 17 1 0
64 18 2 0
65 19 1 0
62 20 1 0
4 21 0 1
22 19 2 0
4 20 0 1
4 20 0 1
72 16 1 0
33 17 1 0
4 18 0 1
4 14 0 1
39 12 1 0
10 13 3 0
4 14 0 1
12 14 2 0
11 15 1 0
3 16 1 0
57 17 1 0
60 18 1 0
27 19 2 0
58 20 1 0
43 21 6 0
63 22 1 0
49 23 3 0
33 24 1 0
4 25 0 1
4 24 0 1
49 24 1 0
33 25 1 0
4 26 0 1
4 22 0 1
33 22 1 0
4 23 0 1
4 22 0 1
7 22 1 0
25 23 1 0
8 24 1 0
20 25 1 0
21 26 1 0
19 27 1 0
34 28 1 0
24 29 1 0
6 30 1 0
23 31 1 0
54 32 1 0
56 33 1 0
5 34 1 0
45 35 1 0
69 36 1 0
70 37 1 0
51 38 1 0
52 39 1 0
53 40 1 0
36 41 1 0
4 42 0 1
4 22 0 1
4 20 0 1
11 15 1 0
3 16 1 0
57 17 1 0
29 18 1 0
9 19 9 0
4 20 0 1
4 20 0 1
28 20 1 0
37 21 2 0
38 22 1 0
68 23 1 0
66 24 1 0
47 25 1 0
35 26 1 0
4 27 0 1
73 22 1 0
71 23 3 0
72 24 1 0
33 25 1 0
4 26 0 1
4 24 0 1
74 24 1 0
25 25 1 0
8 26 1 0
20 27 1 0
21 28 1 0
19 29 1 0
34 30 1 0
24 31 1 0
6 32 1 0
23 33 1 0
54 34 1 0
56 35 1 0
5 36 1 0
45 37 1 0
69 38 1 0
70 39 1 0
51 40 1 0
52 41 1 0
53 42 1 0
36 43 1 0
4 44 0 1
4 20 0 1
25 20 1 0
8 21 1 0
20 22 1 0
21 23 1 0
19 24 1 0
34 25 1 0
24 26 1 0
6 27 1 0
23 28 1 0
54 29 3 0
54 30 1 0
56 31 1 0
5 32 1 0
45 33 1 0
69 34 1 0
70 35 1 0
51 36 1 0
26 37 1 0
33 38 1 0
4 39 0 1
4 30 0 1
56 30 1 0
5 31 1 0
45 32 1 0
69 33 1 0
70 34 1 0
51 35 1 0
52 36 1 0
53 37 1 0
36 38 1 0
4 39 0 1
4 20 0 1
30 20 1 0
59 21 1 0
58 22 1 0
50 23 2 0
51 24 1 0
26 25 1 0
33 26 1 0
4 27 0 1
4 24 0 1
4 20 0 1
3 20 1 0
57 21 1 0
60 22 1 0
10 23 3 0
4 24 0 1
12 24 1 0
11 25 1 0
3 26 1 0
57 27 1 0
60 28 1 0
27 29 2 0
58 30 1 0
43 31 6 0
63 32 1 0
49 33 3 0
33 34 1 0
4 35 0 1
4 34 0 1
49 34 1 0
33 35 1 0
4 36 0 1
4 32 0 1
33 32 1 0
4 33 0 1
4 32 0 1
7 32 1 0
25 33 1 0
8 34 1 0
20 35 1 0
21 36 1 0
19 37 1 0
34 38 1 0
24 39 1 0
6 40 1 0
23 41 1 0
54 42 1 0
56 43 1 0
5 44 3 0
5 45 3 0
5 46 3 0
5 47 1 0
45 48 1 0
69 49 1 0
70 50 1 0
51 51 1 0
26 52 1 0
33 53 1 0
4 54 0 1
4 47 0 1
45 47 1 0
69 48 1 0
70 49 1 0
51 50 1 0
52 51 1 0
53 52 1 0
36 53 1 0
4 54 0 1
4 46 0 1
45 46 1 0
69 47 1 0
70 48 1 0
51 49 1 0
52 50 1 0
53 51 1 0
36 52 1 0
4 53 0 1
4 45 0 1
45 45 1 0
69 46 1 0
70 47 1 0
51 48 1 0
52 49 1 0
53 50 3 0
4 51 0 1
25 51 1 0
8 52 1 0
20 53 1 0
21 54 1 0
19 55 1 0
34 56 1 0
24 57 1 0
6 58 1 0
23 59 1 0
54 60 1 0
56 61 1 0
5 62 1 0
45 63 3 0
45 64 1 0
69 65 1 0
70 66 1 0
51 67 1 0
52 68 1 0
53 69 3 0
4 70 0 1
25 70 1 0
8 71 1 0
20 72 1 0
21 73 1 0
19 74 1 0
34 75 1 0
24 76 1 0
6 77 1 0
23 78 1 0
54 79 1 0
56 80 1 0
5 81 3 0
5 82 1 0
45 83 1 0
69 84 1 0
70 85 1 0
51 86 1 0
26 87 1 0
33 88 1 0
4 89 0 1
4 82 0 1
45 82 1 0
69 83 1 0
70 84 1 0
51 85 1 0
52 86 1 0
53 87 1 0
36 88 1 0
4 89 0 1
4 70 0 1
4 64 0 1
69 64 1 0
70 65 1 0
51 66 1 0
52 67 1 0
53 68 1 0
36 69 1 0
4 70 0 1
4 51 0 1
4 32 0 1
4 30 0 1
4 24 0 1
4 14 0 1
4 8 0 1
