1 82 0 1 0
18 74 1 1 0
50 74 2 1 0
63 74 3 1 0
0 82 4 1 0
15 74 5 1 0
48 74 6 4 0
17 73 7 1 0
4 24 8 0 1
4 9 7 0 1
64 23 7 1 0
4 16 8 0 1
13 81 7 3 0
4 18 8 0 1
14 75 8 1 0
16 75 9 1 0
2 82 10 1 0
42 75 11 4 0
46 73 12 1 0
4 24 13 0 1
46 76 12 1 0
4 29 13 0 1
44 78 12 2 0
57 77 13 1 0
4 42 14 0 1
43 62 13 4 0
34 61 14 1 0
4 16 15 0 1
4 20 14 0 1
33 33 14 1 0
32 33 15 2 0
70 32 16 1 0
69 32 17 1 0
66 32 18 2 0
67 30 19 1 0
64 30 20 1 0
4 16 21 0 1
22 43 19 2 0
4 19 20 0 1
4 26 20 0 1
74 44 16 1 0
34 44 17 1 0
4 16 18 0 1
4 27 14 0 1
41 80 12 1 0
10 80 13 3 0
4 18 14 0 1
12 58 14 3 0
11 57 15 1 0
39 57 16 2 0
38 56 17 2 0
40 54 18 1 0
70 54 19 1 0
68 54 20 1 0
49 54 21 1 0
36 54 22 1 0
4 15 23 0 1
75 69 18 1 0
73 69 19 3 0
74 63 20 1 0
34 63 21 1 0
4 16 22 0 1
4 8 20 0 1
76 4 20 1 0
25 4 21 1 0
8 4 22 1 0
20 4 23 1 0
21 4 24 1 0
19 4 25 1 0
35 4 26 1 0
24 4 27 1 0
6 4 28 1 0
23 4 29 1 0
56 4 30 1 0
58 4 31 1 0
5 4 32 1 0
47 4 33 1 0
71 4 34 1 0
72 4 35 1 0
53 4 36 1 0
54 4 37 1 0
55 4 38 1 0
37 4 39 1 0
4 17 40 0 1
4 28 17 0 1
11 37 15 1 0
3 37 16 1 0
59 37 17 1 0
62 37 18 1 0
27 37 19 2 0
60 36 20 1 0
45 36 21 6 0
65 35 22 1 0
51 35 23 3 0
34 34 24 1 0
4 16 25 0 1
4 10 24 0 1
51 70 24 1 0
34 70 25 1 0
4 16 26 0 1
4 10 22 0 1
34 71 22 1 0
4 16 23 0 1
4 20 22 0 1
7 2 22 1 0
25 2 23 1 0
8 2 24 1 0
20 2 25 1 0
21 2 26 1 0
19 2 27 1 0
35 2 28 1 0
24 2 29 1 0
6 2 30 1 0
23 2 31 1 0
56 2 32 1 0
58 2 33 1 0
5 2 34 1 0
47 2 35 1 0
71 2 36 1 0
72 2 37 1 0
53 2 38 1 0
54 2 39 1 0
55 2 40 1 0
37 2 41 1 0
4 31 42 0 1
4 27 22 0 1
4 28 20 0 1
11 49 15 1 0
3 49 16 1 0
59 49 17 1 0
30 49 18 1 0
9 49 19 9 0
4 12 20 0 1
4 20 20 0 1
29 55 20 1 0
38 55 21 2 0
40 54 22 1 0
70 54 23 1 0
68 54 24 1 0
49 54 25 1 0
36 54 26 1 0
4 15 27 0 1
75 53 22 1 0
73 53 23 3 0
74 50 24 1 0
34 50 25 1 0
4 16 26 0 1
4 8 24 0 1
76 3 24 1 0
25 3 25 1 0
8 3 26 1 0
20 3 27 1 0
21 3 28 1 0
19 3 29 1 0
35 3 30 1 0
24 3 31 1 0
6 3 32 1 0
23 3 33 1 0
56 3 34 1 0
58 3 35 1 0
5 3 36 1 0
47 3 37 1 0
71 3 38 1 0
72 3 39 1 0
53 3 40 1 0
54 3 41 1 0
55 3 42 1 0
37 3 43 1 0
4 17 44 0 1
4 28 20 0 1
25 52 20 1 0
8 52 21 1 0
20 52 22 1 0
21 52 23 1 0
19 52 24 1 0
35 52 25 1 0
24 52 26 1 0
6 52 27 1 0
23 52 28 1 0
56 52 29 3 0
56 50 30 1 0
58 50 31 1 0
5 50 32 1 0
47 50 33 1 0
71 50 34 1 0
72 50 35 1 0
53 50 36 1 0
26 50 37 1 0
34 50 38 1 0
4 16 39 0 1
4 21 30 0 1
58 6 30 1 0
5 6 31 1 0
47 6 32 1 0
71 6 33 1 0
72 6 34 1 0
53 6 35 1 0
54 6 36 1 0
55 6 37 1 0
37 6 38 1 0
4 17 39 0 1
4 28 20 0 1
31 51 20 1 0
61 51 21 1 0
60 51 22 1 0
52 51 23 2 0
53 50 24 1 0
26 50 25 1 0
34 50 26 1 0
4 16 27 0 1
4 14 24 0 1
4 27 20 0 1
3 79 20 1 0
59 79 21 1 0
62 79 22 1 0
10 79 23 3 0
4 18 24 0 1
12 48 24 4 0
11 47 25 1 0
39 47 26 2 0
38 46 27 2 0
40 45 28 1 0
70 45 29 1 0
68 45 30 1 0
49 45 31 1 0
28 45 32 1 0
4 11 33 0 1
75 60 28 1 0
73 60 29 3 0
74 59 30 1 0
34 59 31 1 0
4 16 32 0 1
4 8 30 0 1
76 64 30 1 0
25 64 31 1 0
8 64 32 1 0
20 64 33 1 0
21 64 34 1 0
19 64 35 1 0
35 64 36 1 0
24 64 37 1 0
6 64 38 1 0
23 64 39 1 0
56 64 40 1 0
58 64 41 1 0
5 64 42 1 0
47 64 43 3 0
47 63 44 1 0
71 63 45 1 0
72 63 46 1 0
53 63 47 1 0
26 63 48 1 0
34 63 49 1 0
4 16 50 0 1
4 22 44 0 1
71 5 44 1 0
72 5 45 1 0
53 5 46 1 0
54 5 47 1 0
55 5 48 1 0
37 5 49 1 0
4 13 50 0 1
4 28 27 0 1
11 41 25 1 0
3 41 26 1 0
59 41 27 1 0
62 41 28 1 0
27 41 29 2 0
60 40 30 1 0
45 40 31 6 0
65 35 32 1 0
51 35 33 3 0
34 34 34 1 0
4 16 35 0 1
4 10 34 0 1
51 70 34 1 0
34 70 35 1 0
4 16 36 0 1
4 10 32 0 1
34 72 32 1 0
4 16 33 0 1
4 20 32 0 1
7 1 32 1 0
25 1 33 1 0
8 1 34 1 0
20 1 35 1 0
21 1 36 1 0
19 1 37 1 0
35 1 38 1 0
24 1 39 1 0
6 1 40 1 0
23 1 41 1 0
56 1 42 1 0
58 1 43 1 0
5 1 44 1 0
47 1 45 1 0
71 1 46 1 0
72 1 47 1 0
53 1 48 1 0
54 1 49 1 0
55 1 50 1 0
37 1 51 1 0
4 31 52 0 1
4 27 32 0 1
4 28 30 0 1
11 39 25 1 0
3 39 26 1 0
59 39 27 1 0
62 39 28 1 0
27 39 29 2 0
60 38 30 1 0
45 38 31 6 0
65 35 32 1 0
51 35 33 3 0
34 34 34 1 0
4 16 35 0 1
4 10 34 0 1
51 70 34 1 0
34 70 35 1 0
4 16 36 0 1
4 10 32 0 1
34 71 32 1 0
4 16 33 0 1
4 20 32 0 1
7 66 32 1 0
25 66 33 1 0
8 66 34 1 0
20 66 35 1 0
21 66 36 1 0
19 66 37 1 0
35 66 38 1 0
24 66 39 1 0
6 66 40 1 0
23 66 41 1 0
56 66 42 1 0
58 66 43 1 0
5 66 44 3 0
5 65 45 3 0
5 63 46 1 0
47 63 47 1 0
71 63 48 1 0
72 63 49 1 0
53 63 50 1 0
26 63 51 1 0
34 63 52 1 0
4 16 53 0 1
4 7 46 0 1
47 0 46 1 0
71 0 47 1 0
72 0 48 1 0
53 0 49 1 0
54 0 50 1 0
55 0 51 1 0
37 0 52 1 0
4 31 53 0 1
4 7 45 0 1
47 59 45 1 0
71 59 46 1 0
72 59 47 1 0
53 59 48 1 0
26 59 49 1 0
34 59 50 1 0
4 16 51 0 1
4 27 32 0 1
4 28 30 0 1
11 68 25 1 0
3 68 26 1 0
59 68 27 1 0
62 68 28 1 0
27 68 29 2 0
60 67 30 1 0
52 67 31 2 0
53 63 32 1 0
26 63 33 1 0
34 63 34 1 0
4 16 35 0 1
4 14 32 0 1
4 28 30 0 1
4 25 24 0 1
4 25 14 0 1
4 25 8 0 1
