1 91 0 1 0
21 70 1 1 0
55 70 2 1 0
70 83 3 1 0
0 91 4 1 0
17 83 5 1 0
53 83 6 4 0
19 82 7 1 0
4 29 8 0 1
4 9 7 0 1
71 35 7 1 0
4 21 8 0 1
15 90 7 3 0
4 23 8 0 1
16 84 8 1 0
18 84 9 1 0
2 91 10 1 0
47 84 11 4 0
51 82 12 1 0
4 29 13 0 1
51 85 12 1 0
4 34 13 0 1
49 87 12 2 0
63 86 13 1 0
4 46 14 0 1
48 77 13 4 0
38 76 14 1 0
4 21 15 0 1
4 25 14 0 1
37 39 14 1 0
36 39 15 2 0
77 38 16 1 0
76 38 17 1 0
73 38 18 2 0
74 36 19 1 0
71 36 20 1 0
4 21 21 0 1
27 50 19 2 0
4 24 20 0 1
4 31 20 0 1
82 52 16 1 0
38 52 17 1 0
4 21 18 0 1
4 32 14 0 1
46 89 12 1 0
12 89 13 3 0
4 23 14 0 1
14 74 14 3 0
13 73 15 1 0
44 73 16 2 0
43 72 17 2 0
45 71 18 1 0
77 71 19 1 0
75 71 20 1 0
54 71 21 1 0
41 71 22 1 0
4 20 23 0 1
83 55 18 1 0
81 55 19 3 0
82 54 20 2 0
38 53 21 1 0
4 21 22 0 1
27 51 21 4 0
4 24 22 0 1
4 31 22 0 1
4 24 22 0 1
4 31 22 0 1
4 8 20 0 1
84 79 20 1 0
30 79 21 1 0
10 79 22 1 0
23 79 23 1 0
24 79 24 1 0
22 79 25 1 0
40 79 26 1 0
29 79 27 1 0
6 79 28 1 0
28 79 29 1 0
62 79 30 1 0
64 79 31 1 0
5 79 32 1 0
52 79 33 1 0
78 79 34 1 0
79 79 35 1 0
58 79 36 1 0
59 79 37 1 0
8 79 38 1 0
9 79 39 3 0
4 28 40 0 1
61 71 40 1 0
54 71 41 1 0
41 71 42 1 0
4 20 43 0 1
26 48 40 2 0
25 47 41 3 0
4 24 42 0 1
30 5 42 1 0
10 5 43 1 0
23 5 44 1 0
24 5 45 1 0
22 5 46 1 0
40 5 47 1 0
29 5 48 1 0
6 5 49 1 0
28 5 50 1 0
62 5 51 1 0
64 5 52 1 0
5 5 53 1 0
52 5 54 1 0
78 5 55 1 0
79 5 56 1 0
58 5 57 1 0
59 5 58 1 0
60 5 59 1 0
42 5 60 1 0
4 22 61 0 1
4 31 42 0 1
25 49 41 3 0
4 24 42 0 1
30 6 42 1 0
10 6 43 1 0
23 6 44 1 0
24 6 45 1 0
22 6 46 1 0
40 6 47 1 0
29 6 48 1 0
6 6 49 1 0
28 6 50 1 0
62 6 51 1 0
64 6 52 1 0
5 6 53 1 0
52 6 54 1 0
78 6 55 1 0
79 6 56 1 0
58 6 57 1 0
59 6 58 1 0
60 6 59 1 0
42 6 60 1 0
4 22 61 0 1
4 31 42 0 1
4 33 17 0 1
13 13 15 1 0
44 13 16 2 0
43 12 17 2 0
45 11 18 1 0
77 11 19 1 0
76 11 20 1 0
74 11 21 1 0
71 11 22 1 0
4 21 23 0 1
83 58 18 1 0
81 58 19 3 0
82 56 20 1 0
38 56 21 1 0
4 21 22 0 1
4 8 20 0 1
84 78 20 1 0
30 78 21 1 0
10 78 22 1 0
23 78 23 1 0
24 78 24 1 0
22 78 25 1 0
40 78 26 1 0
29 78 27 1 0
6 78 28 1 0
28 78 29 1 0
62 78 30 1 0
64 78 31 1 0
5 78 32 1 0
52 78 33 1 0
78 78 34 1 0
79 78 35 1 0
58 78 36 1 0
59 78 37 1 0
60 78 38 1 0
80 78 39 5 0
4 28 40 0 1
20 11 40 1 0
38 11 41 1 0
4 21 42 0 1
4 25 40 0 1
7 0 40 1 0
30 0 41 1 0
10 0 42 1 0
23 0 43 1 0
24 0 44 1 0
22 0 45 1 0
40 0 46 1 0
29 0 47 1 0
6 0 48 1 0
28 0 49 1 0
62 0 50 1 0
64 0 51 1 0
5 0 52 1 0
52 0 53 1 0
78 0 54 1 0
79 0 55 1 0
58 0 56 1 0
59 0 57 1 0
60 0 58 1 0
42 0 59 1 0
4 37 60 0 1
4 32 40 0 1
4 33 17 0 1
13 59 15 1 0
3 59 16 1 0
65 59 17 1 0
34 59 18 1 0
11 59 19 9 0
4 16 20 0 1
4 25 20 0 1
33 75 20 1 0
43 75 21 2 0
45 71 22 1 0
77 71 23 1 0
75 71 24 1 0
54 71 25 1 0
41 71 26 1 0
4 20 27 0 1
83 67 22 1 0
81 67 23 3 0
82 61 24 1 0
38 61 25 1 0
4 21 26 0 1
4 8 24 0 1
84 3 24 1 0
30 3 25 1 0
10 3 26 1 0
23 3 27 1 0
24 3 28 1 0
22 3 29 1 0
40 3 30 1 0
29 3 31 1 0
6 3 32 1 0
28 3 33 1 0
62 3 34 1 0
64 3 35 1 0
5 3 36 1 0
52 3 37 1 0
78 3 38 1 0
79 3 39 1 0
58 3 40 1 0
59 3 41 1 0
60 3 42 1 0
42 3 43 1 0
4 22 44 0 1
4 33 20 0 1
30 66 20 1 0
10 66 21 1 0
23 66 22 1 0
24 66 23 1 0
22 66 24 1 0
40 66 25 1 0
29 66 26 1 0
6 66 27 1 0
28 66 28 1 0
62 66 29 3 0
62 61 30 1 0
64 61 31 1 0
5 61 32 1 0
52 61 33 1 0
78 61 34 1 0
79 61 35 1 0
58 61 36 1 0
31 61 37 1 0
38 61 38 1 0
4 21 39 0 1
4 26 30 0 1
64 5 30 1 0
5 5 31 1 0
52 5 32 1 0
78 5 33 1 0
79 5 34 1 0
58 5 35 1 0
59 5 36 1 0
60 5 37 1 0
42 5 38 1 0
4 22 39 0 1
4 33 20 0 1
35 65 20 1 0
67 65 21 1 0
66 65 22 1 0
57 65 23 2 0
58 61 24 1 0
31 61 25 1 0
38 61 26 1 0
4 21 27 0 1
4 19 24 0 1
4 32 20 0 1
3 88 20 1 0
65 88 21 1 0
69 88 22 1 0
12 88 23 3 0
4 23 24 0 1
14 69 24 1 0
13 69 25 1 0
3 69 26 1 0
65 69 27 1 0
39 69 28 7 0
4 18 29 0 1
4 25 29 0 1
30 68 29 1 0
10 68 30 1 0
23 68 31 1 0
24 68 32 1 0
22 68 33 1 0
40 68 34 1 0
29 68 35 1 0
6 68 36 1 0
28 68 37 3 0
28 61 38 1 0
62 61 39 1 0
64 61 40 1 0
5 61 41 1 0
52 61 42 1 0
78 61 43 1 0
79 61 44 1 0
58 61 45 1 0
31 61 46 1 0
38 61 47 1 0
4 21 48 0 1
4 15 38 0 1
62 3 38 1 0
64 3 39 1 0
5 3 40 1 0
52 3 41 1 0
78 3 42 1 0
79 3 43 1 0
58 3 44 1 0
59 3 45 1 0
60 3 46 1 0
42 3 47 1 0
4 22 48 0 1
4 32 29 0 1
68 43 29 1 0
69 43 30 1 0
32 43 31 2 0
66 42 32 1 0
50 42 33 6 0
72 41 34 1 0
56 41 35 3 0
38 40 36 1 0
4 21 37 0 1
4 10 36 0 1
56 80 36 1 0
38 80 37 1 0
4 21 38 0 1
4 10 34 0 1
38 81 34 1 0
4 21 35 0 1
4 25 34 0 1
7 1 34 1 0
30 1 35 1 0
10 1 36 1 0
23 1 37 1 0
24 1 38 1 0
22 1 39 1 0
40 1 40 1 0
29 1 41 1 0
6 1 42 1 0
28 1 43 1 0
62 1 44 1 0
64 1 45 1 0
5 1 46 1 0
52 1 47 1 0
78 1 48 1 0
79 1 49 1 0
58 1 50 1 0
59 1 51 1 0
60 1 52 1 0
42 1 53 1 0
4 37 54 0 1
4 32 34 0 1
4 33 32 0 1
4 14 29 0 1
3 45 29 1 0
65 45 30 1 0
69 45 31 1 0
32 45 32 2 0
66 44 33 1 0
50 44 34 6 0
72 41 35 1 0
56 41 36 3 0
38 40 37 1 0
4 21 38 0 1
4 10 37 0 1
56 80 37 1 0
38 80 38 1 0
4 21 39 0 1
4 10 35 0 1
38 81 35 1 0
4 21 36 0 1
4 25 35 0 1
7 64 35 1 0
30 64 36 1 0
10 64 37 1 0
23 64 38 1 0
24 64 39 1 0
22 64 40 1 0
40 64 41 1 0
29 64 42 1 0
6 64 43 1 0
28 64 44 1 0
62 64 45 1 0
64 64 46 1 0
5 64 47 3 0
5 63 48 3 0
5 61 49 1 0
52 61 50 1 0
78 61 51 1 0
79 61 52 1 0
58 61 53 1 0
31 61 54 1 0
38 61 55 1 0
4 21 56 0 1
4 7 49 0 1
52 2 49 1 0
78 2 50 1 0
79 2 51 1 0
58 2 52 1 0
59 2 53 1 0
60 2 54 1 0
42 2 55 1 0
4 37 56 0 1
4 7 48 0 1
52 57 48 1 0
78 57 49 1 0
79 57 50 1 0
58 57 51 1 0
59 57 52 1 0
60 57 53 6 0
72 56 54 1 0
56 56 55 1 0
38 56 56 1 0
4 21 57 0 1
4 10 54 0 1
38 60 54 1 0
4 21 55 0 1
4 25 54 0 1
7 62 54 1 0
30 62 55 1 0
10 62 56 1 0
23 62 57 1 0
24 62 58 1 0
22 62 59 1 0
40 62 60 1 0
29 62 61 1 0
6 62 62 1 0
28 62 63 1 0
62 62 64 1 0
64 62 65 1 0
5 62 66 1 0
52 62 67 3 0
52 61 68 1 0
78 61 69 1 0
79 61 70 1 0
58 61 71 1 0
31 61 72 1 0
38 61 73 1 0
4 21 74 0 1
4 27 68 0 1
78 4 68 1 0
79 4 69 1 0
58 4 70 1 0
59 4 71 1 0
60 4 72 1 0
42 4 73 1 0
4 17 74 0 1
4 32 54 0 1
4 32 35 0 1
4 33 33 0 1
4 30 24 0 1
4 30 14 0 1
4 30 8 0 1
