1 0 1 0
18 1 1 0
50 2 1 0
64 3 1 0
0 4 1 0
15 5 1 0
48 6 4 0
17 7 1 0
4 8 0 1
4 7 0 1
65 7 1 0
4 8 0 1
13 7 4 0
4 8 0 1
14 8 1 0
16 9 1 0
2 10 1 0
41 11 4 0
45 12 1 0
4 13 0 1
45 12 1 0
4 13 0 1
43 12 2 0
58 13 1 0
4 14 0 1
42 13 4 0
33 14 1 0
4 15 0 1
4 14 0 1
32 14 1 0
31 15 2 0
71 16 1 0
69 17 1 0
49 18 1 0
35 19 1 0
4 20 0 1
76 16 1 0
33 17 1 0
4 18 0 1
4 14 0 1
40 12 1 0
10 13 3 0
4 14 0 1
12 14 1 0
11 15 1 0
3 16 1 0
60 17 1 0
29 18 1 0
9 19 9 0
4 20 0 1
4 20 0 1
28 20 1 0
37 21 2 0
39 22 1 0
71 23 1 0
69 24 1 0
49 25 1 0
35 26 1 0
4 27 0 1
77 22 1 0
75 23 3 0
76 24 1 0
33 25 1 0
4 26 0 1
4 24 0 1
78 24 1 0
25 25 1 0
8 26 1 0
20 27 1 0
21 28 1 0
19 29 1 0
34 30 1 0
24 31 1 0
6 32 1 0
23 33 1 0
57 34 1 0
59 35 1 0
5 36 1 0
47 37 1 0
72 38 1 0
73 39 1 0
54 40 1 0
55 41 1 0
56 42 1 0
36 43 1 0
4 44 0 1
4 20 0 1
25 20 1 0
8 21 1 0
20 22 1 0
21 23 1 0
19 24 1 0
34 25 1 0
24 26 1 0
6 27 1 0
23 28 1 0
57 29 3 0
57 30 1 0
59 31 1 0
5 32 1 0
47 33 1 0
72 34 1 0
73 35 1 0
54 36 1 0
26 37 1 0
33 38 1 0
4 39 0 1
4 30 0 1
59 30 1 0
5 31 1 0
47 32 1 0
72 33 1 0
73 34 1 0
54 35 1 0
55 36 1 0
56 37 1 0
36 38 1 0
4 39 0 1
4 20 0 1
30 20 1 0
62 21 1 0
61 22 1 0
52 23 2 0
54 24 1 0
26 25 1 0
33 26 1 0
4 27 0 1
4 24 0 1
4 20 0 1
3 20 1 0
60 21 1 0
63 22 1 0
10 23 3 0
4 24 0 1
12 24 2 0
11 25 1 0
3 26 1 0
60 27 1 0
63 28 1 0
27 29 2 0
61 30 1 0
44 31 6 0
66 32 1 0
51 33 3 0
33 34 1 0
4 35 0 1
4 34 0 1
51 34 1 0
33 35 1 0
4 36 0 1
4 32 0 1
33 32 1 0
4 33 0 1
4 32 0 1
7 32 1 0
25 33 1 0
8 34 1 0
20 35 1 0
21 36 1 0
19 37 1 0
34 38 1 0
24 39 1 0
6 40 1 0
23 41 1 0
57 42 1 0
59 43 1 0
5 44 3 0
5 45 3 0
5 46 1 0
47 47 1 0
72 48 1 0
73 49 1 0
54 50 1 0
26 51 1 0
33 52 1 0
4 53 0 1
4 46 0 1
47 46 1 0
72 47 1 0
73 48 1 0
54 49 1 0
55 50 1 0
56 51 1 0
36 52 1 0
4 53 0 1
4 45 0 1
47 45 3 0
47 46 1 0
72 47 1 0
73 48 1 0
54 49 1 0
26 50 1 0
33 51 1 0
4 52 0 1
4 46 0 1
72 46 1 0
73 47 1 0
54 48 1 0
55 49 1 0
56 50 1 0
36 51 1 0
4 52 0 1
4 32 0 1
4 30 0 1
11 25 1 0
3 26 1 0
60 27 1 0
63 28 1 0
27 29 2 0
61 30 1 0
53 31 2 0
54 32 1 0
26 33 1 0
33 34 1 0
4 35 0 1
4 32 0 1
4 30 0 1
4 24 0 1
4 14 0 1
14 8 1 0
16 9 1 0
2 10 1 0
41 11 4 0
45 12 1 0
4 13 0 1
45 12 1 0
4 13 0 1
43 12 2 0
58 13 1 0
4 14 0 1
42 13 4 0
33 14 1 0
4 15 0 1
4 14 0 1
32 14 1 0
31 15 2 0
71 16 1 0
70 17 1 0
67 18 2 0
68 19 1 0
65 20 1 0
4 21 0 1
22 19 2 0
4 20 0 1
4 20 0 1
76 16 1 0
33 17 1 0
4 18 0 1
4 14 0 1
40 12 1 0
10 13 3 0
4 14 0 1
12 14 4 0
11 15 1 0
38 16 2 0
37 17 2 0
39 18 1 0
71 19 1 0
69 20 1 0
49 21 1 0
35 22 1 0
4 23 0 1
77 18 1 0
75 19 3 0
76 20 1 0
33 21 1 0
4 22 0 1
4 20 0 1
78 20 1 0
25 21 1 0
8 22 1 0
20 23 1 0
21 24 1 0
19 25 1 0
34 26 1 0
24 27 1 0
6 28 1 0
23 29 1 0
57 30 1 0
59 31 1 0
5 32 1 0
47 33 1 0
72 34 1 0
73 35 1 0
54 36 1 0
55 37 1 0
56 38 1 0
36 39 1 0
4 40 0 1
4 17 0 1
11 15 1 0
3 16 1 0
60 17 1 0
63 18 1 0
27 19 2 0
61 20 1 0
44 21 6 0
66 22 1 0
51 23 3 0
33 24 1 0
4 25 0 1
4 24 0 1
51 24 1 0
33 25 1 0
4 26 0 1
4 22 0 1
33 22 1 0
4 23 0 1
4 22 0 1
7 22 1 0
25 23 1 0
8 24 1 0
20 25 1 0
21 26 1 0
19 27 1 0
34 28 1 0
24 29 1 0
6 30 1 0
23 31 1 0
57 32 1 0
59 33 1 0
5 34 1 0
47 35 1 0
72 36 1 0
73 37 1 0
54 38 1 0
55 39 1 0
56 40 1 0
36 41 1 0
4 42 0 1
4 22 0 1
4 20 0 1
11 15 1 0
3 16 1 0
60 17 1 0
63 18 1 0
27 19 2 0
61 20 1 0
44 21 6 0
66 22 1 0
51 23 3 0
33 24 1 0
4 25 0 1
4 24 0 1
51 24 1 0
33 25 1 0
4 26 0 1
4 22 0 1
33 22 1 0
4 23 0 1
4 22 0 1
7 22 1 0
25 23 1 0
8 24 1 0
20 25 1 0
21 26 1 0
19 27 1 0
34 28 1 0
24 29 1 0
6 30 1 0
23 31 1 0
57 32 1 0
59 33 1 0
5 34 1 0
47 35 1 0
72 36 1 0
73 37 1 0
54 38 1 0
55 39 1 0
56 40 1 0
36 41 1 0
4 42 0 1
4 22 0 1
4 20 0 1
11 15 1 0
3 16 1 0
60 17 1 0
63 18 1 0
27 19 2 0
61 20 1 0
44 21 4 0
46 22 1 0
74 23 1 0
4 24 0 1
4 22 0 1
7 22 1 0
25 23 1 0
8 24 1 0
20 25 1 0
21 26 1 0
19 27 1 0
34 28 1 0
24 29 1 0
6 30 1 0
23 31 1 0
57 32 1 0
59 33 1 0
5 34 1 0
47 35 1 0
72 36 1 0
73 37 1 0
54 38 1 0
26 39 1 0
33 40 1 0
4 41 0 1
4 22 0 1
4 20 0 1
4 14 0 1
4 8 0 1
