1 74 0 1 0
17 54 1 1 0
45 54 2 1 0
58 48 3 1 0
0 74 4 1 0
15 48 5 1 0
43 48 6 3 0
4 7 7 0 1
59 55 7 1 0
4 13 8 0 1
13 73 7 4 0
4 15 8 0 1
14 66 8 1 0
16 66 9 1 0
2 74 10 1 0
36 66 11 3 0
40 65 12 1 0
4 25 13 0 1
38 68 12 2 0
52 67 13 1 0
4 39 14 0 1
37 53 13 4 0
31 50 14 1 0
4 13 15 0 1
4 18 14 0 1
30 57 14 1 0
29 57 15 2 0
65 56 16 1 0
63 56 17 1 0
44 56 18 1 0
33 56 19 1 0
4 12 20 0 1
69 41 16 1 0
31 41 17 1 0
4 13 18 0 1
4 23 14 0 1
35 72 12 1 0
10 72 13 3 0
4 15 14 0 1
12 49 14 1 0
11 49 15 1 0
3 49 16 1 0
54 49 17 1 0
27 49 18 1 0
9 49 19 8 0
4 9 20 0 1
4 18 20 0 1
4 24 20 0 1
24 46 20 1 0
8 46 21 1 0
19 46 22 1 0
20 46 23 1 0
18 46 24 1 0
32 46 25 1 0
23 46 26 1 0
6 46 27 1 0
22 46 28 1 0
51 46 29 3 0
51 41 30 1 0
53 41 31 1 0
5 41 32 1 0
42 41 33 1 0
66 41 34 1 0
67 41 35 1 0
48 41 36 1 0
25 41 37 1 0
31 41 38 1 0
4 13 39 0 1
4 17 30 0 1
53 5 30 1 0
5 5 31 1 0
42 5 32 1 0
66 5 33 1 0
67 5 34 1 0
48 5 35 1 0
49 5 36 1 0
50 5 37 1 0
34 5 38 1 0
4 14 39 0 1
4 24 20 0 1
28 45 20 1 0
56 45 21 1 0
55 45 22 1 0
47 45 23 2 0
48 41 24 1 0
25 41 25 1 0
31 41 26 1 0
4 13 27 0 1
4 11 24 0 1
4 23 20 0 1
3 71 20 1 0
54 71 21 1 0
57 71 22 1 0
10 71 23 3 0
4 15 24 0 1
12 38 24 1 0
11 38 25 1 0
3 38 26 1 0
54 38 27 1 0
57 38 28 1 0
26 38 29 2 0
55 37 30 1 0
39 37 31 6 0
60 31 32 1 0
46 31 33 3 0
31 30 34 1 0
4 13 35 0 1
4 8 34 0 1
46 60 34 1 0
31 60 35 1 0
4 13 36 0 1
4 8 32 0 1
31 62 32 1 0
4 13 33 0 1
4 18 32 0 1
7 44 32 1 0
24 44 33 1 0
8 44 34 1 0
19 44 35 1 0
20 44 36 1 0
18 44 37 1 0
32 44 38 1 0
23 44 39 1 0
6 44 40 1 0
22 44 41 1 0
51 44 42 1 0
53 44 43 1 0
5 44 44 3 0
5 43 45 3 0
5 41 46 1 0
42 41 47 1 0
66 41 48 1 0
67 41 49 1 0
48 41 50 1 0
25 41 51 1 0
31 41 52 1 0
4 13 53 0 1
4 6 46 0 1
42 2 46 1 0
66 2 47 1 0
67 2 48 1 0
48 2 49 1 0
49 2 50 1 0
50 2 51 1 0
34 2 52 1 0
4 27 53 0 1
4 6 45 0 1
42 42 45 3 0
42 41 46 1 0
66 41 47 1 0
67 41 48 1 0
48 41 49 1 0
25 41 50 1 0
31 41 51 1 0
4 13 52 0 1
4 19 46 0 1
66 4 46 1 0
67 4 47 1 0
48 4 48 1 0
49 4 49 1 0
50 4 50 1 0
34 4 51 1 0
4 10 52 0 1
4 23 32 0 1
4 24 30 0 1
4 21 24 0 1
4 21 14 0 1
14 64 8 1 0
16 64 9 1 0
2 74 10 1 0
36 64 11 4 0
40 63 12 1 0
4 20 13 0 1
40 65 12 1 0
4 25 13 0 1
38 69 12 2 0
52 67 13 1 0
4 39 14 0 1
37 59 13 4 0
31 58 14 1 0
4 13 15 0 1
4 18 14 0 1
30 29 14 1 0
29 29 15 2 0
65 28 16 1 0
64 28 17 1 0
61 28 18 2 0
62 26 19 1 0
59 26 20 1 0
4 13 21 0 1
21 40 19 2 0
4 16 20 0 1
4 22 20 0 1
69 47 16 1 0
31 47 17 1 0
4 13 18 0 1
4 23 14 0 1
35 70 12 1 0
10 70 13 3 0
4 15 14 0 1
12 36 14 3 0
11 35 15 1 0
3 35 16 1 0
54 35 17 1 0
57 35 18 1 0
26 35 19 2 0
55 34 20 1 0
39 34 21 6 0
60 31 22 1 0
46 31 23 3 0
31 30 24 1 0
4 13 25 0 1
4 8 24 0 1
46 60 24 1 0
31 60 25 1 0
4 13 26 0 1
4 8 22 0 1
31 61 22 1 0
4 13 23 0 1
4 18 22 0 1
7 1 22 1 0
24 1 23 1 0
8 1 24 1 0
19 1 25 1 0
20 1 26 1 0
18 1 27 1 0
32 1 28 1 0
23 1 29 1 0
6 1 30 1 0
22 1 31 1 0
51 1 32 1 0
53 1 33 1 0
5 1 34 1 0
42 1 35 1 0
66 1 36 1 0
67 1 37 1 0
48 1 38 1 0
49 1 39 1 0
50 1 40 1 0
34 1 41 1 0
4 27 42 0 1
4 23 22 0 1
4 24 20 0 1
11 33 15 1 0
3 33 16 1 0
54 33 17 1 0
57 33 18 1 0
26 33 19 2 0
55 32 20 1 0
39 32 21 6 0
60 31 22 1 0
46 31 23 3 0
31 30 24 1 0
4 13 25 0 1
4 8 24 0 1
46 60 24 1 0
31 60 25 1 0
4 13 26 0 1
4 8 22 0 1
31 61 22 1 0
4 13 23 0 1
4 18 22 0 1
7 0 22 1 0
24 0 23 1 0
8 0 24 1 0
19 0 25 1 0
20 0 26 1 0
18 0 27 1 0
32 0 28 1 0
23 0 29 1 0
6 0 30 1 0
22 0 31 1 0
51 0 32 1 0
53 0 33 1 0
5 0 34 1 0
42 0 35 1 0
66 0 36 1 0
67 0 37 1 0
48 0 38 1 0
49 0 39 1 0
50 0 40 1 0
34 0 41 1 0
4 27 42 0 1
4 23 22 0 1
4 24 20 0 1
11 52 15 1 0
3 52 16 1 0
54 52 17 1 0
57 52 18 1 0
26 52 19 2 0
55 51 20 1 0
39 51 21 4 0
41 50 22 1 0
68 50 23 1 0
4 13 24 0 1
4 18 22 0 1
7 3 22 1 0
24 3 23 1 0
8 3 24 1 0
19 3 25 1 0
20 3 26 1 0
18 3 27 1 0
32 3 28 1 0
23 3 29 1 0
6 3 30 1 0
22 3 31 1 0
51 3 32 1 0
53 3 33 1 0
5 3 34 1 0
42 3 35 1 0
66 3 36 1 0
67 3 37 1 0
48 3 38 1 0
49 3 39 1 0
50 3 40 1 0
34 3 41 1 0
4 14 42 0 1
4 23 22 0 1
4 24 20 0 1
4 21 14 0 1
4 21 8 0 1
