1 0 1 0
17 1 1 0
47 2 1 0
60 3 1 0
0 4 1 0
14 5 1 0
45 6 4 0
16 7 1 0
4 8 0 1
4 7 0 1
61 7 1 0
4 8 0 1
12 7 4 0
4 8 0 1
13 8 1 0
15 9 1 0
2 10 1 0
38 11 4 0
42 12 1 0
4 13 0 1
42 12 1 0
4 13 0 1
40 12 2 0
54 13 1 0
4 14 0 1
39 13 4 0
30 14 1 0
4 15 0 1
4 14 0 1
29 14 1 0
28 15 2 0
67 16 1 0
66 17 1 0
63 18 2 0
64 19 1 0
61 20 1 0
4 21 0 1
21 19 2 0
4 20 0 1
4 20 0 1
72 16 1 0
30 17 1 0
4 18 0 1
4 14 0 1
37 12 1 0
9 13 3 0
4 14 0 1
11 14 4 0
10 15 1 0
35 16 2 0
34 17 2 0
36 18 1 0
67 19 1 0
65 20 1 0
46 21 1 0
32 22 1 0
4 23 0 1
73 18 1 0
71 19 3 0
72 20 1 0
30 21 1 0
4 22 0 1
4 20 0 1
74 20 1 0
24 21 1 0
8 22 1 0
19 23 1 0
20 24 1 0
18 25 1 0
31 26 1 0
23 27 1 0
6 28 1 0
22 29 1 0
53 30 1 0
56 31 1 0
5 32 1 0
44 33 1 0
68 34 1 0
69 35 1 0
50 36 1 0
51 37 1 0
52 38 1 0
33 39 1 0
4 40 0 1
4 17 0 1
10 15 1 0
3 16 1 0
57 17 1 0
59 18 1 0
26 19 2 0
58 20 1 0
41 21 6 0
62 22 1 0
48 23 3 0
30 24 1 0
4 25 0 1
4 24 0 1
48 24 1 0
30 25 1 0
4 26 0 1
4 22 0 1
30 22 1 0
4 23 0 1
4 22 0 1
7 22 1 0
24 23 1 0
8 24 1 0
19 25 1 0
20 26 1 0
18 27 1 0
31 28 1 0
23 29 1 0
6 30 1 0
22 31 1 0
53 32 1 0
56 33 1 0
5 34 1 0
44 35 1 0
68 36 1 0
69 37 1 0
50 38 1 0
51 39 1 0
52 40 1 0
33 41 1 0
4 42 0 1
4 22 0 1
4 20 0 1
10 15 1 0
3 16 1 0
57 17 1 0
59 18 1 0
26 19 2 0
58 20 1 0
41 21 6 0
62 22 1 0
48 23 3 0
30 24 1 0
4 25 0 1
4 24 0 1
48 24 1 0
30 25 1 0
4 26 0 1
4 22 0 1
30 22 1 0
4 23 0 1
4 22 0 1
7 22 1 0
24 23 1 0
8 24 1 0
19 25 1 0
20 26 1 0
18 27 1 0
31 28 1 0
23 29 1 0
6 30 1 0
22 31 1 0
53 32 1 0
56 33 1 0
5 34 1 0
44 35 1 0
68 36 1 0
69 37 1 0
50 38 1 0
51 39 1 0
52 40 1 0
33 41 1 0
4 42 0 1
4 22 0 1
4 20 0 1
10 15 1 0
3 16 1 0
57 17 1 0
75 18 5 0
4 19 0 1
4 19 0 1
24 19 1 0
8 20 1 0
19 21 1 0
20 22 1 0
18 23 1 0
31 24 1 0
23 25 1 0
6 26 1 0
22 27 1 0
53 28 3 0
53 29 1 0
56 30 1 0
5 31 1 0
44 32 1 0
68 33 1 0
69 34 1 0
50 35 1 0
25 36 1 0
30 37 1 0
4 38 0 1
4 29 0 1
56 29 1 0
5 30 1 0
44 31 1 0
68 32 1 0
69 33 1 0
50 34 1 0
51 35 1 0
52 36 1 0
33 37 1 0
4 38 0 1
4 19 0 1
3 19 1 0
57 20 1 0
59 21 1 0
9 22 3 0
4 23 0 1
11 23 2 0
10 24 1 0
3 25 1 0
57 26 1 0
59 27 1 0
26 28 2 0
58 29 1 0
41 30 6 0
62 31 1 0
48 32 3 0
30 33 1 0
4 34 0 1
4 33 0 1
48 33 1 0
30 34 1 0
4 35 0 1
4 31 0 1
30 31 1 0
4 32 0 1
4 31 0 1
7 31 1 0
24 32 1 0
8 33 1 0
19 34 1 0
20 35 1 0
18 36 1 0
31 37 1 0
23 38 1 0
6 39 1 0
22 40 1 0
53 41 1 0
56 42 1 0
5 43 3 0
5 44 3 0
5 45 1 0
44 46 1 0
68 47 1 0
69 48 1 0
50 49 1 0
25 50 1 0
30 51 1 0
4 52 0 1
4 45 0 1
44 45 1 0
68 46 1 0
69 47 1 0
50 48 1 0
51 49 1 0
52 50 1 0
33 51 1 0
4 52 0 1
4 44 0 1
44 44 1 0
68 45 1 0
69 46 1 0
50 47 1 0
51 48 1 0
52 49 4 0
43 50 1 0
70 51 1 0
4 52 0 1
4 50 0 1
7 50 1 0
24 51 1 0
8 52 1 0
19 53 1 0
20 54 1 0
18 55 1 0
31 56 1 0
23 57 1 0
6 58 1 0
22 59 1 0
53 60 1 0
56 61 1 0
5 62 1 0
44 63 1 0
68 64 1 0
69 65 1 0
50 66 1 0
25 67 1 0
30 68 1 0
4 69 0 1
4 50 0 1
4 31 0 1
4 29 0 1
10 24 1 0
3 25 1 0
57 26 1 0
59 27 1 0
26 28 2 0
58 29 1 0
49 30 2 0
50 31 1 0
25 32 1 0
30 33 1 0
4 34 0 1
4 31 0 1
4 29 0 1
4 23 0 1
4 14 0 1
13 8 1 0
15 9 1 0
2 10 1 0
38 11 4 0
42 12 1 0
4 13 0 1
42 12 1 0
4 13 0 1
40 12 2 0
54 13 1 0
67 14 1 0
65 15 1 0
46 16 1 0
27 17 1 0
4 18 0 1
39 13 4 0
30 14 1 0
4 15 0 1
4 14 0 1
29 14 1 0
28 15 2 0
67 16 1 0
65 17 1 0
46 18 1 0
32 19 1 0
4 20 0 1
72 16 1 0
30 17 1 0
4 18 0 1
4 14 0 1
37 12 1 0
9 13 3 0
4 14 0 1
11 14 1 0
10 15 1 0
3 16 1 0
57 17 1 0
59 18 1 0
55 19 3 0
4 20 0 1
24 20 1 0
8 21 1 0
19 22 1 0
20 23 1 0
18 24 1 0
31 25 1 0
23 26 1 0
6 27 1 0
22 28 1 0
53 29 1 0
56 30 1 0
5 31 1 0
44 32 3 0
44 33 1 0
68 34 1 0
69 35 1 0
50 36 1 0
25 37 1 0
30 38 1 0
4 39 0 1
4 33 0 1
68 33 1 0
69 34 1 0
50 35 1 0
51 36 1 0
52 37 1 0
33 38 1 0
4 39 0 1
4 20 0 1
4 14 0 1
4 8 0 1
