1 87 0 1 0
21 54 1 1 0
54 54 2 1 0
68 72 3 1 0
0 87 4 1 0
18 72 5 1 0
52 72 6 4 0
20 71 7 1 0
4 24 8 0 1
4 11 7 0 1
69 61 7 1 0
4 17 8 0 1
16 85 7 4 0
4 19 8 0 1
17 73 8 1 0
19 73 9 1 0
2 87 10 1 0
45 73 11 4 0
49 71 12 1 0
4 24 13 0 1
49 75 12 1 0
4 29 13 0 1
47 77 12 2 0
62 76 13 1 0
4 43 14 0 1
46 63 13 4 0
36 62 14 1 0
4 17 15 0 1
4 22 14 0 1
35 33 14 1 0
34 33 15 2 0
75 32 16 1 0
74 32 17 1 0
71 32 18 2 0
72 30 19 1 0
69 30 20 1 0
4 17 21 0 1
25 44 19 2 0
4 20 20 0 1
4 26 20 0 1
80 45 16 1 0
36 45 17 1 0
4 17 18 0 1
4 27 14 0 1
44 83 12 1 0
12 83 13 3 0
4 19 14 0 1
14 40 14 3 0
13 39 15 1 0
3 39 16 1 0
64 39 17 1 0
67 39 18 1 0
30 39 19 2 0
65 38 20 1 0
48 38 21 6 0
70 35 22 1 0
55 35 23 3 0
36 34 24 1 0
4 17 25 0 1
4 12 24 0 1
55 65 24 1 0
36 65 25 1 0
4 17 26 0 1
4 12 22 0 1
36 70 22 1 0
4 17 23 0 1
4 22 22 0 1
7 1 22 1 0
28 1 23 1 0
9 1 24 1 0
23 1 25 1 0
24 1 26 1 0
22 1 27 1 0
37 1 28 1 0
27 1 29 1 0
6 1 30 1 0
26 1 31 1 0
61 1 32 1 0
63 1 33 1 0
5 1 34 1 0
51 1 35 1 0
76 1 36 1 0
77 1 37 1 0
57 1 38 1 0
58 1 39 1 0
59 1 40 1 0
40 1 41 1 0
4 31 42 0 1
4 27 22 0 1
4 28 20 0 1
13 37 15 1 0
3 37 16 1 0
64 37 17 1 0
67 37 18 1 0
30 37 19 2 0
65 36 20 1 0
48 36 21 6 0
70 35 22 1 0
55 35 23 3 0
36 34 24 1 0
4 17 25 0 1
4 12 24 0 1
55 65 24 1 0
36 65 25 1 0
4 17 26 0 1
4 12 22 0 1
36 70 22 1 0
4 17 23 0 1
4 22 22 0 1
7 0 22 1 0
28 0 23 1 0
9 0 24 1 0
23 0 25 1 0
24 0 26 1 0
22 0 27 1 0
37 0 28 1 0
27 0 29 1 0
6 0 30 1 0
26 0 31 1 0
61 0 32 1 0
63 0 33 1 0
5 0 34 1 0
51 0 35 1 0
76 0 36 1 0
77 0 37 1 0
57 0 38 1 0
58 0 39 1 0
59 0 40 1 0
40 0 41 1 0
4 31 42 0 1
4 27 22 0 1
4 28 20 0 1
13 68 15 1 0
3 68 16 1 0
64 68 17 1 0
67 68 18 1 0
30 68 19 2 0
65 67 20 1 0
48 67 21 4 0
50 66 22 1 0
78 66 23 1 0
4 17 24 0 1
4 22 22 0 1
7 5 22 1 0
28 5 23 1 0
9 5 24 1 0
23 5 25 1 0
24 5 26 1 0
22 5 27 1 0
37 5 28 1 0
27 5 29 1 0
6 5 30 1 0
26 5 31 1 0
61 5 32 1 0
63 5 33 1 0
5 5 34 1 0
51 5 35 1 0
76 5 36 1 0
77 5 37 1 0
57 5 38 1 0
58 5 39 1 0
59 5 40 1 0
40 5 41 1 0
4 18 42 0 1
4 27 22 0 1
4 28 20 0 1
4 25 14 0 1
17 74 8 1 0
19 74 9 1 0
2 87 10 1 0
45 74 11 4 0
49 71 12 1 0
4 24 13 0 1
49 75 12 1 0
4 29 13 0 1
47 78 12 2 0
62 76 13 1 0
4 43 14 0 1
46 69 13 4 0
36 66 14 1 0
4 17 15 0 1
4 22 14 0 1
35 57 14 1 0
34 57 15 2 0
75 55 16 1 0
73 55 17 1 0
53 55 18 1 0
38 55 19 1 0
4 16 20 0 1
80 64 16 1 0
36 64 17 1 0
4 17 18 0 1
4 27 14 0 1
44 84 12 1 0
12 84 13 3 0
4 19 14 0 1
14 60 14 2 0
13 59 15 1 0
42 59 16 2 0
41 58 17 2 0
43 55 18 1 0
75 55 19 1 0
73 55 20 1 0
53 55 21 1 0
38 55 22 1 0
4 16 23 0 1
81 79 18 1 0
79 79 19 1 0
80 79 20 1 0
36 79 21 1 0
4 17 22 0 1
4 28 17 0 1
13 46 15 1 0
3 46 16 1 0
64 46 17 1 0
32 46 18 1 0
11 46 19 9 0
4 13 20 0 1
4 22 20 0 1
31 56 20 1 0
41 56 21 2 0
43 55 22 1 0
75 55 23 1 0
73 55 24 1 0
53 55 25 1 0
38 55 26 1 0
4 16 27 0 1
81 53 22 1 0
79 53 23 3 0
80 47 24 1 0
36 47 25 1 0
4 17 26 0 1
4 10 24 0 1
82 64 24 1 0
28 64 25 1 0
9 64 26 1 0
23 64 27 1 0
24 64 28 1 0
22 64 29 1 0
37 64 30 1 0
27 64 31 1 0
6 64 32 1 0
26 64 33 1 0
61 64 34 1 0
63 64 35 1 0
5 64 36 1 0
51 64 37 1 0
76 64 38 1 0
77 64 39 1 0
57 64 40 1 0
29 64 41 1 0
36 64 42 1 0
4 17 43 0 1
4 28 20 0 1
28 52 20 1 0
9 52 21 1 0
23 52 22 1 0
24 52 23 1 0
22 52 24 1 0
37 52 25 1 0
27 52 26 1 0
6 52 27 1 0
26 52 28 1 0
61 52 29 3 0
61 47 30 1 0
63 47 31 1 0
5 47 32 1 0
51 47 33 1 0
76 47 34 1 0
77 47 35 1 0
57 47 36 1 0
29 47 37 1 0
36 47 38 1 0
4 17 39 0 1
4 21 30 0 1
63 7 30 1 0
5 7 31 1 0
51 7 32 1 0
76 7 33 1 0
77 7 34 1 0
57 7 35 1 0
58 7 36 1 0
59 7 37 1 0
40 7 38 1 0
4 18 39 0 1
4 28 20 0 1
33 51 20 1 0
66 51 21 1 0
65 51 22 1 0
56 51 23 2 0
57 47 24 1 0
29 47 25 1 0
36 47 26 1 0
4 17 27 0 1
4 15 24 0 1
4 27 20 0 1
3 86 20 1 0
64 86 21 1 0
67 86 22 1 0
12 86 23 3 0
4 19 24 0 1
14 82 24 2 0
13 81 25 1 0
3 81 26 1 0
64 81 27 1 0
67 81 28 1 0
30 81 29 2 0
65 80 30 1 0
8 80 31 3 0
39 79 32 1 0
29 79 33 1 0
36 79 34 1 0
4 17 35 0 1
10 8 32 1 0
4 10 33 0 1
28 4 32 1 0
9 4 33 1 0
23 4 34 1 0
24 4 35 1 0
22 4 36 1 0
37 4 37 1 0
27 4 38 1 0
6 4 39 1 0
26 4 40 1 0
61 4 41 1 0
63 4 42 1 0
5 4 43 1 0
51 4 44 1 0
76 4 45 1 0
77 4 46 1 0
15 4 47 4 0
4 22 48 0 1
60 55 48 1 0
53 55 49 1 0
38 55 50 1 0
4 16 51 0 1
4 27 48 0 1
76 3 48 1 0
77 3 49 1 0
57 3 50 1 0
58 3 51 1 0
59 3 52 3 0
4 22 53 0 1
28 48 53 1 0
9 48 54 1 0
23 48 55 1 0
24 48 56 1 0
22 48 57 1 0
37 48 58 1 0
27 48 59 1 0
6 48 60 1 0
26 48 61 1 0
61 48 62 1 0
63 48 63 1 0
5 48 64 1 0
51 48 65 3 0
51 47 66 1 0
76 47 67 1 0
77 47 68 1 0
57 47 69 1 0
29 47 70 1 0
36 47 71 1 0
4 17 72 0 1
4 23 66 0 1
76 6 66 1 0
77 6 67 1 0
57 6 68 1 0
58 6 69 1 0
59 6 70 1 0
40 6 71 1 0
4 14 72 0 1
4 27 53 0 1
4 28 30 0 1
13 42 25 1 0
3 42 26 1 0
64 42 27 1 0
67 42 28 1 0
30 42 29 2 0
65 41 30 1 0
48 41 31 6 0
70 35 32 1 0
55 35 33 3 0
36 34 34 1 0
4 17 35 0 1
4 12 34 0 1
55 65 34 1 0
36 65 35 1 0
4 17 36 0 1
4 12 32 0 1
36 70 32 1 0
4 17 33 0 1
4 22 32 0 1
7 50 32 1 0
28 50 33 1 0
9 50 34 1 0
23 50 35 1 0
24 50 36 1 0
22 50 37 1 0
37 50 38 1 0
27 50 39 1 0
6 50 40 1 0
26 50 41 1 0
61 50 42 1 0
63 50 43 1 0
5 50 44 3 0
5 49 45 3 0
5 47 46 1 0
51 47 47 1 0
76 47 48 1 0
77 47 49 1 0
57 47 50 1 0
29 47 51 1 0
36 47 52 1 0
4 17 53 0 1
4 9 46 0 1
51 2 46 1 0
76 2 47 1 0
77 2 48 1 0
57 2 49 1 0
58 2 50 1 0
59 2 51 1 0
40 2 52 1 0
4 31 53 0 1
4 9 45 0 1
51 79 45 1 0
76 79 46 1 0
77 79 47 1 0
57 79 48 1 0
29 79 49 1 0
36 79 50 1 0
4 17 51 0 1
4 27 32 0 1
4 28 30 0 1
4 25 24 0 1
4 25 14 0 1
4 25 8 0 1
