1 78 0 1 0
20 67 1 1 0
53 67 2 1 0
65 67 3 1 0
0 78 4 1 0
17 67 5 1 0
51 67 6 4 0
19 66 7 1 0
4 22 8 0 1
4 9 7 0 1
66 21 7 1 0
4 14 8 0 1
15 77 7 4 0
4 16 8 0 1
16 68 8 1 0
18 68 9 1 0
2 78 10 1 0
44 68 11 4 0
48 66 12 1 0
4 22 13 0 1
48 70 12 1 0
4 27 13 0 1
46 72 12 2 0
59 71 13 1 0
4 40 14 0 1
45 59 13 4 0
35 58 14 1 0
4 14 15 0 1
4 19 14 0 1
34 31 14 1 0
33 31 15 2 0
72 30 16 1 0
71 30 17 1 0
68 30 18 2 0
69 28 19 1 0
66 28 20 1 0
4 14 21 0 1
24 41 19 2 0
4 17 20 0 1
4 24 20 0 1
77 42 16 1 0
35 42 17 1 0
4 14 18 0 1
4 25 14 0 1
43 76 12 1 0
12 76 13 3 0
4 16 14 0 1
14 47 14 5 0
13 46 15 1 0
41 46 16 2 0
40 45 17 2 0
42 44 18 1 0
72 44 19 1 0
70 44 20 1 0
52 44 21 1 0
37 44 22 1 0
4 13 23 0 1
78 48 18 1 0
76 48 19 1 0
77 48 20 1 0
35 48 21 1 0
4 14 22 0 1
4 26 17 0 1
13 37 15 1 0
3 37 16 1 0
61 37 17 1 0
64 37 18 1 0
29 37 19 2 0
62 36 20 1 0
47 36 21 6 0
67 33 22 1 0
54 33 23 3 0
35 32 24 1 0
4 14 25 0 1
4 10 24 0 1
54 60 24 1 0
35 60 25 1 0
4 14 26 0 1
4 10 22 0 1
35 65 22 1 0
4 14 23 0 1
4 19 22 0 1
7 1 22 1 0
27 1 23 1 0
9 1 24 1 0
22 1 25 1 0
23 1 26 1 0
21 1 27 1 0
36 1 28 1 0
26 1 29 1 0
6 1 30 1 0
25 1 31 1 0
58 1 32 1 0
60 1 33 1 0
5 1 34 1 0
50 1 35 1 0
73 1 36 1 0
74 1 37 1 0
55 1 38 1 0
56 1 39 1 0
57 1 40 1 0
39 1 41 1 0
4 29 42 0 1
4 25 22 0 1
4 26 20 0 1
13 35 15 1 0
3 35 16 1 0
61 35 17 1 0
64 35 18 1 0
29 35 19 2 0
62 34 20 1 0
47 34 21 6 0
67 33 22 1 0
54 33 23 3 0
35 32 24 1 0
4 14 25 0 1
4 10 24 0 1
54 60 24 1 0
35 60 25 1 0
4 14 26 0 1
4 10 22 0 1
35 65 22 1 0
4 14 23 0 1
4 19 22 0 1
7 0 22 1 0
27 0 23 1 0
9 0 24 1 0
22 0 25 1 0
23 0 26 1 0
21 0 27 1 0
36 0 28 1 0
26 0 29 1 0
6 0 30 1 0
25 0 31 1 0
58 0 32 1 0
60 0 33 1 0
5 0 34 1 0
50 0 35 1 0
73 0 36 1 0
74 0 37 1 0
55 0 38 1 0
56 0 39 1 0
57 0 40 1 0
39 0 41 1 0
4 29 42 0 1
4 25 22 0 1
4 26 20 0 1
13 55 15 1 0
3 55 16 1 0
61 55 17 1 0
64 55 18 1 0
29 55 19 2 0
62 54 20 1 0
8 54 21 3 0
38 48 22 1 0
28 48 23 1 0
35 48 24 1 0
4 14 25 0 1
10 6 22 1 0
4 8 23 0 1
27 3 22 1 0
9 3 23 1 0
22 3 24 1 0
23 3 25 1 0
21 3 26 1 0
36 3 27 1 0
26 3 28 1 0
6 3 29 1 0
25 3 30 1 0
58 3 31 1 0
60 3 32 1 0
5 3 33 1 0
50 3 34 1 0
73 3 35 1 0
74 3 36 1 0
55 3 37 1 0
56 3 38 1 0
57 3 39 1 0
39 3 40 1 0
4 15 41 0 1
4 26 20 0 1
13 64 15 1 0
3 64 16 1 0
61 64 17 1 0
64 64 18 1 0
29 64 19 2 0
62 63 20 1 0
47 63 21 4 0
49 61 22 1 0
75 61 23 1 0
4 14 24 0 1
4 19 22 0 1
7 48 22 1 0
27 48 23 1 0
9 48 24 1 0
22 48 25 1 0
23 48 26 1 0
21 48 27 1 0
36 48 28 1 0
26 48 29 1 0
6 48 30 1 0
25 48 31 1 0
58 48 32 1 0
60 48 33 1 0
5 48 34 1 0
50 48 35 1 0
73 48 36 1 0
74 48 37 1 0
55 48 38 1 0
28 48 39 1 0
35 48 40 1 0
4 14 41 0 1
4 25 22 0 1
4 26 20 0 1
4 23 14 0 1
16 69 8 1 0
18 69 9 1 0
2 78 10 1 0
44 69 11 4 0
48 66 12 1 0
4 22 13 0 1
48 70 12 1 0
4 27 13 0 1
46 73 12 2 0
59 71 13 1 0
4 40 14 0 1
45 62 13 4 0
35 61 14 1 0
4 14 15 0 1
4 19 14 0 1
34 45 14 1 0
33 45 15 2 0
72 44 16 1 0
70 44 17 1 0
52 44 18 1 0
37 44 19 1 0
4 13 20 0 1
77 48 16 1 0
35 48 17 1 0
4 14 18 0 1
4 25 14 0 1
43 75 12 1 0
12 75 13 3 0
4 16 14 0 1
14 43 14 1 0
13 43 15 1 0
3 43 16 1 0
61 43 17 1 0
31 43 18 1 0
11 43 19 9 0
4 11 20 0 1
4 19 20 0 1
30 56 20 1 0
63 56 21 1 0
62 56 22 1 0
8 56 23 3 0
38 48 24 1 0
28 48 25 1 0
35 48 26 1 0
4 14 27 0 1
10 6 24 1 0
4 8 25 0 1
27 48 24 1 0
9 48 25 1 0
22 48 26 1 0
23 48 27 1 0
21 48 28 1 0
36 48 29 1 0
26 48 30 1 0
6 48 31 1 0
25 48 32 1 0
58 48 33 1 0
60 48 34 1 0
5 48 35 1 0
50 48 36 1 0
73 48 37 1 0
74 48 38 1 0
55 48 39 1 0
28 48 40 1 0
35 48 41 1 0
4 14 42 0 1
4 26 20 0 1
27 53 20 1 0
9 53 21 1 0
22 53 22 1 0
23 53 23 1 0
21 53 24 1 0
36 53 25 1 0
26 53 26 1 0
6 53 27 1 0
25 53 28 1 0
58 53 29 3 0
58 48 30 1 0
60 48 31 1 0
5 48 32 1 0
50 48 33 1 0
73 48 34 1 0
74 48 35 1 0
55 48 36 1 0
28 48 37 1 0
35 48 38 1 0
4 14 39 0 1
4 18 30 0 1
60 5 30 1 0
5 5 31 1 0
50 5 32 1 0
73 5 33 1 0
74 5 34 1 0
55 5 35 1 0
56 5 36 1 0
57 5 37 1 0
39 5 38 1 0
4 15 39 0 1
4 26 20 0 1
32 57 20 1 0
63 57 21 1 0
62 57 22 1 0
8 57 23 3 0
38 48 24 1 0
28 48 25 1 0
35 48 26 1 0
4 14 27 0 1
10 6 24 1 0
4 8 25 0 1
27 52 24 1 0
9 52 25 1 0
22 52 26 1 0
23 52 27 1 0
21 52 28 1 0
36 52 29 1 0
26 52 30 1 0
6 52 31 1 0
25 52 32 1 0
58 52 33 1 0
60 52 34 1 0
5 52 35 3 0
5 48 36 1 0
50 48 37 1 0
73 48 38 1 0
74 48 39 1 0
55 48 40 1 0
28 48 41 1 0
35 48 42 1 0
4 14 43 0 1
4 7 36 0 1
50 3 36 1 0
73 3 37 1 0
74 3 38 1 0
55 3 39 1 0
56 3 40 1 0
57 3 41 1 0
39 3 42 1 0
4 15 43 0 1
4 25 20 0 1
3 74 20 1 0
61 74 21 1 0
64 74 22 1 0
12 74 23 3 0
4 16 24 0 1
14 39 24 1 0
13 39 25 1 0
3 39 26 1 0
61 39 27 1 0
64 39 28 1 0
29 39 29 2 0
62 38 30 1 0
47 38 31 6 0
67 33 32 1 0
54 33 33 3 0
35 32 34 1 0
4 14 35 0 1
4 10 34 0 1
54 60 34 1 0
35 60 35 1 0
4 14 36 0 1
4 10 32 0 1
35 65 32 1 0
4 14 33 0 1
4 19 32 0 1
7 51 32 1 0
27 51 33 1 0
9 51 34 1 0
22 51 35 1 0
23 51 36 1 0
21 51 37 1 0
36 51 38 1 0
26 51 39 1 0
6 51 40 1 0
25 51 41 1 0
58 51 42 1 0
60 51 43 1 0
5 51 44 3 0
5 50 45 3 0
5 48 46 1 0
50 48 47 1 0
73 48 48 1 0
74 48 49 1 0
55 48 50 1 0
28 48 51 1 0
35 48 52 1 0
4 14 53 0 1
4 7 46 0 1
50 2 46 1 0
73 2 47 1 0
74 2 48 1 0
55 2 49 1 0
56 2 50 1 0
57 2 51 1 0
39 2 52 1 0
4 29 53 0 1
4 7 45 0 1
50 49 45 3 0
50 48 46 1 0
73 48 47 1 0
74 48 48 1 0
55 48 49 1 0
28 48 50 1 0
35 48 51 1 0
4 14 52 0 1
4 20 46 0 1
73 4 46 1 0
74 4 47 1 0
55 4 48 1 0
56 4 49 1 0
57 4 50 1 0
39 4 51 1 0
4 12 52 0 1
4 25 32 0 1
4 26 30 0 1
4 23 24 0 1
4 23 14 0 1
4 23 8 0 1
