1 74 0 1 0
19 65 1 1 0
48 65 2 1 0
60 65 3 1 0
0 74 4 1 0
16 65 5 1 0
46 65 6 4 0
18 64 7 1 0
4 23 8 0 1
4 10 7 0 1
61 17 7 1 0
4 15 8 0 1
14 73 7 3 0
4 18 8 0 1
15 66 8 1 0
17 66 9 1 0
2 74 10 1 0
40 66 11 4 0
44 64 12 1 0
4 23 13 0 1
44 67 12 1 0
4 28 13 0 1
42 69 12 2 0
55 68 13 1 0
4 42 14 0 1
41 51 13 4 0
31 50 14 1 0
4 15 15 0 1
4 21 14 0 1
30 32 14 1 0
29 32 15 2 0
67 31 16 1 0
66 31 17 1 0
63 31 18 2 0
64 29 19 1 0
61 29 20 1 0
4 15 21 0 1
23 44 19 2 0
4 19 20 0 1
4 25 20 0 1
71 45 16 1 0
31 45 17 1 0
4 15 18 0 1
4 26 14 0 1
39 72 12 1 0
11 72 13 3 0
4 18 14 0 1
13 49 14 5 0
12 48 15 1 0
37 48 16 2 0
36 47 17 2 0
38 46 18 1 0
67 46 19 1 0
65 46 20 1 0
47 46 21 1 0
33 46 22 1 0
4 14 23 0 1
72 59 18 1 0
70 59 19 3 0
71 52 20 1 0
31 52 21 1 0
4 15 22 0 1
4 9 20 0 1
73 3 20 1 0
26 3 21 1 0
9 3 22 1 0
21 3 23 1 0
22 3 24 1 0
20 3 25 1 0
32 3 26 1 0
25 3 27 1 0
6 3 28 1 0
24 3 29 1 0
54 3 30 1 0
56 3 31 1 0
5 3 32 1 0
45 3 33 1 0
68 3 34 1 0
69 3 35 1 0
51 3 36 1 0
52 3 37 1 0
53 3 38 1 0
35 3 39 1 0
4 16 40 0 1
4 27 17 0 1
12 38 15 1 0
3 38 16 1 0
57 38 17 1 0
59 38 18 1 0
28 38 19 2 0
58 37 20 1 0
43 37 21 6 0
62 34 22 1 0
49 34 23 3 0
31 33 24 1 0
4 15 25 0 1
4 11 24 0 1
49 62 24 1 0
31 62 25 1 0
4 15 26 0 1
4 11 22 0 1
31 63 22 1 0
4 15 23 0 1
4 21 22 0 1
7 1 22 1 0
26 1 23 1 0
9 1 24 1 0
21 1 25 1 0
22 1 26 1 0
20 1 27 1 0
32 1 28 1 0
25 1 29 1 0
6 1 30 1 0
24 1 31 1 0
54 1 32 1 0
56 1 33 1 0
5 1 34 1 0
45 1 35 1 0
68 1 36 1 0
69 1 37 1 0
51 1 38 1 0
52 1 39 1 0
53 1 40 1 0
35 1 41 1 0
4 30 42 0 1
4 26 22 0 1
4 27 20 0 1
12 36 15 1 0
3 36 16 1 0
57 36 17 1 0
59 36 18 1 0
28 36 19 2 0
58 35 20 1 0
43 35 21 6 0
62 34 22 1 0
49 34 23 3 0
31 33 24 1 0
4 15 25 0 1
4 11 24 0 1
49 62 24 1 0
31 62 25 1 0
4 15 26 0 1
4 11 22 0 1
31 63 22 1 0
4 15 23 0 1
4 21 22 0 1
7 0 22 1 0
26 0 23 1 0
9 0 24 1 0
21 0 25 1 0
22 0 26 1 0
20 0 27 1 0
32 0 28 1 0
25 0 29 1 0
6 0 30 1 0
24 0 31 1 0
54 0 32 1 0
56 0 33 1 0
5 0 34 1 0
45 0 35 1 0
68 0 36 1 0
69 0 37 1 0
51 0 38 1 0
52 0 39 1 0
53 0 40 1 0
35 0 41 1 0
4 30 42 0 1
4 26 22 0 1
4 27 20 0 1
12 61 15 1 0
3 61 16 1 0
57 61 17 1 0
59 61 18 1 0
28 61 19 2 0
58 60 20 1 0
8 60 21 3 0
34 52 22 1 0
27 52 23 1 0
31 52 24 1 0
4 15 25 0 1
10 7 22 1 0
4 9 23 0 1
26 4 22 1 0
9 4 23 1 0
21 4 24 1 0
22 4 25 1 0
20 4 26 1 0
32 4 27 1 0
25 4 28 1 0
6 4 29 1 0
24 4 30 1 0
54 4 31 1 0
56 4 32 1 0
5 4 33 1 0
45 4 34 1 0
68 4 35 1 0
69 4 36 1 0
51 4 37 1 0
52 4 38 1 0
53 4 39 1 0
35 4 40 1 0
4 16 41 0 1
4 27 20 0 1
12 70 15 1 0
3 70 16 1 0
57 70 17 1 0
74 70 18 5 0
4 43 19 0 1
4 21 19 0 1
26 58 19 1 0
9 58 20 1 0
21 58 21 1 0
22 58 22 1 0
20 58 23 1 0
32 58 24 1 0
25 58 25 1 0
6 58 26 1 0
24 58 27 1 0
54 58 28 3 0
54 52 29 1 0
56 52 30 1 0
5 52 31 1 0
45 52 32 1 0
68 52 33 1 0
69 52 34 1 0
51 52 35 1 0
27 52 36 1 0
31 52 37 1 0
4 15 38 0 1
4 20 29 0 1
56 6 29 1 0
5 6 30 1 0
45 6 31 1 0
68 6 32 1 0
69 6 33 1 0
51 6 34 1 0
52 6 35 1 0
53 6 36 1 0
35 6 37 1 0
4 16 38 0 1
4 26 19 0 1
3 71 19 1 0
57 71 20 1 0
59 71 21 1 0
11 71 22 3 0
4 18 23 0 1
13 41 23 2 0
12 40 24 1 0
3 40 25 1 0
57 40 26 1 0
59 40 27 1 0
28 40 28 2 0
58 39 29 1 0
43 39 30 6 0
62 34 31 1 0
49 34 32 3 0
31 33 33 1 0
4 15 34 0 1
4 11 33 0 1
49 62 33 1 0
31 62 34 1 0
4 15 35 0 1
4 11 31 0 1
31 63 31 1 0
4 15 32 0 1
4 21 31 0 1
7 55 31 1 0
26 55 32 1 0
9 55 33 1 0
21 55 34 1 0
22 55 35 1 0
20 55 36 1 0
32 55 37 1 0
25 55 38 1 0
6 55 39 1 0
24 55 40 1 0
54 55 41 1 0
56 55 42 1 0
5 55 43 3 0
5 54 44 3 0
5 52 45 1 0
45 52 46 1 0
68 52 47 1 0
69 52 48 1 0
51 52 49 1 0
27 52 50 1 0
31 52 51 1 0
4 15 52 0 1
4 8 45 0 1
45 2 45 1 0
68 2 46 1 0
69 2 47 1 0
51 2 48 1 0
52 2 49 1 0
53 2 50 1 0
35 2 51 1 0
4 30 52 0 1
4 8 44 0 1
45 53 44 3 0
45 52 45 1 0
68 52 46 1 0
69 52 47 1 0
51 52 48 1 0
27 52 49 1 0
31 52 50 1 0
4 15 51 0 1
4 22 45 0 1
68 5 45 1 0
69 5 46 1 0
51 5 47 1 0
52 5 48 1 0
53 5 49 1 0
35 5 50 1 0
4 12 51 0 1
4 26 31 0 1
4 27 29 0 1
12 57 24 1 0
3 57 25 1 0
57 57 26 1 0
59 57 27 1 0
28 57 28 2 0
58 56 29 1 0
50 56 30 2 0
51 52 31 1 0
27 52 32 1 0
31 52 33 1 0
4 15 34 0 1
4 13 31 0 1
4 27 29 0 1
4 24 23 0 1
4 24 14 0 1
4 24 8 0 1
