1 98 0 1 0
18 82 1 1 0
51 82 2 1 0
65 82 3 1 0
0 98 4 1 0
15 82 5 1 0
49 82 6 4 0
17 81 7 1 0
4 27 8 0 1
4 8 7 0 1
66 21 7 1 0
4 19 8 0 1
13 96 7 5 0
4 22 8 0 1
14 83 8 1 0
16 83 9 1 0
2 98 10 1 0
42 83 11 4 0
46 81 12 1 0
4 27 13 0 1
46 85 12 1 0
4 33 13 0 1
44 92 12 2 0
58 90 13 1 0
4 52 14 0 1
43 73 13 4 0
34 72 14 1 0
4 19 15 0 1
4 24 14 0 1
33 42 14 1 0
32 42 15 2 0
72 41 16 1 0
71 41 17 1 0
68 41 18 2 0
69 39 19 1 0
66 39 20 1 0
4 19 21 0 1
22 53 19 2 0
4 23 20 0 1
4 29 20 0 1
77 54 16 1 0
34 54 17 1 0
4 19 18 0 1
4 31 14 0 1
41 93 12 1 0
10 93 13 3 0
4 22 14 0 1
12 49 14 3 0
11 48 15 1 0
3 48 16 1 0
61 48 17 1 0
64 48 18 1 0
27 48 19 2 0
62 47 20 1 0
45 47 21 6 0
67 44 22 1 0
52 44 23 3 0
34 43 24 1 0
4 19 25 0 1
4 13 24 0 1
52 76 24 1 0
34 76 25 1 0
4 19 26 0 1
4 13 22 0 1
34 77 22 1 0
4 19 23 0 1
4 24 22 0 1
7 1 22 1 0
25 1 23 1 0
8 1 24 1 0
20 1 25 1 0
21 1 26 1 0
19 1 27 1 0
35 1 28 1 0
24 1 29 1 0
6 1 30 1 0
23 1 31 1 0
57 1 32 1 0
60 1 33 1 0
5 1 34 1 0
48 1 35 1 0
73 1 36 1 0
74 1 37 1 0
54 1 38 1 0
55 1 39 1 0
56 1 40 1 0
37 1 41 1 0
4 40 42 0 1
4 31 22 0 1
4 32 20 0 1
11 46 15 1 0
3 46 16 1 0
61 46 17 1 0
64 46 18 1 0
27 46 19 2 0
62 45 20 1 0
45 45 21 6 0
67 44 22 1 0
52 44 23 3 0
34 43 24 1 0
4 19 25 0 1
4 13 24 0 1
52 76 24 1 0
34 76 25 1 0
4 19 26 0 1
4 13 22 0 1
34 77 22 1 0
4 19 23 0 1
4 24 22 0 1
7 0 22 1 0
25 0 23 1 0
8 0 24 1 0
20 0 25 1 0
21 0 26 1 0
19 0 27 1 0
35 0 28 1 0
24 0 29 1 0
6 0 30 1 0
23 0 31 1 0
57 0 32 1 0
60 0 33 1 0
5 0 34 1 0
48 0 35 1 0
73 0 36 1 0
74 0 37 1 0
54 0 38 1 0
55 0 39 1 0
56 0 40 1 0
37 0 41 1 0
4 40 42 0 1
4 31 22 0 1
4 32 20 0 1
11 37 15 1 0
3 37 16 1 0
61 37 17 1 0
64 37 18 1 0
27 37 19 2 0
62 36 20 1 0
45 36 21 4 0
47 35 22 1 0
75 35 23 1 0
4 19 24 0 1
4 24 22 0 1
7 5 22 1 0
25 5 23 1 0
8 5 24 1 0
20 5 25 1 0
21 5 26 1 0
19 5 27 1 0
35 5 28 1 0
24 5 29 1 0
6 5 30 1 0
23 5 31 1 0
57 5 32 1 0
60 5 33 1 0
5 5 34 1 0
48 5 35 1 0
73 5 36 1 0
74 5 37 1 0
54 5 38 1 0
55 5 39 1 0
56 5 40 1 0
37 5 41 1 0
4 20 42 0 1
4 31 22 0 1
4 32 20 0 1
4 28 14 0 1
14 80 8 1 0
16 80 9 1 0
2 98 10 1 0
42 80 11 4 0
46 78 12 1 0
4 26 13 0 1
46 85 12 1 0
4 33 13 0 1
44 91 12 2 0
58 90 13 1 0
4 52 14 0 1
43 38 13 4 0
34 35 14 1 0
4 19 15 0 1
4 24 14 0 1
33 64 14 1 0
32 64 15 2 0
72 62 16 1 0
70 62 17 1 0
50 62 18 1 0
36 62 19 1 0
4 18 20 0 1
77 69 16 1 0
34 69 17 1 0
4 19 18 0 1
4 31 14 0 1
41 94 12 1 0
10 94 13 3 0
4 22 14 0 1
12 57 14 1 0
11 57 15 1 0
3 57 16 1 0
61 57 17 1 0
30 57 18 1 0
9 57 19 9 0
4 15 20 0 1
4 24 20 0 1
29 63 20 1 0
38 63 21 2 0
40 62 22 1 0
72 62 23 1 0
70 62 24 1 0
50 62 25 1 0
36 62 26 1 0
4 18 27 0 1
78 60 22 1 0
76 60 23 3 0
77 58 24 1 0
34 58 25 1 0
4 19 26 0 1
4 7 24 0 1
79 69 24 1 0
25 69 25 1 0
8 69 26 1 0
20 69 27 1 0
21 69 28 1 0
19 69 29 1 0
35 69 30 1 0
24 69 31 1 0
6 69 32 1 0
23 69 33 1 0
57 69 34 1 0
60 69 35 1 0
5 69 36 1 0
48 69 37 1 0
73 69 38 1 0
74 69 39 1 0
54 69 40 1 0
26 69 41 1 0
34 69 42 1 0
4 19 43 0 1
4 32 20 0 1
25 61 20 1 0
8 61 21 1 0
20 61 22 1 0
21 61 23 1 0
19 61 24 1 0
35 61 25 1 0
24 61 26 1 0
6 61 27 1 0
23 61 28 1 0
57 61 29 3 0
57 58 30 1 0
60 58 31 1 0
5 58 32 1 0
48 58 33 1 0
73 58 34 1 0
74 58 35 1 0
54 58 36 1 0
26 58 37 1 0
34 58 38 1 0
4 19 39 0 1
4 17 30 0 1
60 3 30 1 0
5 3 31 1 0
48 3 32 1 0
73 3 33 1 0
74 3 34 1 0
54 3 35 1 0
55 3 36 1 0
56 3 37 1 0
37 3 38 1 0
4 20 39 0 1
4 32 20 0 1
31 59 20 1 0
63 59 21 1 0
62 59 22 1 0
53 59 23 2 0
54 58 24 1 0
26 58 25 1 0
34 58 26 1 0
4 19 27 0 1
4 12 24 0 1
4 31 20 0 1
3 95 20 1 0
61 95 21 1 0
64 95 22 1 0
10 95 23 3 0
4 22 24 0 1
12 68 24 2 0
11 67 25 1 0
39 67 26 2 0
38 66 27 2 0
40 62 28 1 0
72 62 29 1 0
70 62 30 1 0
50 62 31 1 0
36 62 32 1 0
4 18 33 0 1
78 89 28 1 0
76 89 29 3 0
77 86 30 1 0
34 86 31 1 0
4 19 32 0 1
4 7 30 0 1
79 71 30 1 0
25 71 31 1 0
8 71 32 1 0
20 71 33 1 0
21 71 34 1 0
19 71 35 1 0
35 71 36 1 0
24 71 37 1 0
6 71 38 1 0
23 71 39 1 0
57 71 40 1 0
60 71 41 1 0
5 71 42 3 0
5 70 43 3 0
5 69 44 1 0
48 69 45 1 0
73 69 46 1 0
74 69 47 1 0
54 69 48 1 0
26 69 49 1 0
34 69 50 1 0
4 19 51 0 1
4 6 44 0 1
48 3 44 1 0
73 3 45 1 0
74 3 46 1 0
54 3 47 1 0
55 3 48 1 0
56 3 49 1 0
37 3 50 1 0
4 20 51 0 1
4 34 43 0 1
48 58 43 1 0
73 58 44 1 0
74 58 45 1 0
54 58 46 1 0
26 58 47 1 0
34 58 48 1 0
4 19 49 0 1
4 32 27 0 1
11 51 25 1 0
3 51 26 1 0
61 51 27 1 0
64 51 28 1 0
27 51 29 2 0
62 50 30 1 0
45 50 31 6 0
67 44 32 1 0
52 44 33 3 0
34 43 34 1 0
4 19 35 0 1
4 13 34 0 1
52 76 34 1 0
34 76 35 1 0
4 19 36 0 1
4 13 32 0 1
34 77 32 1 0
4 19 33 0 1
4 24 32 0 1
7 88 32 1 0
25 88 33 1 0
8 88 34 1 0
20 88 35 1 0
21 88 36 1 0
19 88 37 1 0
35 88 38 1 0
24 88 39 1 0
6 88 40 1 0
23 88 41 1 0
57 88 42 1 0
60 88 43 1 0
5 88 44 3 0
5 87 45 3 0
5 86 46 1 0
48 86 47 1 0
73 86 48 1 0
74 86 49 1 0
54 86 50 1 0
26 86 51 1 0
34 86 52 1 0
4 19 53 0 1
4 6 46 0 1
48 2 46 1 0
73 2 47 1 0
74 2 48 1 0
54 2 49 1 0
55 2 50 1 0
56 2 51 1 0
37 2 52 1 0
4 40 53 0 1
4 6 45 0 1
48 11 45 1 0
73 11 46 1 0
74 11 47 1 0
54 11 48 1 0
55 11 49 1 0
56 11 50 4 0
47 9 51 1 0
75 9 52 1 0
4 19 53 0 1
4 24 51 0 1
7 86 51 1 0
25 86 52 1 0
8 86 53 1 0
20 86 54 1 0
21 86 55 1 0
19 86 56 1 0
35 86 57 1 0
24 86 58 1 0
6 86 59 1 0
23 86 60 1 0
57 86 61 1 0
60 86 62 1 0
5 86 63 1 0
48 86 64 1 0
73 86 65 1 0
74 86 66 1 0
54 86 67 1 0
26 86 68 1 0
34 86 69 1 0
4 19 70 0 1
4 31 51 0 1
4 31 32 0 1
4 32 30 0 1
4 28 24 0 1
4 28 14 0 1
14 79 8 1 0
16 79 9 1 0
2 98 10 1 0
42 79 11 4 0
46 78 12 1 0
4 26 13 0 1
46 85 12 1 0
4 33 13 0 1
44 56 12 2 0
58 55 13 1 0
72 55 14 1 0
70 55 15 1 0
50 55 16 1 0
28 55 17 1 0
4 14 18 0 1
43 10 13 4 0
34 9 14 1 0
4 19 15 0 1
4 24 14 0 1
33 65 14 1 0
32 65 15 2 0
72 62 16 1 0
70 62 17 1 0
50 62 18 1 0
36 62 19 1 0
4 18 20 0 1
77 74 16 1 0
34 74 17 1 0
4 19 18 0 1
4 31 14 0 1
41 97 12 1 0
10 97 13 3 0
4 22 14 0 1
12 84 14 1 0
11 84 15 1 0
3 84 16 1 0
61 84 17 1 0
64 84 18 1 0
59 84 19 3 0
4 30 20 0 1
25 75 20 1 0
8 75 21 1 0
20 75 22 1 0
21 75 23 1 0
19 75 24 1 0
35 75 25 1 0
24 75 26 1 0
6 75 27 1 0
23 75 28 1 0
57 75 29 1 0
60 75 30 1 0
5 75 31 1 0
48 75 32 3 0
48 74 33 1 0
73 74 34 1 0
74 74 35 1 0
54 74 36 1 0
26 74 37 1 0
34 74 38 1 0
4 19 39 0 1
4 25 33 0 1
73 4 33 1 0
74 4 34 1 0
54 4 35 1 0
55 4 36 1 0
56 4 37 1 0
37 4 38 1 0
4 16 39 0 1
4 32 20 0 1
4 28 14 0 1
4 28 8 0 1
