1 83 0 1 0
18 72 1 1 0
50 72 2 1 0
63 72 3 1 0
0 83 4 1 0
15 72 5 1 0
48 72 6 4 0
17 71 7 1 0
4 23 8 0 1
4 9 7 0 1
64 17 7 1 0
4 15 8 0 1
13 82 7 4 0
4 18 8 0 1
14 74 8 1 0
16 74 9 1 0
2 83 10 1 0
41 74 11 4 0
45 71 12 1 0
4 23 13 0 1
45 75 12 1 0
4 28 13 0 1
43 78 12 2 0
57 76 13 1 0
4 42 14 0 1
42 67 13 4 0
33 66 14 1 0
4 15 15 0 1
4 20 14 0 1
32 52 14 1 0
31 52 15 2 0
70 50 16 1 0
68 50 17 1 0
49 50 18 1 0
35 50 19 1 0
4 14 20 0 1
75 58 16 1 0
33 58 17 1 0
4 15 18 0 1
4 26 14 0 1
40 80 12 1 0
10 80 13 3 0
4 18 14 0 1
12 45 14 1 0
11 45 15 1 0
3 45 16 1 0
59 45 17 1 0
29 45 18 1 0
9 45 19 9 0
4 11 20 0 1
4 20 20 0 1
28 51 20 1 0
37 51 21 2 0
39 50 22 1 0
70 50 23 1 0
68 50 24 1 0
49 50 25 1 0
35 50 26 1 0
4 14 27 0 1
76 49 22 1 0
74 49 23 3 0
75 46 24 1 0
33 46 25 1 0
4 15 26 0 1
4 8 24 0 1
77 3 24 1 0
25 3 25 1 0
8 3 26 1 0
20 3 27 1 0
21 3 28 1 0
19 3 29 1 0
34 3 30 1 0
24 3 31 1 0
6 3 32 1 0
23 3 33 1 0
56 3 34 1 0
58 3 35 1 0
5 3 36 1 0
47 3 37 1 0
71 3 38 1 0
72 3 39 1 0
53 3 40 1 0
54 3 41 1 0
55 3 42 1 0
36 3 43 1 0
4 16 44 0 1
4 27 20 0 1
25 48 20 1 0
8 48 21 1 0
20 48 22 1 0
21 48 23 1 0
19 48 24 1 0
34 48 25 1 0
24 48 26 1 0
6 48 27 1 0
23 48 28 1 0
56 48 29 3 0
56 46 30 1 0
58 46 31 1 0
5 46 32 1 0
47 46 33 1 0
71 46 34 1 0
72 46 35 1 0
53 46 36 1 0
26 46 37 1 0
33 46 38 1 0
4 15 39 0 1
4 21 30 0 1
58 6 30 1 0
5 6 31 1 0
47 6 32 1 0
71 6 33 1 0
72 6 34 1 0
53 6 35 1 0
54 6 36 1 0
55 6 37 1 0
36 6 38 1 0
4 16 39 0 1
4 27 20 0 1
30 47 20 1 0
61 47 21 1 0
60 47 22 1 0
52 47 23 2 0
53 46 24 1 0
26 46 25 1 0
33 46 26 1 0
4 15 27 0 1
4 13 24 0 1
4 26 20 0 1
3 79 20 1 0
59 79 21 1 0
62 79 22 1 0
10 79 23 3 0
4 18 24 0 1
12 41 24 2 0
11 40 25 1 0
3 40 26 1 0
59 40 27 1 0
62 40 28 1 0
27 40 29 2 0
60 39 30 1 0
44 39 31 6 0
65 34 32 1 0
51 34 33 3 0
33 33 34 1 0
4 15 35 0 1
4 10 34 0 1
51 65 34 1 0
33 65 35 1 0
4 15 36 0 1
4 10 32 0 1
33 70 32 1 0
4 15 33 0 1
4 20 32 0 1
7 61 32 1 0
25 61 33 1 0
8 61 34 1 0
20 61 35 1 0
21 61 36 1 0
19 61 37 1 0
34 61 38 1 0
24 61 39 1 0
6 61 40 1 0
23 61 41 1 0
56 61 42 1 0
58 61 43 1 0
5 61 44 3 0
5 60 45 3 0
5 58 46 1 0
47 58 47 1 0
71 58 48 1 0
72 58 49 1 0
53 58 50 1 0
26 58 51 1 0
33 58 52 1 0
4 15 53 0 1
4 7 46 0 1
47 2 46 1 0
71 2 47 1 0
72 2 48 1 0
53 2 49 1 0
54 2 50 1 0
55 2 51 1 0
36 2 52 1 0
4 30 53 0 1
4 7 45 0 1
47 59 45 3 0
47 58 46 1 0
71 58 47 1 0
72 58 48 1 0
53 58 49 1 0
26 58 50 1 0
33 58 51 1 0
4 15 52 0 1
4 22 46 0 1
71 5 46 1 0
72 5 47 1 0
53 5 48 1 0
54 5 49 1 0
55 5 50 1 0
36 5 51 1 0
4 12 52 0 1
4 26 32 0 1
4 27 30 0 1
11 63 25 1 0
3 63 26 1 0
59 63 27 1 0
62 63 28 1 0
27 63 29 2 0
60 62 30 1 0
52 62 31 2 0
53 58 32 1 0
26 58 33 1 0
33 58 34 1 0
4 15 35 0 1
4 13 32 0 1
4 27 30 0 1
4 24 24 0 1
4 24 14 0 1
14 73 8 1 0
16 73 9 1 0
2 83 10 1 0
41 73 11 4 0
45 71 12 1 0
4 23 13 0 1
45 75 12 1 0
4 28 13 0 1
43 77 12 2 0
57 76 13 1 0
4 42 14 0 1
42 57 13 4 0
33 56 14 1 0
4 15 15 0 1
4 20 14 0 1
32 32 14 1 0
31 32 15 2 0
70 31 16 1 0
69 31 17 1 0
66 31 18 2 0
67 29 19 1 0
64 29 20 1 0
4 15 21 0 1
22 43 19 2 0
4 19 20 0 1
4 25 20 0 1
75 44 16 1 0
33 44 17 1 0
4 15 18 0 1
4 26 14 0 1
40 81 12 1 0
10 81 13 3 0
4 18 14 0 1
12 55 14 4 0
11 54 15 1 0
38 54 16 2 0
37 53 17 2 0
39 50 18 1 0
70 50 19 1 0
68 50 20 1 0
49 50 21 1 0
35 50 22 1 0
4 14 23 0 1
76 64 18 1 0
74 64 19 3 0
75 58 20 1 0
33 58 21 1 0
4 15 22 0 1
4 8 20 0 1
77 4 20 1 0
25 4 21 1 0
8 4 22 1 0
20 4 23 1 0
21 4 24 1 0
19 4 25 1 0
34 4 26 1 0
24 4 27 1 0
6 4 28 1 0
23 4 29 1 0
56 4 30 1 0
58 4 31 1 0
5 4 32 1 0
47 4 33 1 0
71 4 34 1 0
72 4 35 1 0
53 4 36 1 0
54 4 37 1 0
55 4 38 1 0
36 4 39 1 0
4 16 40 0 1
4 27 17 0 1
11 38 15 1 0
3 38 16 1 0
59 38 17 1 0
62 38 18 1 0
27 38 19 2 0
60 37 20 1 0
44 37 21 6 0
65 34 22 1 0
51 34 23 3 0
33 33 24 1 0
4 15 25 0 1
4 10 24 0 1
51 65 24 1 0
33 65 25 1 0
4 15 26 0 1
4 10 22 0 1
33 70 22 1 0
4 15 23 0 1
4 20 22 0 1
7 1 22 1 0
25 1 23 1 0
8 1 24 1 0
20 1 25 1 0
21 1 26 1 0
19 1 27 1 0
34 1 28 1 0
24 1 29 1 0
6 1 30 1 0
23 1 31 1 0
56 1 32 1 0
58 1 33 1 0
5 1 34 1 0
47 1 35 1 0
71 1 36 1 0
72 1 37 1 0
53 1 38 1 0
54 1 39 1 0
55 1 40 1 0
36 1 41 1 0
4 30 42 0 1
4 26 22 0 1
4 27 20 0 1
11 36 15 1 0
3 36 16 1 0
59 36 17 1 0
62 36 18 1 0
27 36 19 2 0
60 35 20 1 0
44 35 21 6 0
65 34 22 1 0
51 34 23 3 0
33 33 24 1 0
4 15 25 0 1
4 10 24 0 1
51 65 24 1 0
33 65 25 1 0
4 15 26 0 1
4 10 22 0 1
33 70 22 1 0
4 15 23 0 1
4 20 22 0 1
7 0 22 1 0
25 0 23 1 0
8 0 24 1 0
20 0 25 1 0
21 0 26 1 0
19 0 27 1 0
34 0 28 1 0
24 0 29 1 0
6 0 30 1 0
23 0 31 1 0
56 0 32 1 0
58 0 33 1 0
5 0 34 1 0
47 0 35 1 0
71 0 36 1 0
72 0 37 1 0
53 0 38 1 0
54 0 39 1 0
55 0 40 1 0
36 0 41 1 0
4 30 42 0 1
4 26 22 0 1
4 27 20 0 1
11 69 15 1 0
3 69 16 1 0
59 69 17 1 0
62 69 18 1 0
27 69 19 2 0
60 68 20 1 0
44 68 21 4 0
46 66 22 1 0
73 66 23 1 0
4 15 24 0 1
4 20 22 0 1
7 58 22 1 0
25 58 23 1 0
8 58 24 1 0
20 58 25 1 0
21 58 26 1 0
19 58 27 1 0
34 58 28 1 0
24 58 29 1 0
6 58 30 1 0
23 58 31 1 0
56 58 32 1 0
58 58 33 1 0
5 58 34 1 0
47 58 35 1 0
71 58 36 1 0
72 58 37 1 0
53 58 38 1 0
26 58 39 1 0
33 58 40 1 0
4 15 41 0 1
4 26 22 0 1
4 27 20 0 1
4 24 14 0 1
4 24 8 0 1
