1 78 0 1 0
17 66 1 1 0
46 66 2 1 0
58 66 3 1 0
0 78 4 1 0
14 66 5 1 0
44 66 6 4 0
16 65 7 1 0
4 21 8 0 1
4 8 7 0 1
59 15 7 1 0
4 13 8 0 1
12 76 7 4 0
4 16 8 0 1
13 68 8 1 0
15 68 9 1 0
2 78 10 1 0
37 68 11 4 0
41 65 12 1 0
4 21 13 0 1
41 69 12 1 0
4 26 13 0 1
39 72 12 2 0
53 70 13 1 0
4 40 14 0 1
38 61 13 4 0
29 60 14 1 0
4 13 15 0 1
4 19 14 0 1
28 45 14 1 0
27 45 15 2 0
65 44 16 1 0
63 44 17 1 0
45 44 18 1 0
31 44 19 1 0
4 12 20 0 1
70 51 16 1 0
29 51 17 1 0
4 13 18 0 1
4 24 14 0 1
36 77 12 1 0
9 77 13 3 0
4 16 14 0 1
11 73 14 1 0
10 73 15 1 0
3 73 16 1 0
55 73 17 1 0
73 73 18 5 0
4 41 19 0 1
4 19 19 0 1
24 57 19 1 0
8 57 20 1 0
19 57 21 1 0
20 57 22 1 0
18 57 23 1 0
30 57 24 1 0
23 57 25 1 0
6 57 26 1 0
22 57 27 1 0
52 57 28 3 0
52 51 29 1 0
54 51 30 1 0
5 51 31 1 0
43 51 32 1 0
66 51 33 1 0
67 51 34 1 0
49 51 35 1 0
25 51 36 1 0
29 51 37 1 0
4 13 38 0 1
4 18 29 0 1
54 5 29 1 0
5 5 30 1 0
43 5 31 1 0
66 5 32 1 0
67 5 33 1 0
49 5 34 1 0
50 5 35 1 0
51 5 36 1 0
32 5 37 1 0
4 14 38 0 1
4 24 19 0 1
3 74 19 1 0
55 74 20 1 0
57 74 21 1 0
9 74 22 3 0
4 16 23 0 1
11 39 23 2 0
10 38 24 1 0
3 38 25 1 0
55 38 26 1 0
57 38 27 1 0
26 38 28 2 0
56 37 29 1 0
40 37 30 6 0
60 32 31 1 0
47 32 32 3 0
29 31 33 1 0
4 13 34 0 1
4 9 33 0 1
47 59 33 1 0
29 59 34 1 0
4 13 35 0 1
4 9 31 0 1
29 64 31 1 0
4 13 32 0 1
4 19 31 0 1
7 54 31 1 0
24 54 32 1 0
8 54 33 1 0
19 54 34 1 0
20 54 35 1 0
18 54 36 1 0
30 54 37 1 0
23 54 38 1 0
6 54 39 1 0
22 54 40 1 0
52 54 41 1 0
54 54 42 1 0
5 54 43 3 0
5 53 44 3 0
5 51 45 1 0
43 51 46 1 0
66 51 47 1 0
67 51 48 1 0
49 51 49 1 0
25 51 50 1 0
29 51 51 1 0
4 13 52 0 1
4 6 45 0 1
43 2 45 1 0
66 2 46 1 0
67 2 47 1 0
49 2 48 1 0
50 2 49 1 0
51 2 50 1 0
32 2 51 1 0
4 28 52 0 1
4 6 44 0 1
43 52 44 3 0
43 51 45 1 0
66 51 46 1 0
67 51 47 1 0
49 51 48 1 0
25 51 49 1 0
29 51 50 1 0
4 13 51 0 1
4 20 45 0 1
66 4 45 1 0
67 4 46 1 0
49 4 47 1 0
50 4 48 1 0
51 4 49 1 0
32 4 50 1 0
4 10 51 0 1
4 24 31 0 1
4 25 29 0 1
10 56 24 1 0
3 56 25 1 0
55 56 26 1 0
57 56 27 1 0
26 56 28 2 0
56 55 29 1 0
48 55 30 2 0
49 51 31 1 0
25 51 32 1 0
29 51 33 1 0
4 13 34 0 1
4 11 31 0 1
4 25 29 0 1
4 22 23 0 1
4 22 14 0 1
13 67 8 1 0
15 67 9 1 0
2 78 10 1 0
37 67 11 4 0
41 65 12 1 0
4 21 13 0 1
41 69 12 1 0
4 26 13 0 1
39 71 12 2 0
53 70 13 1 0
4 40 14 0 1
38 50 13 4 0
29 49 14 1 0
4 13 15 0 1
4 19 14 0 1
28 30 14 1 0
27 30 15 2 0
65 29 16 1 0
64 29 17 1 0
61 29 18 2 0
62 27 19 1 0
59 27 20 1 0
4 13 21 0 1
21 42 19 2 0
4 17 20 0 1
4 23 20 0 1
70 43 16 1 0
29 43 17 1 0
4 13 18 0 1
4 24 14 0 1
36 75 12 1 0
9 75 13 3 0
4 16 14 0 1
11 48 14 4 0
10 47 15 1 0
34 47 16 2 0
33 46 17 2 0
35 44 18 1 0
65 44 19 1 0
63 44 20 1 0
45 44 21 1 0
31 44 22 1 0
4 12 23 0 1
71 58 18 1 0
69 58 19 3 0
70 51 20 1 0
29 51 21 1 0
4 13 22 0 1
4 7 20 0 1
72 3 20 1 0
24 3 21 1 0
8 3 22 1 0
19 3 23 1 0
20 3 24 1 0
18 3 25 1 0
30 3 26 1 0
23 3 27 1 0
6 3 28 1 0
22 3 29 1 0
52 3 30 1 0
54 3 31 1 0
5 3 32 1 0
43 3 33 1 0
66 3 34 1 0
67 3 35 1 0
49 3 36 1 0
50 3 37 1 0
51 3 38 1 0
32 3 39 1 0
4 14 40 0 1
4 25 17 0 1
10 36 15 1 0
3 36 16 1 0
55 36 17 1 0
57 36 18 1 0
26 36 19 2 0
56 35 20 1 0
40 35 21 6 0
60 32 22 1 0
47 32 23 3 0
29 31 24 1 0
4 13 25 0 1
4 9 24 0 1
47 59 24 1 0
29 59 25 1 0
4 13 26 0 1
4 9 22 0 1
29 64 22 1 0
4 13 23 0 1
4 19 22 0 1
7 1 22 1 0
24 1 23 1 0
8 1 24 1 0
19 1 25 1 0
20 1 26 1 0
18 1 27 1 0
30 1 28 1 0
23 1 29 1 0
6 1 30 1 0
22 1 31 1 0
52 1 32 1 0
54 1 33 1 0
5 1 34 1 0
43 1 35 1 0
66 1 36 1 0
67 1 37 1 0
49 1 38 1 0
50 1 39 1 0
51 1 40 1 0
32 1 41 1 0
4 28 42 0 1
4 24 22 0 1
4 25 20 0 1
10 34 15 1 0
3 34 16 1 0
55 34 17 1 0
57 34 18 1 0
26 34 19 2 0
56 33 20 1 0
40 33 21 6 0
60 32 22 1 0
47 32 23 3 0
29 31 24 1 0
4 13 25 0 1
4 9 24 0 1
47 59 24 1 0
29 59 25 1 0
4 13 26 0 1
4 9 22 0 1
29 64 22 1 0
4 13 23 0 1
4 19 22 0 1
7 0 22 1 0
24 0 23 1 0
8 0 24 1 0
19 0 25 1 0
20 0 26 1 0
18 0 27 1 0
30 0 28 1 0
23 0 29 1 0
6 0 30 1 0
22 0 31 1 0
52 0 32 1 0
54 0 33 1 0
5 0 34 1 0
43 0 35 1 0
66 0 36 1 0
67 0 37 1 0
49 0 38 1 0
50 0 39 1 0
51 0 40 1 0
32 0 41 1 0
4 28 42 0 1
4 24 22 0 1
4 25 20 0 1
10 63 15 1 0
3 63 16 1 0
55 63 17 1 0
57 63 18 1 0
26 63 19 2 0
56 62 20 1 0
40 62 21 4 0
42 60 22 1 0
68 60 23 1 0
4 13 24 0 1
4 19 22 0 1
7 51 22 1 0
24 51 23 1 0
8 51 24 1 0
19 51 25 1 0
20 51 26 1 0
18 51 27 1 0
30 51 28 1 0
23 51 29 1 0
6 51 30 1 0
22 51 31 1 0
52 51 32 1 0
54 51 33 1 0
5 51 34 1 0
43 51 35 1 0
66 51 36 1 0
67 51 37 1 0
49 51 38 1 0
25 51 39 1 0
29 51 40 1 0
4 13 41 0 1
4 24 22 0 1
4 25 20 0 1
4 22 14 0 1
4 22 8 0 1
