1 74 0 1 0
18 65 1 1 0
49 65 2 1 0
62 65 3 1 0
0 74 4 1 0
15 65 5 1 0
47 65 6 4 0
17 64 7 1 0
4 23 8 0 1
4 8 7 0 1
63 20 7 1 0
4 14 8 0 1
13 73 7 4 0
4 16 8 0 1
14 66 8 1 0
16 66 9 1 0
2 74 10 1 0
40 66 11 4 0
44 64 12 1 0
4 23 13 0 1
44 67 12 1 0
4 28 13 0 1
42 70 12 2 0
56 68 13 1 0
4 42 14 0 1
41 52 13 4 0
33 51 14 1 0
4 14 15 0 1
4 19 14 0 1
32 32 14 1 0
31 32 15 2 0
69 31 16 1 0
68 31 17 1 0
65 31 18 2 0
66 29 19 1 0
63 29 20 1 0
4 14 21 0 1
22 43 19 2 0
4 17 20 0 1
4 25 20 0 1
74 44 16 1 0
33 44 17 1 0
4 14 18 0 1
4 26 14 0 1
39 71 12 1 0
10 71 13 3 0
4 16 14 0 1
12 39 14 3 0
11 38 15 1 0
3 38 16 1 0
58 38 17 1 0
61 38 18 1 0
27 38 19 2 0
59 37 20 1 0
43 37 21 6 0
64 34 22 1 0
50 34 23 3 0
33 33 24 1 0
4 14 25 0 1
4 9 24 0 1
50 60 24 1 0
33 60 25 1 0
4 14 26 0 1
4 9 22 0 1
33 61 22 1 0
4 14 23 0 1
4 19 22 0 1
7 1 22 1 0
25 1 23 1 0
8 1 24 1 0
20 1 25 1 0
21 1 26 1 0
19 1 27 1 0
34 1 28 1 0
24 1 29 1 0
6 1 30 1 0
23 1 31 1 0
55 1 32 1 0
57 1 33 1 0
5 1 34 1 0
46 1 35 1 0
70 1 36 1 0
71 1 37 1 0
52 1 38 1 0
53 1 39 1 0
54 1 40 1 0
36 1 41 1 0
4 30 42 0 1
4 26 22 0 1
4 27 20 0 1
11 36 15 1 0
3 36 16 1 0
58 36 17 1 0
61 36 18 1 0
27 36 19 2 0
59 35 20 1 0
43 35 21 6 0
64 34 22 1 0
50 34 23 3 0
33 33 24 1 0
4 14 25 0 1
4 9 24 0 1
50 60 24 1 0
33 60 25 1 0
4 14 26 0 1
4 9 22 0 1
33 61 22 1 0
4 14 23 0 1
4 19 22 0 1
7 0 22 1 0
25 0 23 1 0
8 0 24 1 0
20 0 25 1 0
21 0 26 1 0
19 0 27 1 0
34 0 28 1 0
24 0 29 1 0
6 0 30 1 0
23 0 31 1 0
55 0 32 1 0
57 0 33 1 0
5 0 34 1 0
46 0 35 1 0
70 0 36 1 0
71 0 37 1 0
52 0 38 1 0
53 0 39 1 0
54 0 40 1 0
36 0 41 1 0
4 30 42 0 1
4 26 22 0 1
4 27 20 0 1
11 47 15 1 0
3 47 16 1 0
58 47 17 1 0
61 47 18 1 0
27 47 19 2 0
59 46 20 1 0
43 46 21 3 0
45 45 22 1 0
72 45 23 1 0
4 14 24 0 1
4 19 22 0 1
4 26 22 0 1
4 27 20 0 1
4 24 14 0 1
14 63 8 1 0
16 63 9 1 0
2 74 10 1 0
40 63 11 4 0
44 62 12 1 0
4 22 13 0 1
44 67 12 1 0
4 28 13 0 1
42 69 12 2 0
56 68 13 1 0
4 42 14 0 1
41 46 13 3 0
33 45 14 1 0
4 14 15 0 1
4 19 14 0 1
4 26 14 0 1
39 72 12 1 0
10 72 13 3 0
4 16 14 0 1
12 48 14 1 0
11 48 15 1 0
3 48 16 1 0
58 48 17 1 0
29 48 18 1 0
9 48 19 9 0
4 10 20 0 1
4 19 20 0 1
28 50 20 1 0
37 50 21 2 0
38 49 22 1 0
69 49 23 1 0
67 49 24 1 0
48 49 25 1 0
35 49 26 1 0
4 13 27 0 1
75 59 22 1 0
73 59 23 3 0
74 53 24 1 0
33 53 25 1 0
4 14 26 0 1
4 7 24 0 1
76 3 24 1 0
25 3 25 1 0
8 3 26 1 0
20 3 27 1 0
21 3 28 1 0
19 3 29 1 0
34 3 30 1 0
24 3 31 1 0
6 3 32 1 0
23 3 33 1 0
55 3 34 1 0
57 3 35 1 0
5 3 36 1 0
46 3 37 1 0
70 3 38 1 0
71 3 39 1 0
52 3 40 1 0
53 3 41 1 0
54 3 42 1 0
36 3 43 1 0
4 15 44 0 1
4 27 20 0 1
25 58 20 1 0
8 58 21 1 0
20 58 22 1 0
21 58 23 1 0
19 58 24 1 0
34 58 25 1 0
24 58 26 1 0
6 58 27 1 0
23 58 28 1 0
55 58 29 3 0
55 53 30 1 0
57 53 31 1 0
5 53 32 1 0
46 53 33 1 0
70 53 34 1 0
71 53 35 1 0
52 53 36 1 0
26 53 37 1 0
33 53 38 1 0
4 14 39 0 1
4 18 30 0 1
57 5 30 1 0
5 5 31 1 0
46 5 32 1 0
70 5 33 1 0
71 5 34 1 0
52 5 35 1 0
53 5 36 1 0
54 5 37 1 0
36 5 38 1 0
4 15 39 0 1
4 27 20 0 1
30 57 20 1 0
60 57 21 1 0
59 57 22 1 0
51 57 23 2 0
52 53 24 1 0
26 53 25 1 0
33 53 26 1 0
4 14 27 0 1
4 12 24 0 1
4 26 20 0 1
3 41 20 1 0
58 41 21 1 0
61 41 22 1 0
27 41 23 2 0
59 40 24 1 0
43 40 25 6 0
64 34 26 1 0
50 34 27 3 0
33 33 28 1 0
4 14 29 0 1
4 9 28 0 1
50 60 28 1 0
33 60 29 1 0
4 14 30 0 1
4 9 26 0 1
33 61 26 1 0
4 14 27 0 1
4 19 26 0 1
7 56 26 1 0
25 56 27 1 0
8 56 28 1 0
20 56 29 1 0
21 56 30 1 0
19 56 31 1 0
34 56 32 1 0
24 56 33 1 0
6 56 34 1 0
23 56 35 1 0
55 56 36 1 0
57 56 37 1 0
5 56 38 3 0
5 55 39 3 0
5 53 40 1 0
46 53 41 1 0
70 53 42 1 0
71 53 43 1 0
52 53 44 1 0
26 53 45 1 0
33 53 46 1 0
4 14 47 0 1
4 6 40 0 1
46 2 40 1 0
70 2 41 1 0
71 2 42 1 0
52 2 43 1 0
53 2 44 1 0
54 2 45 1 0
36 2 46 1 0
4 30 47 0 1
4 6 39 0 1
46 54 39 3 0
46 53 40 1 0
70 53 41 1 0
71 53 42 1 0
52 53 43 1 0
26 53 44 1 0
33 53 45 1 0
4 14 46 0 1
4 21 40 0 1
70 4 40 1 0
71 4 41 1 0
52 4 42 1 0
53 4 43 1 0
54 4 44 1 0
36 4 45 1 0
4 11 46 0 1
4 26 26 0 1
4 27 24 0 1
4 24 14 0 1
4 24 8 0 1
