1 0 1 0
18 1 1 0
50 2 1 0
64 3 1 0
0 4 1 0
15 5 1 0
48 6 4 0
17 7 1 0
4 8 0 1
4 7 0 1
65 7 1 0
4 8 0 1
13 7 4 0
4 8 0 1
14 8 1 0
16 9 1 0
2 10 1 0
41 11 4 0
45 12 1 0
4 13 0 1
45 12 1 0
4 13 0 1
43 12 2 0
57 13 1 0
71 14 1 0
69 15 1 0
49 16 1 0
28 17 1 0
4 18 0 1
42 13 4 0
34 14 1 0
4 15 0 1
4 14 0 1
33 14 1 0
32 15 2 0
71 16 1 0
69 17 1 0
49 18 1 0
36 19 1 0
4 20 0 1
76 16 1 0
34 17 1 0
4 18 0 1
4 14 0 1
40 12 1 0
10 13 3 0
4 14 0 1
12 14 1 0
11 15 1 0
3 16 1 0
60 17 1 0
63 18 1 0
58 19 3 0
4 20 0 1
25 20 1 0
8 21 1 0
20 22 1 0
21 23 1 0
19 24 1 0
35 25 1 0
24 26 1 0
6 27 1 0
23 28 1 0
56 29 1 0
59 30 1 0
5 31 1 0
47 32 3 0
47 33 1 0
72 34 1 0
73 35 1 0
53 36 1 0
26 37 1 0
34 38 1 0
4 39 0 1
4 33 0 1
72 33 1 0
73 34 1 0
53 35 1 0
54 36 1 0
55 37 1 0
37 38 1 0
4 39 0 1
4 20 0 1
4 14 0 1
14 8 1 0
16 9 1 0
2 10 1 0
41 11 4 0
45 12 1 0
4 13 0 1
45 12 1 0
4 13 0 1
43 12 2 0
57 13 1 0
4 14 0 1
42 13 4 0
34 14 1 0
4 15 0 1
4 14 0 1
33 14 1 0
32 15 2 0
71 16 1 0
70 17 1 0
67 18 2 0
68 19 1 0
65 20 1 0
4 21 0 1
22 19 2 0
4 20 0 1
4 20 0 1
76 16 1 0
34 17 1 0
4 18 0 1
4 14 0 1
40 12 1 0
10 13 3 0
4 14 0 1
12 14 3 0
11 15 1 0
3 16 1 0
60 17 1 0
63 18 1 0
27 19 2 0
61 20 1 0
44 21 6 0
66 22 1 0
51 23 3 0
34 24 1 0
4 25 0 1
4 24 0 1
51 24 1 0
34 25 1 0
4 26 0 1
4 22 0 1
34 22 1 0
4 23 0 1
4 22 0 1
7 22 1 0
25 23 1 0
8 24 1 0
20 25 1 0
21 26 1 0
19 27 1 0
35 28 1 0
24 29 1 0
6 30 1 0
23 31 1 0
56 32 1 0
59 33 1 0
5 34 1 0
47 35 1 0
72 36 1 0
73 37 1 0
53 38 1 0
54 39 1 0
55 40 1 0
37 41 1 0
4 42 0 1
4 22 0 1
4 20 0 1
11 15 1 0
3 16 1 0
60 17 1 0
63 18 1 0
27 19 2 0
61 20 1 0
44 21 6 0
66 22 1 0
51 23 3 0
34 24 1 0
4 25 0 1
4 24 0 1
51 24 1 0
34 25 1 0
4 26 0 1
4 22 0 1
34 22 1 0
4 23 0 1
4 22 0 1
7 22 1 0
25 23 1 0
8 24 1 0
20 25 1 0
21 26 1 0
19 27 1 0
35 28 1 0
24 29 1 0
6 30 1 0
23 31 1 0
56 32 1 0
59 33 1 0
5 34 1 0
47 35 1 0
72 36 1 0
73 37 1 0
53 38 1 0
54 39 1 0
55 40 1 0
37 41 1 0
4 42 0 1
4 22 0 1
4 20 0 1
11 15 1 0
3 16 1 0
60 17 1 0
30 18 1 0
9 19 9 0
4 20 0 1
4 20 0 1
29 20 1 0
38 21 2 0
39 22 1 0
71 23 1 0
69 24 1 0
49 25 1 0
36 26 1 0
4 27 0 1
77 22 1 0
75 23 3 0
76 24 1 0
34 25 1 0
4 26 0 1
4 24 0 1
78 24 1 0
25 25 1 0
8 26 1 0
20 27 1 0
21 28 1 0
19 29 1 0
35 30 1 0
24 31 1 0
6 32 1 0
23 33 1 0
56 34 1 0
59 35 1 0
5 36 1 0
47 37 1 0
72 38 1 0
73 39 1 0
53 40 1 0
54 41 1 0
55 42 1 0
37 43 1 0
4 44 0 1
4 20 0 1
25 20 1 0
8 21 1 0
20 22 1 0
21 23 1 0
19 24 1 0
35 25 1 0
24 26 1 0
6 27 1 0
23 28 1 0
56 29 3 0
56 30 1 0
59 31 1 0
5 32 1 0
47 33 1 0
72 34 1 0
73 35 1 0
53 36 1 0
26 37 1 0
34 38 1 0
4 39 0 1
4 30 0 1
59 30 1 0
5 31 1 0
47 32 1 0
72 33 1 0
73 34 1 0
53 35 1 0
54 36 1 0
55 37 1 0
37 38 1 0
4 39 0 1
4 20 0 1
31 20 1 0
62 21 1 0
61 22 1 0
52 23 2 0
53 24 1 0
26 25 1 0
34 26 1 0
4 27 0 1
4 24 0 1
4 20 0 1
3 20 1 0
60 21 1 0
63 22 1 0
27 23 2 0
61 24 1 0
44 25 6 0
66 26 1 0
51 27 3 0
34 28 1 0
4 29 0 1
4 28 0 1
51 28 1 0
34 29 1 0
4 30 0 1
4 26 0 1
34 26 1 0
4 27 0 1
4 26 0 1
7 26 1 0
25 27 1 0
8 28 1 0
20 29 1 0
21 30 1 0
19 31 1 0
35 32 1 0
24 33 1 0
6 34 1 0
23 35 1 0
56 36 1 0
59 37 1 0
5 38 3 0
5 39 3 0
5 40 1 0
47 41 1 0
72 42 1 0
73 43 1 0
53 44 1 0
26 45 1 0
34 46 1 0
4 47 0 1
4 40 0 1
47 40 1 0
72 41 1 0
73 42 1 0
53 43 1 0
54 44 1 0
55 45 1 0
37 46 1 0
4 47 0 1
4 39 0 1
47 39 1 0
72 40 1 0
73 41 1 0
53 42 1 0
54 43 1 0
55 44 4 0
46 45 1 0
74 46 1 0
4 47 0 1
4 45 0 1
7 45 1 0
25 46 1 0
8 47 1 0
20 48 1 0
21 49 1 0
19 50 1 0
35 51 1 0
24 52 1 0
6 53 1 0
23 54 1 0
56 55 1 0
59 56 1 0
5 57 1 0
47 58 1 0
72 59 1 0
73 60 1 0
53 61 1 0
26 62 1 0
34 63 1 0
4 64 0 1
4 45 0 1
4 26 0 1
4 24 0 1
4 14 0 1
4 8 0 1
