1 70 0 1 0
17 61 1 1 0
45 61 2 1 0
57 61 3 1 0
0 70 4 1 0
14 61 5 1 0
43 61 6 4 0
16 60 7 1 0
4 21 8 0 1
4 8 7 0 1
58 15 7 1 0
4 13 8 0 1
12 69 7 3 0
4 16 8 0 1
13 62 8 1 0
15 62 9 1 0
2 70 10 1 0
37 62 11 4 0
41 60 12 1 0
4 21 13 0 1
41 63 12 1 0
4 26 13 0 1
39 65 12 2 0
52 64 13 1 0
4 41 14 0 1
38 57 13 4 0
29 56 14 1 0
4 13 15 0 1
4 19 14 0 1
28 30 14 1 0
27 30 15 2 0
64 29 16 1 0
63 29 17 1 0
60 29 18 2 0
61 27 19 1 0
58 27 20 1 0
4 13 21 0 1
21 43 19 2 0
4 17 20 0 1
4 23 20 0 1
68 44 16 1 0
29 44 17 1 0
4 13 18 0 1
4 24 14 0 1
36 67 12 1 0
9 67 13 3 0
4 16 14 0 1
11 37 14 4 0
10 36 15 1 0
3 36 16 1 0
54 36 17 1 0
56 36 18 1 0
26 36 19 2 0
55 35 20 1 0
40 35 21 6 0
59 32 22 1 0
46 32 23 3 0
29 31 24 1 0
4 13 25 0 1
4 9 24 0 1
46 58 24 1 0
29 58 25 1 0
4 13 26 0 1
4 9 22 0 1
29 59 22 1 0
4 13 23 0 1
4 19 22 0 1
7 1 22 1 0
24 1 23 1 0
8 1 24 1 0
19 1 25 1 0
20 1 26 1 0
18 1 27 1 0
30 1 28 1 0
23 1 29 1 0
6 1 30 1 0
22 1 31 1 0
51 1 32 1 0
53 1 33 1 0
5 1 34 1 0
42 1 35 1 0
65 1 36 1 0
66 1 37 1 0
48 1 38 1 0
49 1 39 1 0
50 1 40 1 0
32 1 41 1 0
4 28 42 0 1
4 24 22 0 1
4 25 20 0 1
10 34 15 1 0
3 34 16 1 0
54 34 17 1 0
56 34 18 1 0
26 34 19 2 0
55 33 20 1 0
40 33 21 6 0
59 32 22 1 0
46 32 23 3 0
29 31 24 1 0
4 13 25 0 1
4 9 24 0 1
46 58 24 1 0
29 58 25 1 0
4 13 26 0 1
4 9 22 0 1
29 59 22 1 0
4 13 23 0 1
4 19 22 0 1
7 0 22 1 0
24 0 23 1 0
8 0 24 1 0
19 0 25 1 0
20 0 26 1 0
18 0 27 1 0
30 0 28 1 0
23 0 29 1 0
6 0 30 1 0
22 0 31 1 0
51 0 32 1 0
53 0 33 1 0
5 0 34 1 0
42 0 35 1 0
65 0 36 1 0
66 0 37 1 0
48 0 38 1 0
49 0 39 1 0
50 0 40 1 0
32 0 41 1 0
4 28 42 0 1
4 24 22 0 1
4 25 20 0 1
10 55 15 1 0
34 55 16 2 0
33 54 17 2 0
35 53 18 1 0
64 53 19 1 0
62 53 20 1 0
44 53 21 1 0
31 53 22 1 0
4 12 23 0 1
69 52 18 1 0
67 52 19 3 0
68 45 20 1 0
29 45 21 1 0
4 13 22 0 1
4 7 20 0 1
70 3 20 1 0
24 3 21 1 0
8 3 22 1 0
19 3 23 1 0
20 3 24 1 0
18 3 25 1 0
30 3 26 1 0
23 3 27 1 0
6 3 28 1 0
22 3 29 1 0
51 3 30 1 0
53 3 31 1 0
5 3 32 1 0
42 3 33 1 0
65 3 34 1 0
66 3 35 1 0
48 3 36 1 0
49 3 37 1 0
50 3 38 1 0
32 3 39 1 0
4 14 40 0 1
4 25 17 0 1
10 66 15 1 0
3 66 16 1 0
54 66 17 1 0
71 66 18 5 0
4 42 19 0 1
4 19 19 0 1
24 51 19 1 0
8 51 20 1 0
19 51 21 1 0
20 51 22 1 0
18 51 23 1 0
30 51 24 1 0
23 51 25 1 0
6 51 26 1 0
22 51 27 1 0
51 51 28 3 0
51 45 29 1 0
53 45 30 1 0
5 45 31 1 0
42 45 32 1 0
65 45 33 1 0
66 45 34 1 0
48 45 35 1 0
25 45 36 1 0
29 45 37 1 0
4 13 38 0 1
4 18 29 0 1
53 5 29 1 0
5 5 30 1 0
42 5 31 1 0
65 5 32 1 0
66 5 33 1 0
48 5 34 1 0
49 5 35 1 0
50 5 36 1 0
32 5 37 1 0
4 14 38 0 1
4 24 19 0 1
3 68 19 1 0
54 68 20 1 0
56 68 21 1 0
9 68 22 3 0
4 16 23 0 1
11 40 23 2 0
10 39 24 1 0
3 39 25 1 0
54 39 26 1 0
56 39 27 1 0
26 39 28 2 0
55 38 29 1 0
40 38 30 6 0
59 32 31 1 0
46 32 32 3 0
29 31 33 1 0
4 13 34 0 1
4 9 33 0 1
46 58 33 1 0
29 58 34 1 0
4 13 35 0 1
4 9 31 0 1
29 59 31 1 0
4 13 32 0 1
4 19 31 0 1
7 48 31 1 0
24 48 32 1 0
8 48 33 1 0
19 48 34 1 0
20 48 35 1 0
18 48 36 1 0
30 48 37 1 0
23 48 38 1 0
6 48 39 1 0
22 48 40 1 0
51 48 41 1 0
53 48 42 1 0
5 48 43 3 0
5 47 44 3 0
5 45 45 1 0
42 45 46 1 0
65 45 47 1 0
66 45 48 1 0
48 45 49 1 0
25 45 50 1 0
29 45 51 1 0
4 13 52 0 1
4 6 45 0 1
42 2 45 1 0
65 2 46 1 0
66 2 47 1 0
48 2 48 1 0
49 2 49 1 0
50 2 50 1 0
32 2 51 1 0
4 28 52 0 1
4 6 44 0 1
42 46 44 3 0
42 45 45 1 0
65 45 46 1 0
66 45 47 1 0
48 45 48 1 0
25 45 49 1 0
29 45 50 1 0
4 13 51 0 1
4 20 45 0 1
65 4 45 1 0
66 4 46 1 0
48 4 47 1 0
49 4 48 1 0
50 4 49 1 0
32 4 50 1 0
4 10 51 0 1
4 24 31 0 1
4 25 29 0 1
10 50 24 1 0
3 50 25 1 0
54 50 26 1 0
56 50 27 1 0
26 50 28 2 0
55 49 29 1 0
47 49 30 2 0
48 45 31 1 0
25 45 32 1 0
29 45 33 1 0
4 13 34 0 1
4 11 31 0 1
4 25 29 0 1
4 22 23 0 1
4 22 14 0 1
4 22 8 0 1
