1 79 0 1 0
17 65 1 1 0
46 65 2 1 0
58 65 3 1 0
0 79 4 1 0
14 65 5 1 0
44 65 6 4 0
16 64 7 1 0
4 22 8 0 1
4 8 7 0 1
59 19 7 1 0
4 13 8 0 1
12 78 7 4 0
4 15 8 0 1
13 66 8 1 0
15 66 9 1 0
2 79 10 1 0
37 66 11 4 0
41 64 12 1 0
4 22 13 0 1
41 67 12 1 0
4 27 13 0 1
39 72 12 2 0
53 71 13 1 0
4 42 14 0 1
38 51 13 4 0
29 50 14 1 0
4 13 15 0 1
4 18 14 0 1
28 31 14 1 0
27 31 15 2 0
65 30 16 1 0
64 30 17 1 0
61 30 18 2 0
62 28 19 1 0
59 28 20 1 0
4 13 21 0 1
21 44 19 2 0
4 16 20 0 1
4 24 20 0 1
70 45 16 1 0
29 45 17 1 0
4 13 18 0 1
4 25 14 0 1
36 75 12 1 0
9 75 13 3 0
4 15 14 0 1
11 38 14 3 0
10 37 15 1 0
3 37 16 1 0
55 37 17 1 0
57 37 18 1 0
26 37 19 2 0
56 36 20 1 0
40 36 21 6 0
60 33 22 1 0
47 33 23 3 0
29 32 24 1 0
4 13 25 0 1
4 9 24 0 1
47 60 24 1 0
29 60 25 1 0
4 13 26 0 1
4 9 22 0 1
29 61 22 1 0
4 13 23 0 1
4 18 22 0 1
7 1 22 1 0
24 1 23 1 0
8 1 24 1 0
19 1 25 1 0
20 1 26 1 0
18 1 27 1 0
30 1 28 1 0
23 1 29 1 0
6 1 30 1 0
22 1 31 1 0
52 1 32 1 0
54 1 33 1 0
5 1 34 1 0
43 1 35 1 0
66 1 36 1 0
67 1 37 1 0
49 1 38 1 0
50 1 39 1 0
51 1 40 1 0
32 1 41 1 0
4 29 42 0 1
4 25 22 0 1
4 26 20 0 1
10 35 15 1 0
3 35 16 1 0
55 35 17 1 0
57 35 18 1 0
26 35 19 2 0
56 34 20 1 0
40 34 21 6 0
60 33 22 1 0
47 33 23 3 0
29 32 24 1 0
4 13 25 0 1
4 9 24 0 1
47 60 24 1 0
29 60 25 1 0
4 13 26 0 1
4 9 22 0 1
29 61 22 1 0
4 13 23 0 1
4 18 22 0 1
7 0 22 1 0
24 0 23 1 0
8 0 24 1 0
19 0 25 1 0
20 0 26 1 0
18 0 27 1 0
30 0 28 1 0
23 0 29 1 0
6 0 30 1 0
22 0 31 1 0
52 0 32 1 0
54 0 33 1 0
5 0 34 1 0
43 0 35 1 0
66 0 36 1 0
67 0 37 1 0
49 0 38 1 0
50 0 39 1 0
51 0 40 1 0
32 0 41 1 0
4 29 42 0 1
4 25 22 0 1
4 26 20 0 1
10 70 15 1 0
3 70 16 1 0
55 70 17 1 0
57 70 18 1 0
26 70 19 2 0
56 69 20 1 0
40 69 21 3 0
42 68 22 1 0
68 68 23 1 0
4 13 24 0 1
4 18 22 0 1
4 25 22 0 1
4 26 20 0 1
4 23 14 0 1
13 63 8 1 0
15 63 9 1 0
2 79 10 1 0
37 63 11 4 0
41 62 12 1 0
4 21 13 0 1
41 67 12 1 0
4 27 13 0 1
39 73 12 2 0
53 71 13 1 0
4 42 14 0 1
38 69 13 3 0
29 68 14 1 0
4 13 15 0 1
4 18 14 0 1
4 25 14 0 1
36 77 12 1 0
9 77 13 3 0
4 15 14 0 1
11 49 14 2 0
10 48 15 1 0
34 48 16 2 0
33 47 17 2 0
35 46 18 1 0
65 46 19 1 0
63 46 20 1 0
45 46 21 1 0
31 46 22 1 0
4 12 23 0 1
71 59 18 1 0
69 59 19 3 0
70 52 20 1 0
29 52 21 1 0
4 13 22 0 1
4 7 20 0 1
72 3 20 1 0
24 3 21 1 0
8 3 22 1 0
19 3 23 1 0
20 3 24 1 0
18 3 25 1 0
30 3 26 1 0
23 3 27 1 0
6 3 28 1 0
22 3 29 1 0
52 3 30 1 0
54 3 31 1 0
5 3 32 1 0
43 3 33 1 0
66 3 34 1 0
67 3 35 1 0
49 3 36 1 0
50 3 37 1 0
51 3 38 1 0
32 3 39 1 0
4 14 40 0 1
4 26 17 0 1
10 74 15 1 0
3 74 16 1 0
55 74 17 1 0
73 74 18 5 0
4 43 19 0 1
4 18 19 0 1
24 58 19 1 0
8 58 20 1 0
19 58 21 1 0
20 58 22 1 0
18 58 23 1 0
30 58 24 1 0
23 58 25 1 0
6 58 26 1 0
22 58 27 1 0
52 58 28 3 0
52 52 29 1 0
54 52 30 1 0
5 52 31 1 0
43 52 32 1 0
66 52 33 1 0
67 52 34 1 0
49 52 35 1 0
25 52 36 1 0
29 52 37 1 0
4 13 38 0 1
4 17 29 0 1
54 5 29 1 0
5 5 30 1 0
43 5 31 1 0
66 5 32 1 0
67 5 33 1 0
49 5 34 1 0
50 5 35 1 0
51 5 36 1 0
32 5 37 1 0
4 14 38 0 1
4 25 19 0 1
3 76 19 1 0
55 76 20 1 0
57 76 21 1 0
9 76 22 3 0
4 15 23 0 1
11 41 23 2 0
10 40 24 1 0
3 40 25 1 0
55 40 26 1 0
57 40 27 1 0
26 40 28 2 0
56 39 29 1 0
40 39 30 6 0
60 33 31 1 0
47 33 32 3 0
29 32 33 1 0
4 13 34 0 1
4 9 33 0 1
47 60 33 1 0
29 60 34 1 0
4 13 35 0 1
4 9 31 0 1
29 61 31 1 0
4 13 32 0 1
4 18 31 0 1
7 55 31 1 0
24 55 32 1 0
8 55 33 1 0
19 55 34 1 0
20 55 35 1 0
18 55 36 1 0
30 55 37 1 0
23 55 38 1 0
6 55 39 1 0
22 55 40 1 0
52 55 41 1 0
54 55 42 1 0
5 55 43 3 0
5 54 44 3 0
5 52 45 1 0
43 52 46 1 0
66 52 47 1 0
67 52 48 1 0
49 52 49 1 0
25 52 50 1 0
29 52 51 1 0
4 13 52 0 1
4 6 45 0 1
43 2 45 1 0
66 2 46 1 0
67 2 47 1 0
49 2 48 1 0
50 2 49 1 0
51 2 50 1 0
32 2 51 1 0
4 29 52 0 1
4 6 44 0 1
43 53 44 3 0
43 52 45 1 0
66 52 46 1 0
67 52 47 1 0
49 52 48 1 0
25 52 49 1 0
29 52 50 1 0
4 13 51 0 1
4 20 45 0 1
66 4 45 1 0
67 4 46 1 0
49 4 47 1 0
50 4 48 1 0
51 4 49 1 0
32 4 50 1 0
4 10 51 0 1
4 25 31 0 1
4 26 29 0 1
10 57 24 1 0
3 57 25 1 0
55 57 26 1 0
57 57 27 1 0
26 57 28 2 0
56 56 29 1 0
48 56 30 2 0
49 52 31 1 0
25 52 32 1 0
29 52 33 1 0
4 13 34 0 1
4 11 31 0 1
4 26 29 0 1
4 23 23 0 1
4 23 14 0 1
4 23 8 0 1
