1 0 1 0
21 1 1 0
55 2 1 0
67 3 1 0
0 4 1 0
18 5 1 0
53 6 3 0
4 7 0 1
68 7 1 0
4 8 0 1
16 7 6 0
4 8 0 1
17 8 1 0
19 9 1 0
31 10 4 0
32 11 1 0
4 12 0 1
74 11 1 0
73 12 1 0
71 13 3 0
56 14 3 0
37 15 1 0
4 16 0 1
4 15 0 1
56 15 1 0
37 16 1 0
4 17 0 1
4 14 0 1
68 14 1 0
4 15 0 1
81 11 1 0
79 12 3 0
80 13 1 0
37 14 1 0
4 15 0 1
4 13 0 1
82 13 1 0
28 14 1 0
10 15 1 0
23 16 1 0
24 17 1 0
22 18 1 0
38 19 1 0
27 20 1 0
7 21 1 0
26 22 1 0
60 23 1 0
62 24 1 0
5 25 1 0
52 26 1 0
75 27 1 0
76 28 1 0
57 29 1 0
58 30 1 0
59 31 1 0
77 32 5 0
4 33 0 1
20 33 5 0
37 34 1 0
4 35 0 1
4 34 0 1
37 34 1 0
4 35 0 1
4 34 0 1
37 34 1 0
4 35 0 1
4 33 0 1
8 33 1 0
28 34 1 0
10 35 1 0
23 36 1 0
24 37 1 0
22 38 1 0
38 39 1 0
27 40 1 0
7 41 1 0
26 42 1 0
60 43 1 0
62 44 1 0
5 45 1 0
52 46 1 0
75 47 1 0
76 48 1 0
57 49 1 0
29 50 3 0
6 51 1 0
37 52 1 0
4 53 0 1
4 51 0 1
37 51 1 0
4 52 0 1
4 33 0 1
4 11 0 1
17 8 1 0
19 9 1 0
2 10 1 0
46 11 4 0
50 12 1 0
4 13 0 1
50 12 1 0
4 13 0 1
48 12 2 0
61 13 1 0
4 14 0 1
47 13 4 0
37 14 1 0
4 15 0 1
4 14 0 1
36 14 1 0
35 15 2 0
74 16 1 0
72 17 1 0
54 18 1 0
39 19 1 0
4 20 0 1
80 16 1 0
37 17 1 0
4 18 0 1
4 14 0 1
45 12 1 0
13 13 3 0
4 14 0 1
15 14 2 0
14 15 1 0
3 16 1 0
63 17 1 0
33 18 1 0
12 19 8 0
4 20 0 1
4 20 0 1
4 20 0 1
28 20 1 0
10 21 1 0
23 22 1 0
24 23 1 0
22 24 1 0
38 25 1 0
27 26 1 0
7 27 1 0
26 28 1 0
60 29 3 0
60 30 1 0
62 31 1 0
5 32 1 0
52 33 1 0
75 34 1 0
76 35 1 0
57 36 1 0
29 37 1 0
37 38 1 0
4 39 0 1
4 30 0 1
62 30 1 0
5 31 1 0
52 32 1 0
75 33 1 0
76 34 1 0
57 35 1 0
58 36 1 0
59 37 1 0
41 38 1 0
4 39 0 1
4 20 0 1
34 20 1 0
65 21 1 0
64 22 1 0
9 23 3 0
40 24 1 0
29 25 1 0
37 26 1 0
4 27 0 1
11 24 1 0
4 25 0 1
28 24 1 0
10 25 1 0
23 26 1 0
24 27 1 0
22 28 1 0
38 29 1 0
27 30 1 0
7 31 1 0
26 32 1 0
60 33 1 0
62 34 1 0
5 35 1 0
52 36 3 0
52 37 1 0
75 38 1 0
76 39 1 0
57 40 1 0
58 41 1 0
59 42 1 0
41 43 1 0
4 44 0 1
4 37 0 1
75 37 1 0
76 38 1 0
57 39 1 0
58 40 1 0
59 41 1 0
41 42 1 0
4 43 0 1
4 20 0 1
3 20 1 0
63 21 1 0
66 22 1 0
13 23 3 0
4 24 0 1
15 24 1 0
14 25 1 0
3 26 1 0
63 27 1 0
66 28 1 0
30 29 2 0
64 30 1 0
49 31 6 0
69 32 1 0
56 33 3 0
37 34 1 0
4 35 0 1
4 34 0 1
56 34 1 0
37 35 1 0
4 36 0 1
4 32 0 1
37 32 1 0
4 33 0 1
4 32 0 1
8 32 1 0
28 33 1 0
10 34 1 0
23 35 1 0
24 36 1 0
22 37 1 0
38 38 1 0
27 39 1 0
7 40 1 0
26 41 1 0
60 42 1 0
62 43 1 0
5 44 1 0
52 45 3 0
52 46 1 0
75 47 1 0
76 48 1 0
57 49 1 0
29 50 1 0
37 51 1 0
4 52 0 1
4 46 0 1
75 46 1 0
76 47 1 0
57 48 1 0
58 49 1 0
59 50 1 0
41 51 1 0
4 52 0 1
4 32 0 1
4 30 0 1
4 24 0 1
14 15 1 0
3 16 1 0
63 17 1 0
66 18 1 0
30 19 2 0
64 20 1 0
49 21 5 0
69 22 1 0
56 23 3 0
37 24 1 0
4 25 0 1
4 24 0 1
56 24 1 0
37 25 1 0
4 26 0 1
4 22 0 1
37 22 1 0
4 23 0 1
4 22 0 1
4 22 0 1
4 20 0 1
4 14 0 1
17 8 1 0
19 9 1 0
2 10 1 0
46 11 3 0
50 12 1 0
4 13 0 1
48 12 2 0
61 13 1 0
4 14 0 1
47 13 3 0
37 14 1 0
4 15 0 1
4 14 0 1
4 14 0 1
45 12 1 0
13 13 3 0
4 14 0 1
15 14 2 0
14 15 1 0
43 16 2 0
42 17 2 0
44 18 1 0
74 19 1 0
72 20 1 0
54 21 1 0
39 22 1 0
4 23 0 1
81 18 1 0
79 19 3 0
80 20 1 0
37 21 1 0
4 22 0 1
4 20 0 1
82 20 1 0
28 21 1 0
10 22 1 0
23 23 1 0
24 24 1 0
22 25 1 0
38 26 1 0
27 27 1 0
7 28 1 0
26 29 1 0
60 30 1 0
62 31 1 0
5 32 1 0
52 33 1 0
75 34 1 0
76 35 1 0
57 36 1 0
58 37 1 0
59 38 5 0
69 39 1 0
56 40 1 0
37 41 1 0
4 42 0 1
4 39 0 1
37 39 1 0
4 40 0 1
4 39 0 1
4 39 0 1
4 17 0 1
14 15 1 0
3 16 1 0
63 17 1 0
66 18 1 0
30 19 2 0
64 20 1 0
49 21 4 0
51 22 1 0
78 23 1 0
4 24 0 1
4 22 0 1
8 22 1 0
28 23 1 0
10 24 1 0
23 25 1 0
24 26 1 0
22 27 1 0
38 28 1 0
27 29 1 0
7 30 1 0
26 31 1 0
60 32 1 0
62 33 1 0
5 34 1 0
52 35 1 0
75 36 1 0
76 37 1 0
57 38 1 0
29 39 1 0
37 40 1 0
4 41 0 1
4 22 0 1
4 20 0 1
4 14 0 1
17 8 1 0
19 9 1 0
2 10 1 0
46 11 4 0
50 12 1 0
4 13 0 1
50 12 1 0
4 13 0 1
48 12 2 0
61 13 1 0
4 14 0 1
47 13 4 0
37 14 1 0
4 15 0 1
4 14 0 1
36 14 1 0
35 15 2 0
74 16 1 0
73 17 1 0
70 18 2 0
71 19 1 0
68 20 1 0
4 21 0 1
25 19 2 0
4 20 0 1
4 20 0 1
80 16 1 0
37 17 1 0
4 18 0 1
4 14 0 1
45 12 1 0
13 13 3 0
4 14 0 1
15 14 2 0
14 15 1 0
3 16 1 0
63 17 1 0
66 18 1 0
30 19 2 0
64 20 1 0
49 21 6 0
69 22 1 0
56 23 3 0
37 24 1 0
4 25 0 1
4 24 0 1
56 24 1 0
37 25 1 0
4 26 0 1
4 22 0 1
37 22 1 0
4 23 0 1
4 22 0 1
8 22 1 0
28 23 1 0
10 24 1 0
23 25 1 0
24 26 1 0
22 27 1 0
38 28 1 0
27 29 1 0
7 30 1 0
26 31 1 0
60 32 1 0
62 33 1 0
5 34 1 0
52 35 1 0
75 36 1 0
76 37 1 0
57 38 1 0
58 39 1 0
59 40 1 0
41 41 1 0
4 42 0 1
4 22 0 1
4 20 0 1
14 15 1 0
3 16 1 0
63 17 1 0
66 18 1 0
30 19 2 0
64 20 1 0
49 21 3 0
51 22 1 0
78 23 1 0
4 24 0 1
4 22 0 1
4 22 0 1
4 20 0 1
4 14 0 1
4 8 0 1
