1 0 1 0
21 1 1 0
52 2 1 0
63 3 1 0
0 4 1 0
17 5 1 0
50 6 4 0
19 7 1 0
4 8 0 1
4 7 0 1
64 7 1 0
4 8 0 1
15 7 4 0
4 8 0 1
16 8 1 0
18 9 1 0
2 10 1 0
43 11 4 0
47 12 1 0
4 13 0 1
47 12 1 0
4 13 0 1
45 12 2 0
58 13 1 0
4 14 0 1
44 13 4 0
33 14 1 0
4 15 0 1
4 14 0 1
32 14 1 0
31 15 2 0
70 16 1 0
68 17 1 0
51 18 1 0
36 19 1 0
4 20 0 1
76 16 1 0
33 17 1 0
4 18 0 1
4 14 0 1
42 12 1 0
12 13 3 0
4 14 0 1
14 14 1 0
13 15 1 0
3 16 1 0
60 17 1 0
34 18 5 0
4 19 0 1
4 19 0 1
28 19 1 0
10 20 1 0
23 21 1 0
24 22 1 0
22 23 1 0
35 24 1 0
27 25 1 0
7 26 1 0
26 27 1 0
57 28 3 0
57 29 1 0
59 30 1 0
5 31 1 0
49 32 1 0
71 33 1 0
72 34 1 0
54 35 1 0
29 36 1 0
33 37 1 0
4 38 0 1
4 29 0 1
59 29 1 0
5 30 1 0
49 31 1 0
71 32 1 0
72 33 1 0
54 34 1 0
55 35 1 0
56 36 1 0
38 37 1 0
4 38 0 1
4 19 0 1
3 19 1 0
60 20 1 0
62 21 1 0
12 22 3 0
4 23 0 1
14 23 2 0
13 24 1 0
3 25 1 0
60 26 1 0
62 27 1 0
30 28 2 0
61 29 1 0
46 30 6 0
65 31 1 0
53 32 3 0
33 33 1 0
4 34 0 1
4 33 0 1
53 33 1 0
33 34 1 0
4 35 0 1
4 31 0 1
33 31 1 0
4 32 0 1
4 31 0 1
8 31 1 0
28 32 1 0
10 33 1 0
23 34 1 0
24 35 1 0
22 36 1 0
35 37 1 0
27 38 1 0
7 39 1 0
26 40 1 0
57 41 1 0
59 42 1 0
5 43 1 0
49 44 3 0
49 45 1 0
71 46 1 0
72 47 1 0
54 48 1 0
29 49 1 0
33 50 1 0
4 51 0 1
4 45 0 1
71 45 1 0
72 46 1 0
54 47 1 0
55 48 1 0
56 49 1 0
38 50 1 0
4 51 0 1
4 31 0 1
4 29 0 1
13 24 1 0
3 25 1 0
60 26 1 0
62 27 1 0
30 28 2 0
61 29 1 0
46 30 4 0
48 31 1 0
74 32 1 0
4 33 0 1
4 31 0 1
8 31 1 0
28 32 1 0
10 33 1 0
9 34 3 0
37 35 1 0
29 36 1 0
33 37 1 0
4 38 0 1
11 35 1 0
4 36 0 1
28 35 1 0
10 36 1 0
23 37 1 0
24 38 1 0
22 39 1 0
35 40 1 0
27 41 1 0
7 42 1 0
26 43 1 0
57 44 1 0
59 45 1 0
5 46 1 0
49 47 1 0
71 48 1 0
72 49 1 0
54 50 1 0
55 51 1 0
56 52 1 0
38 53 1 0
4 54 0 1
4 31 0 1
4 29 0 1
4 23 0 1
4 14 0 1
16 8 1 0
18 9 1 0
2 10 1 0
43 11 4 0
47 12 1 0
4 13 0 1
47 12 1 0
4 13 0 1
45 12 2 0
58 13 1 0
4 14 0 1
44 13 4 0
33 14 1 0
4 15 0 1
4 14 0 1
32 14 1 0
31 15 2 0
70 16 1 0
69 17 1 0
66 18 2 0
67 19 1 0
64 20 1 0
4 21 0 1
25 19 2 0
4 20 0 1
4 20 0 1
76 16 1 0
33 17 1 0
4 18 0 1
4 14 0 1
42 12 1 0
12 13 3 0
4 14 0 1
14 14 5 0
13 15 1 0
3 16 1 0
60 17 1 0
62 18 1 0
30 19 2 0
61 20 1 0
46 21 6 0
65 22 1 0
53 23 3 0
33 24 1 0
4 25 0 1
4 24 0 1
53 24 1 0
33 25 1 0
4 26 0 1
4 22 0 1
33 22 1 0
4 23 0 1
4 22 0 1
8 22 1 0
28 23 1 0
10 24 1 0
23 25 1 0
24 26 1 0
22 27 1 0
35 28 1 0
27 29 1 0
7 30 1 0
26 31 1 0
57 32 1 0
59 33 1 0
5 34 1 0
49 35 1 0
71 36 1 0
72 37 1 0
54 38 1 0
55 39 1 0
56 40 1 0
38 41 1 0
4 42 0 1
4 22 0 1
4 20 0 1
13 15 1 0
40 16 2 0
39 17 2 0
41 18 1 0
70 19 1 0
69 20 1 0
67 21 3 0
53 22 3 0
33 23 1 0
4 24 0 1
4 23 0 1
53 23 1 0
33 24 1 0
4 25 0 1
4 22 0 1
64 22 1 0
4 23 0 1
77 18 1 0
75 19 3 0
76 20 1 0
33 21 1 0
4 22 0 1
4 20 0 1
78 20 1 0
28 21 1 0
10 22 1 0
23 23 1 0
24 24 1 0
22 25 1 0
35 26 1 0
27 27 1 0
7 28 1 0
26 29 1 0
57 30 1 0
59 31 1 0
5 32 1 0
49 33 1 0
71 34 1 0
72 35 1 0
54 36 1 0
55 37 1 0
56 38 1 0
73 39 5 0
4 40 0 1
20 40 5 0
33 41 1 0
4 42 0 1
4 41 0 1
33 41 1 0
4 42 0 1
4 41 0 1
33 41 1 0
4 42 0 1
4 40 0 1
8 40 1 0
28 41 1 0
10 42 1 0
23 43 1 0
24 44 1 0
22 45 1 0
35 46 1 0
27 47 1 0
7 48 1 0
26 49 1 0
57 50 1 0
59 51 1 0
5 52 1 0
49 53 1 0
71 54 1 0
72 55 1 0
54 56 1 0
29 57 3 0
6 58 1 0
33 59 1 0
4 60 0 1
4 58 0 1
33 58 1 0
4 59 0 1
4 40 0 1
4 17 0 1
13 15 1 0
40 16 2 0
39 17 2 0
41 18 1 0
70 19 1 0
68 20 1 0
51 21 1 0
36 22 1 0
4 23 0 1
77 18 1 0
75 19 3 0
76 20 1 0
33 21 1 0
4 22 0 1
4 20 0 1
78 20 1 0
28 21 1 0
10 22 1 0
23 23 1 0
24 24 1 0
22 25 1 0
35 26 1 0
27 27 1 0
7 28 1 0
26 29 1 0
57 30 1 0
59 31 1 0
5 32 1 0
49 33 1 0
71 34 1 0
72 35 1 0
54 36 1 0
55 37 1 0
56 38 5 0
65 39 1 0
53 40 1 0
33 41 1 0
4 42 0 1
4 39 0 1
33 39 1 0
4 40 0 1
4 39 0 1
4 39 0 1
4 17 0 1
13 15 1 0
3 16 1 0
60 17 1 0
62 18 1 0
30 19 2 0
61 20 1 0
46 21 4 0
48 22 1 0
74 23 1 0
4 24 0 1
4 22 0 1
8 22 1 0
28 23 1 0
10 24 1 0
23 25 1 0
24 26 1 0
22 27 1 0
35 28 1 0
27 29 1 0
7 30 1 0
26 31 1 0
57 32 1 0
59 33 1 0
5 34 1 0
49 35 1 0
71 36 1 0
72 37 1 0
54 38 1 0
29 39 1 0
33 40 1 0
4 41 0 1
4 22 0 1
4 20 0 1
13 15 1 0
3 16 1 0
60 17 1 0
62 18 1 0
30 19 2 0
61 20 1 0
46 21 6 0
65 22 1 0
53 23 3 0
33 24 1 0
4 25 0 1
4 24 0 1
53 24 1 0
33 25 1 0
4 26 0 1
4 22 0 1
33 22 1 0
4 23 0 1
4 22 0 1
8 22 1 0
28 23 1 0
10 24 1 0
23 25 1 0
24 26 1 0
22 27 1 0
35 28 1 0
27 29 1 0
7 30 1 0
26 31 1 0
57 32 1 0
59 33 1 0
5 34 1 0
49 35 1 0
71 36 1 0
72 37 1 0
54 38 1 0
55 39 1 0
56 40 1 0
38 41 1 0
4 42 0 1
4 22 0 1
4 20 0 1
4 14 0 1
4 8 0 1
