1 0 1 0
22 1 1 0
54 2 1 0
66 3 1 0
0 4 1 0
18 5 1 0
52 6 4 0
20 7 1 0
4 8 0 1
4 7 0 1
67 7 1 0
4 8 0 1
16 7 3 0
4 8 0 1
17 8 1 0
19 9 1 0
2 10 1 0
46 11 4 0
50 12 1 0
4 13 0 1
50 12 1 0
4 13 0 1
48 12 2 0
60 13 1 0
4 14 0 1
47 13 4 0
37 14 1 0
4 15 0 1
4 14 0 1
36 14 1 0
35 15 2 0
73 16 1 0
72 17 1 0
69 18 2 0
70 19 1 0
67 20 1 0
4 21 0 1
26 19 2 0
4 20 0 1
4 20 0 1
78 16 1 0
37 17 1 0
4 18 0 1
4 14 0 1
45 12 1 0
13 13 3 0
4 14 0 1
15 14 6 0
14 15 1 0
43 16 2 0
42 17 2 0
44 18 1 0
73 19 1 0
71 20 1 0
53 21 1 0
39 22 1 0
4 23 0 1
79 18 1 0
77 19 1 0
78 20 1 0
37 21 1 0
4 22 0 1
4 17 0 1
14 15 1 0
3 16 1 0
62 17 1 0
65 18 1 0
31 19 2 0
63 20 1 0
49 21 6 0
68 22 1 0
55 23 3 0
37 24 1 0
4 25 0 1
4 24 0 1
55 24 1 0
37 25 1 0
4 26 0 1
4 22 0 1
37 22 1 0
4 23 0 1
4 22 0 1
8 22 1 0
29 23 1 0
10 24 1 0
24 25 1 0
25 26 1 0
23 27 1 0
38 28 1 0
28 29 1 0
7 30 1 0
27 31 1 0
59 32 1 0
61 33 1 0
5 34 1 0
51 35 1 0
74 36 1 0
75 37 1 0
56 38 1 0
57 39 1 0
58 40 1 0
41 41 1 0
4 42 0 1
4 22 0 1
4 20 0 1
14 15 1 0
43 16 2 0
42 17 2 0
44 18 1 0
73 19 1 0
72 20 1 0
70 21 3 0
55 22 3 0
37 23 1 0
4 24 0 1
4 23 0 1
55 23 1 0
37 24 1 0
4 25 0 1
4 22 0 1
67 22 1 0
4 23 0 1
79 18 1 0
77 19 3 0
78 20 1 0
37 21 1 0
4 22 0 1
4 20 0 1
80 20 1 0
29 21 1 0
10 22 1 0
24 23 1 0
25 24 1 0
23 25 1 0
38 26 1 0
28 27 1 0
7 28 1 0
27 29 1 0
59 30 1 0
61 31 1 0
5 32 1 0
51 33 1 0
74 34 1 0
75 35 1 0
56 36 1 0
57 37 1 0
58 38 1 0
76 39 5 0
4 40 0 1
21 40 5 0
37 41 1 0
4 42 0 1
4 41 0 1
37 41 1 0
4 42 0 1
4 41 0 1
37 41 1 0
4 42 0 1
4 40 0 1
8 40 1 0
29 41 1 0
10 42 1 0
24 43 1 0
25 44 1 0
23 45 1 0
38 46 1 0
28 47 1 0
7 48 1 0
27 49 1 0
59 50 1 0
61 51 1 0
5 52 1 0
51 53 1 0
74 54 1 0
75 55 1 0
56 56 1 0
30 57 3 0
6 58 1 0
37 59 1 0
4 60 0 1
4 58 0 1
37 58 1 0
4 59 0 1
4 40 0 1
4 17 0 1
14 15 1 0
3 16 1 0
62 17 1 0
65 18 1 0
31 19 2 0
63 20 1 0
9 21 3 0
40 22 1 0
30 23 1 0
37 24 1 0
4 25 0 1
11 22 1 0
4 23 0 1
29 22 1 0
10 23 1 0
24 24 1 0
25 25 1 0
23 26 1 0
38 27 1 0
28 28 1 0
7 29 1 0
27 30 1 0
59 31 1 0
61 32 1 0
5 33 1 0
51 34 1 0
74 35 1 0
75 36 1 0
56 37 1 0
57 38 1 0
58 39 5 0
68 40 1 0
55 41 1 0
37 42 1 0
4 43 0 1
4 40 0 1
37 40 1 0
4 41 0 1
4 40 0 1
4 40 0 1
4 20 0 1
14 15 1 0
3 16 1 0
62 17 1 0
33 18 1 0
12 19 9 0
4 20 0 1
4 20 0 1
32 20 1 0
64 21 1 0
63 22 1 0
9 23 3 0
40 24 1 0
30 25 1 0
37 26 1 0
4 27 0 1
11 24 1 0
4 25 0 1
29 24 1 0
10 25 1 0
24 26 1 0
25 27 1 0
23 28 1 0
38 29 1 0
28 30 1 0
7 31 1 0
27 32 1 0
59 33 1 0
61 34 1 0
5 35 1 0
51 36 1 0
74 37 1 0
75 38 1 0
56 39 1 0
30 40 1 0
37 41 1 0
4 42 0 1
4 20 0 1
29 20 1 0
10 21 1 0
24 22 1 0
25 23 1 0
23 24 1 0
38 25 1 0
28 26 1 0
7 27 1 0
27 28 1 0
59 29 3 0
59 30 1 0
61 31 1 0
5 32 1 0
51 33 1 0
74 34 1 0
75 35 1 0
56 36 1 0
30 37 1 0
37 38 1 0
4 39 0 1
4 30 0 1
61 30 1 0
5 31 1 0
51 32 1 0
74 33 1 0
75 34 1 0
56 35 1 0
57 36 1 0
58 37 1 0
41 38 1 0
4 39 0 1
4 20 0 1
34 20 1 0
64 21 1 0
63 22 1 0
9 23 3 0
40 24 1 0
30 25 1 0
37 26 1 0
4 27 0 1
11 24 1 0
4 25 0 1
29 24 1 0
10 25 1 0
24 26 1 0
25 27 1 0
23 28 1 0
38 29 1 0
28 30 1 0
7 31 1 0
27 32 1 0
59 33 1 0
61 34 1 0
5 35 1 0
51 36 3 0
51 37 1 0
74 38 1 0
75 39 1 0
56 40 1 0
30 41 1 0
37 42 1 0
4 43 0 1
4 37 0 1
74 37 1 0
75 38 1 0
56 39 1 0
57 40 1 0
58 41 1 0
41 42 1 0
4 43 0 1
4 20 0 1
3 20 1 0
62 21 1 0
65 22 1 0
13 23 3 0
4 24 0 1
15 24 2 0
14 25 1 0
43 26 2 0
42 27 2 0
44 28 1 0
73 29 1 0
71 30 1 0
53 31 1 0
39 32 1 0
4 33 0 1
79 28 1 0
77 29 3 0
78 30 1 0
37 31 1 0
4 32 0 1
4 30 0 1
80 30 1 0
29 31 1 0
10 32 1 0
24 33 1 0
25 34 1 0
23 35 1 0
38 36 1 0
28 37 1 0
7 38 1 0
27 39 1 0
59 40 1 0
61 41 1 0
5 42 1 0
51 43 3 0
51 44 1 0
74 45 1 0
75 46 1 0
56 47 1 0
30 48 1 0
37 49 1 0
4 50 0 1
4 44 0 1
74 44 1 0
75 45 1 0
56 46 1 0
57 47 1 0
58 48 1 0
41 49 1 0
4 50 0 1
4 27 0 1
14 25 1 0
3 26 1 0
62 27 1 0
65 28 1 0
31 29 2 0
63 30 1 0
49 31 6 0
68 32 1 0
55 33 3 0
37 34 1 0
4 35 0 1
4 34 0 1
55 34 1 0
37 35 1 0
4 36 0 1
4 32 0 1
37 32 1 0
4 33 0 1
4 32 0 1
8 32 1 0
29 33 1 0
10 34 1 0
24 35 1 0
25 36 1 0
23 37 1 0
38 38 1 0
28 39 1 0
7 40 1 0
27 41 1 0
59 42 1 0
61 43 1 0
5 44 1 0
51 45 1 0
74 46 1 0
75 47 1 0
56 48 1 0
30 49 1 0
37 50 1 0
4 51 0 1
4 32 0 1
4 30 0 1
4 24 0 1
14 15 1 0
3 16 1 0
62 17 1 0
65 18 1 0
31 19 2 0
63 20 1 0
49 21 5 0
68 22 1 0
55 23 3 0
37 24 1 0
4 25 0 1
4 24 0 1
55 24 1 0
37 25 1 0
4 26 0 1
4 22 0 1
37 22 1 0
4 23 0 1
4 22 0 1
4 22 0 1
4 20 0 1
4 14 0 1
4 8 0 1
