1 110 0 1 0
22 67 1 1 0
55 67 2 1 0
69 91 3 1 0
0 110 4 1 0
18 91 5 1 0
53 91 6 4 0
20 90 7 1 0
4 24 8 0 1
4 10 7 0 1
70 35 7 1 0
4 17 8 0 1
16 109 7 4 0
4 19 8 0 1
17 93 8 1 0
19 93 9 1 0
2 110 10 1 0
46 93 11 4 0
50 90 12 1 0
4 24 13 0 1
50 101 12 1 0
4 29 13 0 1
48 104 12 2 0
63 102 13 1 0
4 51 14 0 1
47 95 13 4 0
37 94 14 1 0
4 17 15 0 1
4 21 14 0 1
36 42 14 1 0
35 42 15 2 0
76 36 16 1 0
75 36 17 1 0
73 36 18 1 0
70 36 19 1 0
4 17 20 0 1
82 83 16 1 0
37 83 17 1 0
4 17 18 0 1
4 27 14 0 1
45 108 12 1 0
13 108 13 3 0
4 19 14 0 1
15 59 14 1 0
14 59 15 1 0
3 59 16 1 0
65 59 17 1 0
33 59 18 1 0
12 59 19 9 0
4 13 20 0 1
4 21 20 0 1
32 77 20 1 0
42 77 21 2 0
44 73 22 1 0
76 73 23 1 0
74 73 24 1 0
54 73 25 1 0
39 73 26 1 0
4 16 27 0 1
83 65 22 1 0
81 65 23 3 0
82 60 24 1 0
37 60 25 1 0
4 17 26 0 1
4 9 24 0 1
84 86 24 1 0
29 86 25 1 0
10 86 26 1 0
24 86 27 1 0
25 86 28 1 0
23 86 29 1 0
38 86 30 1 0
28 86 31 1 0
7 86 32 1 0
27 86 33 1 0
62 86 34 1 0
64 86 35 1 0
5 86 36 3 0
5 85 37 1 0
52 85 38 1 0
77 85 39 1 0
78 85 40 1 0
59 85 41 1 0
60 85 42 1 0
61 85 43 5 0
71 83 44 1 0
56 83 45 1 0
37 83 46 1 0
4 17 47 0 1
4 12 44 0 1
37 78 44 1 0
4 17 45 0 1
4 21 44 0 1
4 27 44 0 1
4 30 37 0 1
52 5 37 1 0
77 5 38 1 0
78 5 39 1 0
59 5 40 1 0
60 5 41 1 0
61 5 42 1 0
41 5 43 1 0
4 18 44 0 1
4 28 20 0 1
29 66 20 1 0
10 66 21 1 0
24 66 22 1 0
25 66 23 1 0
23 66 24 1 0
38 66 25 1 0
28 66 26 1 0
7 66 27 1 0
27 66 28 1 0
62 66 29 3 0
62 60 30 1 0
64 60 31 1 0
5 60 32 1 0
52 60 33 1 0
77 60 34 1 0
78 60 35 1 0
59 60 36 1 0
30 60 37 1 0
37 60 38 1 0
4 17 39 0 1
4 14 30 0 1
64 3 30 1 0
5 3 31 1 0
52 3 32 1 0
77 3 33 2 0
4 30 34 0 1
77 5 34 1 0
78 5 35 1 0
59 5 36 1 0
60 5 37 1 0
61 5 38 1 0
41 5 39 1 0
4 18 40 0 1
4 28 20 0 1
34 62 20 1 0
67 62 21 1 0
66 62 22 1 0
57 62 23 2 0
59 60 24 1 0
30 60 25 1 0
37 60 26 1 0
4 17 27 0 1
4 11 24 0 1
4 27 20 0 1
3 107 20 1 0
65 107 21 1 0
68 107 22 1 0
13 107 23 3 0
4 19 24 0 1
15 50 24 1 0
14 50 25 1 0
3 50 26 1 0
65 50 27 1 0
68 50 28 1 0
31 50 29 2 0
66 49 30 1 0
49 49 31 6 0
71 45 32 1 0
56 45 33 3 0
37 43 34 1 0
4 17 35 0 1
4 12 34 0 1
56 87 34 1 0
37 87 35 1 0
4 17 36 0 1
4 12 32 0 1
37 89 32 1 0
4 17 33 0 1
4 21 32 0 1
8 84 32 1 0
29 84 33 1 0
10 84 34 1 0
24 84 35 1 0
25 84 36 1 0
23 84 37 1 0
38 84 38 1 0
28 84 39 1 0
7 84 40 1 0
27 84 41 1 0
62 84 42 1 0
64 84 43 1 0
5 84 44 1 0
52 84 45 1 0
77 84 46 1 0
78 84 47 1 0
59 84 48 1 0
60 84 49 1 0
61 84 50 6 0
71 83 51 1 0
56 83 52 1 0
37 83 53 1 0
4 17 54 0 1
4 12 51 0 1
37 57 51 1 0
4 17 52 0 1
4 21 51 0 1
8 60 51 1 0
29 60 52 1 0
10 60 53 1 0
24 60 54 1 0
25 60 55 1 0
23 60 56 1 0
38 60 57 1 0
28 60 58 1 0
7 60 59 1 0
27 60 60 1 0
62 60 61 1 0
64 60 62 1 0
5 60 63 1 0
52 60 64 1 0
77 60 65 1 0
78 60 66 1 0
59 60 67 1 0
30 60 68 1 0
37 60 69 1 0
4 17 70 0 1
4 27 51 0 1
4 27 32 0 1
4 28 30 0 1
4 25 24 0 1
4 25 14 0 1
17 92 8 1 0
19 92 9 1 0
2 110 10 1 0
46 92 11 4 0
50 90 12 1 0
4 24 13 0 1
50 101 12 1 0
4 29 13 0 1
48 103 12 2 0
63 102 13 1 0
4 51 14 0 1
47 80 13 4 0
37 79 14 1 0
4 17 15 0 1
4 21 14 0 1
36 39 14 1 0
35 39 15 2 0
76 38 16 1 0
75 38 17 1 0
72 38 18 2 0
73 36 19 1 0
70 36 20 1 0
4 17 21 0 1
26 52 19 2 0
4 20 20 0 1
4 26 20 0 1
82 56 16 1 0
37 56 17 1 0
4 17 18 0 1
4 27 14 0 1
45 105 12 1 0
13 105 13 3 0
4 19 14 0 1
15 34 14 5 0
14 33 15 1 0
43 33 16 2 0
42 32 17 2 0
44 31 18 1 0
76 31 19 1 0
75 31 20 1 0
73 31 21 1 0
70 31 22 1 0
4 17 23 0 1
83 100 18 1 0
81 100 19 3 0
82 98 20 1 0
37 98 21 1 0
4 17 22 0 1
4 9 20 0 1
84 81 20 1 0
29 81 21 1 0
10 81 22 1 0
24 81 23 1 0
25 81 24 1 0
23 81 25 1 0
38 81 26 1 0
28 81 27 1 0
7 81 28 1 0
27 81 29 1 0
62 81 30 1 0
64 81 31 1 0
5 81 32 1 0
52 81 33 1 0
77 81 34 1 0
78 81 35 1 0
59 81 36 1 0
60 81 37 1 0
61 81 38 1 0
79 81 39 5 0
4 23 40 0 1
21 31 40 1 0
37 31 41 1 0
4 17 42 0 1
4 21 40 0 1
8 44 40 1 0
29 44 41 1 0
10 44 42 1 0
24 44 43 1 0
25 44 44 1 0
23 44 45 1 0
38 44 46 1 0
28 44 47 1 0
7 44 48 1 0
27 44 49 1 0
62 44 50 1 0
64 44 51 1 0
5 44 52 1 0
52 44 53 1 0
77 44 54 1 0
78 44 55 1 0
59 44 56 1 0
30 44 57 3 0
6 43 58 1 0
37 43 59 1 0
4 17 60 0 1
4 12 58 0 1
37 68 58 1 0
4 17 59 0 1
4 27 40 0 1
4 28 17 0 1
14 41 15 1 0
43 41 16 2 0
42 40 17 2 0
44 36 18 1 0
76 36 19 1 0
75 36 20 1 0
73 36 21 1 0
70 36 22 1 0
4 17 23 0 1
83 72 18 1 0
81 72 19 3 0
82 69 20 1 0
37 69 21 1 0
4 17 22 0 1
4 9 20 0 1
84 0 20 1 0
29 0 21 1 0
10 0 22 1 0
24 0 23 1 0
25 0 24 1 0
23 0 25 1 0
38 0 26 1 0
28 0 27 1 0
7 0 28 1 0
27 0 29 1 0
62 0 30 1 0
64 0 31 1 0
5 0 32 1 0
52 0 33 1 0
77 0 34 1 0
78 0 35 1 0
59 0 36 1 0
60 0 37 1 0
61 0 38 1 0
41 0 39 1 0
4 37 40 0 1
4 28 17 0 1
14 75 15 1 0
43 75 16 2 0
42 74 17 2 0
44 73 18 1 0
76 73 19 1 0
74 73 20 1 0
54 73 21 1 0
39 73 22 1 0
4 16 23 0 1
83 53 18 1 0
81 53 19 1 0
82 53 20 1 0
37 53 21 1 0
4 17 22 0 1
4 28 17 0 1
14 58 15 1 0
3 58 16 1 0
65 58 17 1 0
33 58 18 1 0
12 58 19 9 0
4 13 20 0 1
4 21 20 0 1
32 76 20 1 0
42 76 21 2 0
44 73 22 1 0
76 73 23 1 0
74 73 24 1 0
54 73 25 1 0
39 73 26 1 0
4 16 27 0 1
83 64 22 1 0
81 64 23 3 0
82 60 24 1 0
37 60 25 1 0
4 17 26 0 1
4 9 24 0 1
84 4 24 1 0
29 4 25 1 0
10 4 26 1 0
24 4 27 1 0
25 4 28 1 0
23 4 29 1 0
38 4 30 1 0
28 4 31 1 0
7 4 32 1 0
27 4 33 1 0
62 4 34 1 0
64 4 35 1 0
5 4 36 1 0
52 4 37 1 0
77 4 38 1 0
78 4 39 1 0
59 4 40 1 0
60 4 41 1 0
61 4 42 1 0
41 4 43 1 0
4 18 44 0 1
4 28 20 0 1
29 63 20 1 0
10 63 21 1 0
24 63 22 1 0
25 63 23 1 0
23 63 24 1 0
38 63 25 1 0
28 63 26 1 0
7 63 27 1 0
27 63 28 1 0
62 63 29 3 0
62 60 30 1 0
64 60 31 1 0
5 60 32 1 0
52 60 33 1 0
77 60 34 1 0
78 60 35 1 0
59 60 36 1 0
30 60 37 1 0
37 60 38 1 0
4 17 39 0 1
4 22 30 0 1
64 6 30 1 0
5 6 31 1 0
52 6 32 1 0
77 6 33 1 0
78 6 34 1 0
59 6 35 1 0
60 6 36 1 0
61 6 37 1 0
41 6 38 1 0
4 18 39 0 1
4 28 20 0 1
34 61 20 1 0
67 61 21 1 0
66 61 22 1 0
58 61 23 2 0
59 60 24 1 0
30 60 25 1 0
37 60 26 1 0
4 17 27 0 1
4 15 24 0 1
4 27 20 0 1
3 106 20 1 0
65 106 21 1 0
68 106 22 1 0
13 106 23 3 0
4 19 24 0 1
15 48 24 3 0
14 47 25 1 0
3 47 26 1 0
65 47 27 1 0
68 47 28 1 0
31 47 29 2 0
66 46 30 1 0
49 46 31 6 0
71 45 32 1 0
56 45 33 3 0
37 43 34 1 0
4 17 35 0 1
4 12 34 0 1
56 87 34 1 0
37 87 35 1 0
4 17 36 0 1
4 12 32 0 1
37 88 32 1 0
4 17 33 0 1
4 21 32 0 1
8 1 32 1 0
29 1 33 1 0
10 1 34 1 0
24 1 35 1 0
25 1 36 1 0
23 1 37 1 0
38 1 38 1 0
28 1 39 1 0
7 1 40 1 0
27 1 41 1 0
62 1 42 1 0
64 1 43 1 0
5 1 44 1 0
52 1 45 1 0
77 1 46 1 0
78 1 47 1 0
59 1 48 1 0
60 1 49 1 0
61 1 50 1 0
41 1 51 1 0
4 37 52 0 1
4 27 32 0 1
4 28 30 0 1
14 55 25 1 0
3 55 26 1 0
65 55 27 1 0
68 55 28 1 0
31 55 29 2 0
66 54 30 1 0
9 54 31 3 0
40 53 32 1 0
30 53 33 1 0
37 53 34 1 0
4 17 35 0 1
11 7 32 1 0
4 9 33 0 1
29 99 32 1 0
10 99 33 1 0
24 99 34 1 0
25 99 35 1 0
23 99 36 1 0
38 99 37 1 0
28 99 38 1 0
7 99 39 1 0
27 99 40 1 0
62 99 41 1 0
64 99 42 1 0
5 99 43 1 0
52 99 44 1 0
77 99 45 1 0
78 99 46 1 0
59 99 47 1 0
60 99 48 1 0
61 99 49 5 0
71 98 50 1 0
56 98 51 1 0
37 98 52 1 0
4 17 53 0 1
4 12 50 0 1
37 82 50 1 0
4 17 51 0 1
4 21 50 0 1
4 27 50 0 1
4 28 30 0 1
14 71 25 1 0
3 71 26 1 0
65 71 27 1 0
68 71 28 1 0
31 71 29 2 0
66 70 30 1 0
9 70 31 3 0
40 69 32 1 0
30 69 33 1 0
37 69 34 1 0
4 17 35 0 1
11 2 32 1 0
4 8 33 0 1
29 53 32 1 0
10 53 33 1 0
24 53 34 1 0
25 53 35 1 0
23 53 36 1 0
38 53 37 1 0
28 53 38 1 0
7 53 39 1 0
27 53 40 1 0
62 53 41 1 0
64 53 42 1 0
5 53 43 1 0
52 53 44 1 0
77 53 45 1 0
78 53 46 1 0
59 53 47 1 0
30 53 48 1 0
37 53 49 1 0
4 17 50 0 1
4 28 30 0 1
4 25 24 0 1
14 97 15 1 0
3 97 16 1 0
65 97 17 1 0
68 97 18 1 0
31 97 19 2 0
66 96 20 1 0
49 96 21 4 0
51 94 22 1 0
80 94 23 1 0
4 17 24 0 1
4 21 22 0 1
8 69 22 1 0
29 69 23 1 0
10 69 24 1 0
24 69 25 1 0
25 69 26 1 0
23 69 27 1 0
38 69 28 1 0
28 69 29 1 0
7 69 30 1 0
27 69 31 1 0
62 69 32 1 0
64 69 33 1 0
5 69 34 1 0
52 69 35 1 0
77 69 36 1 0
78 69 37 1 0
59 69 38 1 0
30 69 39 1 0
37 69 40 1 0
4 17 41 0 1
4 27 22 0 1
4 28 20 0 1
4 25 14 0 1
4 25 8 0 1
