1 93 0 1 0
25 63 1 1 0
59 63 2 1 0
74 80 3 1 0
0 93 4 1 0
21 80 5 1 0
57 80 6 4 0
23 79 7 1 0
4 22 8 0 1
4 8 7 0 1
75 86 7 1 0
4 15 8 0 1
19 92 7 3 0
4 17 8 0 1
20 81 8 1 0
22 81 9 1 0
2 93 10 1 0
51 81 11 4 0
55 79 12 1 0
4 22 13 0 1
55 85 12 1 0
4 27 13 0 1
53 88 12 2 0
68 87 13 1 0
4 45 14 0 1
52 72 13 4 0
42 71 14 1 0
4 15 15 0 1
4 19 14 0 1
41 36 14 1 0
40 36 15 2 0
81 35 16 1 0
80 35 17 1 0
77 35 18 2 0
78 33 19 1 0
75 33 20 1 0
4 15 21 0 1
31 47 19 2 0
4 18 20 0 1
4 24 20 0 1
86 48 16 1 0
42 48 17 1 0
4 15 18 0 1
4 25 14 0 1
50 89 12 1 0
16 89 13 3 0
4 17 14 0 1
18 32 14 4 0
17 31 15 1 0
48 31 16 2 0
47 30 17 2 0
49 29 18 1 0
81 29 19 1 0
80 29 20 1 0
78 29 21 1 0
75 29 22 1 0
4 15 23 0 1
87 84 18 1 0
85 84 19 3 0
86 82 20 1 0
42 82 21 1 0
4 15 22 0 1
4 7 20 0 1
88 73 20 1 0
34 73 21 1 0
13 73 22 1 0
27 73 23 1 0
28 73 24 1 0
26 73 25 1 0
43 73 26 1 0
33 73 27 1 0
7 73 28 1 0
32 73 29 1 0
67 73 30 1 0
69 73 31 1 0
5 73 32 1 0
56 73 33 1 0
82 73 34 1 0
83 73 35 1 0
63 73 36 1 0
64 73 37 1 0
65 73 38 1 0
84 73 39 5 0
4 21 40 0 1
24 29 40 1 0
42 29 41 1 0
4 15 42 0 1
4 19 40 0 1
8 38 40 1 0
34 38 41 1 0
13 38 42 1 0
27 38 43 1 0
28 38 44 1 0
26 38 45 1 0
43 38 46 1 0
33 38 47 1 0
7 38 48 1 0
32 38 49 1 0
67 38 50 1 0
69 38 51 1 0
5 38 52 1 0
56 38 53 1 0
82 38 54 1 0
83 38 55 1 0
63 38 56 1 0
35 38 57 3 0
6 37 58 1 0
42 37 59 1 0
4 15 60 0 1
4 10 58 0 1
42 64 58 1 0
4 15 59 0 1
4 25 40 0 1
4 26 17 0 1
17 68 15 1 0
48 68 16 2 0
47 67 17 2 0
49 66 18 1 0
81 66 19 1 0
80 66 20 1 0
77 66 21 2 0
79 65 22 1 0
58 65 23 1 0
44 65 24 1 0
4 14 25 0 1
31 47 22 2 0
4 18 23 0 1
4 24 23 0 1
87 50 18 1 0
85 50 19 3 0
86 49 20 1 0
42 49 21 1 0
4 15 22 0 1
4 7 20 0 1
88 74 20 1 0
34 74 21 1 0
13 74 22 1 0
27 74 23 1 0
28 74 24 1 0
26 74 25 1 0
43 74 26 1 0
33 74 27 1 0
7 74 28 1 0
32 74 29 1 0
67 74 30 1 0
69 74 31 1 0
5 74 32 1 0
56 74 33 1 0
82 74 34 1 0
83 74 35 1 0
63 74 36 1 0
64 74 37 1 0
10 74 38 1 0
11 74 39 3 0
4 21 40 0 1
66 65 40 1 0
58 65 41 1 0
44 65 42 1 0
4 14 43 0 1
30 46 40 1 0
29 46 41 3 0
4 18 42 0 1
34 4 42 1 0
13 4 43 1 0
27 4 44 1 0
28 4 45 1 0
26 4 46 1 0
43 4 47 1 0
33 4 48 1 0
7 4 49 1 0
32 4 50 1 0
67 4 51 1 0
69 4 52 1 0
5 4 53 1 0
56 4 54 1 0
82 4 55 1 0
83 4 56 1 0
63 4 57 1 0
64 4 58 1 0
65 4 59 1 0
46 4 60 1 0
4 16 61 0 1
4 24 42 0 1
4 26 17 0 1
17 54 15 1 0
3 54 16 1 0
70 54 17 1 0
38 54 18 1 0
15 54 19 9 0
4 11 20 0 1
4 19 20 0 1
37 69 20 1 0
47 69 21 2 0
49 65 22 1 0
81 65 23 1 0
79 65 24 1 0
58 65 25 1 0
44 65 26 1 0
4 14 27 0 1
87 60 22 1 0
85 60 23 3 0
86 56 24 1 0
42 56 25 1 0
4 15 26 0 1
4 7 24 0 1
88 2 24 1 0
34 2 25 1 0
13 2 26 1 0
27 2 27 1 0
28 2 28 1 0
26 2 29 1 0
43 2 30 1 0
33 2 31 1 0
7 2 32 1 0
32 2 33 1 0
67 2 34 1 0
69 2 35 1 0
5 2 36 1 0
56 2 37 1 0
82 2 38 1 0
83 2 39 1 0
63 2 40 1 0
64 2 41 1 0
65 2 42 1 0
46 2 43 1 0
4 16 44 0 1
4 26 20 0 1
34 59 20 1 0
13 59 21 1 0
27 59 22 1 0
28 59 23 1 0
26 59 24 1 0
43 59 25 1 0
33 59 26 1 0
7 59 27 1 0
32 59 28 1 0
67 59 29 3 0
67 56 30 1 0
69 56 31 1 0
5 56 32 1 0
56 56 33 1 0
82 56 34 1 0
83 56 35 1 0
63 56 36 1 0
35 56 37 1 0
42 56 38 1 0
4 15 39 0 1
4 20 30 0 1
69 4 30 1 0
5 4 31 1 0
56 4 32 1 0
82 4 33 1 0
83 4 34 1 0
63 4 35 1 0
64 4 36 1 0
65 4 37 1 0
46 4 38 1 0
4 16 39 0 1
4 26 20 0 1
39 57 20 1 0
72 57 21 1 0
71 57 22 1 0
62 57 23 2 0
63 56 24 1 0
35 56 25 1 0
42 56 26 1 0
4 15 27 0 1
4 13 24 0 1
4 25 20 0 1
3 90 20 1 0
70 90 21 1 0
73 90 22 1 0
16 90 23 3 0
4 17 24 0 1
18 42 24 2 0
17 41 25 1 0
3 41 26 1 0
70 41 27 1 0
73 41 28 1 0
36 41 29 2 0
71 40 30 1 0
54 40 31 6 0
76 39 32 1 0
60 39 33 3 0
42 37 34 1 0
4 15 35 0 1
4 10 34 0 1
60 76 34 1 0
42 76 35 1 0
4 15 36 0 1
4 10 32 0 1
42 77 32 1 0
4 15 33 0 1
4 19 32 0 1
8 0 32 1 0
34 0 33 1 0
13 0 34 1 0
27 0 35 1 0
28 0 36 1 0
26 0 37 1 0
43 0 38 1 0
33 0 39 1 0
7 0 40 1 0
32 0 41 1 0
67 0 42 1 0
69 0 43 1 0
5 0 44 1 0
56 0 45 1 0
82 0 46 1 0
83 0 47 1 0
63 0 48 1 0
64 0 49 1 0
65 0 50 1 0
46 0 51 1 0
4 34 52 0 1
4 25 32 0 1
4 26 30 0 1
17 53 25 1 0
3 53 26 1 0
70 53 27 1 0
73 53 28 1 0
36 53 29 2 0
71 52 30 1 0
12 52 31 3 0
45 51 32 1 0
9 51 33 4 0
35 49 34 1 0
42 49 35 1 0
4 15 36 0 1
4 18 34 0 1
34 56 34 1 0
13 56 35 1 0
27 56 36 1 0
28 56 37 1 0
26 56 38 1 0
43 56 39 1 0
33 56 40 1 0
7 56 41 1 0
32 56 42 1 0
67 56 43 1 0
69 56 44 1 0
5 56 45 1 0
56 56 46 1 0
82 56 47 1 0
83 56 48 1 0
63 56 49 1 0
35 56 50 1 0
42 56 51 1 0
4 15 52 0 1
4 24 34 0 1
14 6 32 1 0
4 7 33 0 1
34 83 32 1 0
13 83 33 1 0
27 83 34 1 0
28 83 35 1 0
26 83 36 1 0
43 83 37 1 0
33 83 38 1 0
7 83 39 1 0
32 83 40 1 0
67 83 41 1 0
69 83 42 1 0
5 83 43 1 0
56 83 44 1 0
82 83 45 1 0
83 83 46 1 0
63 83 47 1 0
64 83 48 1 0
65 83 49 5 0
76 82 50 1 0
60 82 51 1 0
42 82 52 1 0
4 15 53 0 1
4 10 50 0 1
42 75 50 1 0
4 15 51 0 1
4 19 50 0 1
4 25 50 0 1
4 26 30 0 1
4 23 24 0 1
17 55 15 1 0
3 55 16 1 0
70 55 17 1 0
38 55 18 1 0
15 55 19 9 0
4 11 20 0 1
4 19 20 0 1
37 70 20 1 0
47 70 21 2 0
49 65 22 1 0
81 65 23 1 0
79 65 24 1 0
58 65 25 1 0
44 65 26 1 0
4 14 27 0 1
87 61 22 1 0
85 61 23 3 0
86 56 24 1 0
42 56 25 1 0
4 15 26 0 1
4 7 24 0 1
88 5 24 1 0
34 5 25 1 0
13 5 26 1 0
27 5 27 1 0
28 5 28 1 0
26 5 29 1 0
43 5 30 1 0
33 5 31 1 0
7 5 32 1 0
32 5 33 1 0
67 5 34 1 0
69 5 35 1 0
5 5 36 1 0
56 5 37 1 0
82 5 38 1 0
83 5 39 1 0
63 5 40 1 0
64 5 41 1 0
65 5 42 1 0
46 5 43 1 0
4 16 44 0 1
4 26 20 0 1
34 62 20 1 0
13 62 21 1 0
27 62 22 1 0
28 62 23 1 0
26 62 24 1 0
43 62 25 1 0
33 62 26 1 0
7 62 27 1 0
32 62 28 1 0
67 62 29 3 0
67 56 30 1 0
69 56 31 1 0
5 56 32 1 0
56 56 33 1 0
82 56 34 1 0
83 56 35 1 0
63 56 36 1 0
35 56 37 1 0
42 56 38 1 0
4 15 39 0 1
4 12 30 0 1
69 1 30 1 0
5 1 31 1 0
56 1 32 1 0
82 1 33 2 0
4 28 34 0 1
82 3 34 1 0
83 3 35 1 0
63 3 36 1 0
64 3 37 1 0
65 3 38 1 0
46 3 39 1 0
4 16 40 0 1
4 26 20 0 1
39 58 20 1 0
72 58 21 1 0
71 58 22 1 0
61 58 23 2 0
63 56 24 1 0
35 56 25 1 0
42 56 26 1 0
4 15 27 0 1
4 9 24 0 1
4 25 20 0 1
3 91 20 1 0
70 91 21 1 0
73 91 22 1 0
16 91 23 3 0
4 17 24 0 1
18 44 24 1 0
17 44 25 1 0
3 44 26 1 0
70 44 27 1 0
73 44 28 1 0
36 44 29 2 0
71 43 30 1 0
54 43 31 6 0
76 39 32 1 0
60 39 33 3 0
42 37 34 1 0
4 15 35 0 1
4 10 34 0 1
60 76 34 1 0
42 76 35 1 0
4 15 36 0 1
4 10 32 0 1
42 78 32 1 0
4 15 33 0 1
4 19 32 0 1
8 51 32 1 0
34 51 33 1 0
13 51 34 1 0
27 51 35 1 0
28 51 36 1 0
26 51 37 1 0
43 51 38 1 0
33 51 39 1 0
7 51 40 1 0
32 51 41 1 0
67 51 42 1 0
69 51 43 1 0
5 51 44 1 0
56 51 45 1 0
82 51 46 1 0
83 51 47 1 0
63 51 48 1 0
64 51 49 1 0
65 51 50 4 0
35 49 51 1 0
42 49 52 1 0
4 15 53 0 1
4 18 51 0 1
34 56 51 1 0
13 56 52 1 0
27 56 53 1 0
28 56 54 1 0
26 56 55 1 0
43 56 56 1 0
33 56 57 1 0
7 56 58 1 0
32 56 59 1 0
67 56 60 1 0
69 56 61 1 0
5 56 62 1 0
56 56 63 1 0
82 56 64 1 0
83 56 65 1 0
63 56 66 1 0
35 56 67 1 0
42 56 68 1 0
4 15 69 0 1
4 24 51 0 1
4 25 32 0 1
4 26 30 0 1
4 23 24 0 1
4 23 14 0 1
4 23 8 0 1
