1 90 0 1 0
25 60 1 1 0
59 60 2 1 0
74 78 3 1 0
0 90 4 1 0
21 78 5 1 0
57 78 6 4 0
23 77 7 1 0
4 21 8 0 1
4 6 7 0 1
75 20 7 1 0
4 13 8 0 1
19 89 7 3 0
4 15 8 0 1
20 79 8 1 0
22 79 9 1 0
2 90 10 1 0
51 79 11 4 0
55 77 12 1 0
4 21 13 0 1
55 83 12 1 0
4 26 13 0 1
53 85 12 2 0
68 84 13 1 0
4 42 14 0 1
52 70 13 4 0
42 69 14 1 0
4 13 15 0 1
4 17 14 0 1
41 33 14 1 0
40 33 15 2 0
81 32 16 1 0
80 32 17 1 0
77 32 18 2 0
78 30 19 1 0
75 30 20 1 0
4 13 21 0 1
31 44 19 2 0
4 16 20 0 1
4 23 20 0 1
86 45 16 1 0
42 45 17 1 0
4 13 18 0 1
4 24 14 0 1
50 88 12 1 0
16 88 13 3 0
4 15 14 0 1
18 66 14 4 0
17 65 15 1 0
48 65 16 2 0
47 64 17 2 0
49 63 18 1 0
81 63 19 1 0
80 63 20 1 0
77 63 21 2 0
79 62 22 1 0
58 62 23 1 0
44 62 24 1 0
4 12 25 0 1
31 44 22 2 0
4 16 23 0 1
4 23 23 0 1
87 47 18 1 0
85 47 19 3 0
86 46 20 1 0
42 46 21 1 0
4 13 22 0 1
4 5 20 0 1
88 72 20 1 0
34 72 21 1 0
13 72 22 1 0
27 72 23 1 0
28 72 24 1 0
26 72 25 1 0
43 72 26 1 0
33 72 27 1 0
7 72 28 1 0
32 72 29 1 0
67 72 30 1 0
69 72 31 1 0
5 72 32 1 0
56 72 33 1 0
82 72 34 1 0
83 72 35 1 0
63 72 36 1 0
64 72 37 1 0
10 72 38 1 0
11 72 39 3 0
4 19 40 0 1
66 62 40 1 0
58 62 41 1 0
44 62 42 1 0
4 12 43 0 1
30 43 40 1 0
29 43 41 3 0
4 16 42 0 1
34 2 42 1 0
13 2 43 1 0
27 2 44 1 0
28 2 45 1 0
26 2 46 1 0
43 2 47 1 0
33 2 48 1 0
7 2 49 1 0
32 2 50 1 0
67 2 51 1 0
69 2 52 1 0
5 2 53 1 0
56 2 54 1 0
82 2 55 1 0
83 2 56 1 0
63 2 57 1 0
64 2 58 1 0
65 2 59 1 0
46 2 60 1 0
4 14 61 0 1
4 23 42 0 1
4 25 17 0 1
17 29 15 1 0
48 29 16 2 0
47 28 17 2 0
49 27 18 1 0
81 27 19 1 0
80 27 20 1 0
78 27 21 1 0
75 27 22 1 0
4 13 23 0 1
87 82 18 1 0
85 82 19 3 0
86 80 20 1 0
42 80 21 1 0
4 13 22 0 1
4 5 20 0 1
88 71 20 1 0
34 71 21 1 0
13 71 22 1 0
27 71 23 1 0
28 71 24 1 0
26 71 25 1 0
43 71 26 1 0
33 71 27 1 0
7 71 28 1 0
32 71 29 1 0
67 71 30 1 0
69 71 31 1 0
5 71 32 1 0
56 71 33 1 0
82 71 34 1 0
83 71 35 1 0
63 71 36 1 0
64 71 37 1 0
65 71 38 1 0
84 71 39 5 0
4 19 40 0 1
24 27 40 1 0
42 27 41 1 0
4 13 42 0 1
4 17 40 0 1
8 35 40 1 0
34 35 41 1 0
13 35 42 1 0
27 35 43 1 0
28 35 44 1 0
26 35 45 1 0
43 35 46 1 0
33 35 47 1 0
7 35 48 1 0
32 35 49 1 0
67 35 50 1 0
69 35 51 1 0
5 35 52 1 0
56 35 53 1 0
82 35 54 1 0
83 35 55 1 0
63 35 56 1 0
35 35 57 3 0
6 34 58 1 0
42 34 59 1 0
4 13 60 0 1
4 8 58 0 1
42 61 58 1 0
4 13 59 0 1
4 24 40 0 1
4 25 17 0 1
17 51 15 1 0
3 51 16 1 0
70 51 17 1 0
38 51 18 1 0
15 51 19 9 0
4 9 20 0 1
4 17 20 0 1
37 67 20 1 0
47 67 21 2 0
49 62 22 1 0
81 62 23 1 0
79 62 24 1 0
58 62 25 1 0
44 62 26 1 0
4 12 27 0 1
87 57 22 1 0
85 57 23 3 0
86 53 24 1 0
42 53 25 1 0
4 13 26 0 1
4 5 24 0 1
88 1 24 1 0
34 1 25 1 0
13 1 26 1 0
27 1 27 1 0
28 1 28 1 0
26 1 29 1 0
43 1 30 1 0
33 1 31 1 0
7 1 32 1 0
32 1 33 1 0
67 1 34 1 0
69 1 35 1 0
5 1 36 1 0
56 1 37 1 0
82 1 38 1 0
83 1 39 1 0
63 1 40 1 0
64 1 41 1 0
65 1 42 1 0
46 1 43 1 0
4 14 44 0 1
4 25 20 0 1
34 56 20 1 0
13 56 21 1 0
27 56 22 1 0
28 56 23 1 0
26 56 24 1 0
43 56 25 1 0
33 56 26 1 0
7 56 27 1 0
32 56 28 1 0
67 56 29 3 0
67 53 30 1 0
69 53 31 1 0
5 53 32 1 0
56 53 33 1 0
82 53 34 1 0
83 53 35 1 0
63 53 36 1 0
35 53 37 1 0
42 53 38 1 0
4 13 39 0 1
4 18 30 0 1
69 2 30 1 0
5 2 31 1 0
56 2 32 1 0
82 2 33 1 0
83 2 34 1 0
63 2 35 1 0
64 2 36 1 0
65 2 37 1 0
46 2 38 1 0
4 14 39 0 1
4 25 20 0 1
39 54 20 1 0
72 54 21 1 0
71 54 22 1 0
62 54 23 2 0
63 53 24 1 0
35 53 25 1 0
42 53 26 1 0
4 13 27 0 1
4 11 24 0 1
4 24 20 0 1
3 86 20 1 0
70 86 21 1 0
73 86 22 1 0
16 86 23 3 0
4 15 24 0 1
18 39 24 2 0
17 38 25 1 0
3 38 26 1 0
70 38 27 1 0
73 38 28 1 0
36 38 29 2 0
71 37 30 1 0
54 37 31 6 0
76 36 32 1 0
60 36 33 3 0
42 34 34 1 0
4 13 35 0 1
4 8 34 0 1
60 74 34 1 0
42 74 35 1 0
4 13 36 0 1
4 8 32 0 1
42 75 32 1 0
4 13 33 0 1
4 17 32 0 1
8 0 32 1 0
34 0 33 1 0
13 0 34 1 0
27 0 35 1 0
28 0 36 1 0
26 0 37 1 0
43 0 38 1 0
33 0 39 1 0
7 0 40 1 0
32 0 41 1 0
67 0 42 1 0
69 0 43 1 0
5 0 44 1 0
56 0 45 1 0
82 0 46 1 0
83 0 47 1 0
63 0 48 1 0
64 0 49 1 0
65 0 50 1 0
46 0 51 1 0
4 31 52 0 1
4 24 32 0 1
4 25 30 0 1
17 50 25 1 0
3 50 26 1 0
70 50 27 1 0
73 50 28 1 0
36 50 29 2 0
71 49 30 1 0
12 49 31 3 0
45 48 32 1 0
9 48 33 4 0
35 46 34 1 0
42 46 35 1 0
4 13 36 0 1
4 16 34 0 1
34 53 34 1 0
13 53 35 1 0
27 53 36 1 0
28 53 37 1 0
26 53 38 1 0
43 53 39 1 0
33 53 40 1 0
7 53 41 1 0
32 53 42 1 0
67 53 43 1 0
69 53 44 1 0
5 53 45 1 0
56 53 46 1 0
82 53 47 1 0
83 53 48 1 0
63 53 49 1 0
35 53 50 1 0
42 53 51 1 0
4 13 52 0 1
4 23 34 0 1
14 4 32 1 0
4 5 33 0 1
34 81 32 1 0
13 81 33 1 0
27 81 34 1 0
28 81 35 1 0
26 81 36 1 0
43 81 37 1 0
33 81 38 1 0
7 81 39 1 0
32 81 40 1 0
67 81 41 1 0
69 81 42 1 0
5 81 43 1 0
56 81 44 1 0
82 81 45 1 0
83 81 46 1 0
63 81 47 1 0
64 81 48 1 0
65 81 49 5 0
76 80 50 1 0
60 80 51 1 0
42 80 52 1 0
4 13 53 0 1
4 8 50 0 1
42 73 50 1 0
4 13 51 0 1
4 17 50 0 1
4 24 50 0 1
4 25 30 0 1
4 22 24 0 1
17 52 15 1 0
3 52 16 1 0
70 52 17 1 0
38 52 18 1 0
15 52 19 9 0
4 9 20 0 1
4 17 20 0 1
37 68 20 1 0
47 68 21 2 0
49 62 22 1 0
81 62 23 1 0
79 62 24 1 0
58 62 25 1 0
44 62 26 1 0
4 12 27 0 1
87 58 22 1 0
85 58 23 3 0
86 53 24 1 0
42 53 25 1 0
4 13 26 0 1
4 5 24 0 1
88 3 24 1 0
34 3 25 1 0
13 3 26 1 0
27 3 27 1 0
28 3 28 1 0
26 3 29 1 0
43 3 30 1 0
33 3 31 1 0
7 3 32 1 0
32 3 33 1 0
67 3 34 1 0
69 3 35 1 0
5 3 36 1 0
56 3 37 1 0
82 3 38 1 0
83 3 39 1 0
63 3 40 1 0
64 3 41 1 0
65 3 42 1 0
46 3 43 1 0
4 14 44 0 1
4 25 20 0 1
34 59 20 1 0
13 59 21 1 0
27 59 22 1 0
28 59 23 1 0
26 59 24 1 0
43 59 25 1 0
33 59 26 1 0
7 59 27 1 0
32 59 28 1 0
67 59 29 3 0
67 53 30 1 0
69 53 31 1 0
5 53 32 1 0
56 53 33 1 0
82 53 34 1 0
83 53 35 1 0
63 53 36 1 0
35 53 37 1 0
42 53 38 1 0
4 13 39 0 1
4 10 30 0 1
69 1 30 1 0
5 1 31 1 0
56 1 32 1 0
82 1 33 1 0
83 1 34 1 0
63 1 35 1 0
64 1 36 1 0
65 1 37 1 0
46 1 38 1 0
4 14 39 0 1
4 25 20 0 1
39 55 20 1 0
72 55 21 1 0
71 55 22 1 0
61 55 23 2 0
63 53 24 1 0
35 53 25 1 0
42 53 26 1 0
4 13 27 0 1
4 7 24 0 1
4 24 20 0 1
3 87 20 1 0
70 87 21 1 0
73 87 22 1 0
16 87 23 3 0
4 15 24 0 1
18 41 24 1 0
17 41 25 1 0
3 41 26 1 0
70 41 27 1 0
73 41 28 1 0
36 41 29 2 0
71 40 30 1 0
54 40 31 6 0
76 36 32 1 0
60 36 33 3 0
42 34 34 1 0
4 13 35 0 1
4 8 34 0 1
60 74 34 1 0
42 74 35 1 0
4 13 36 0 1
4 8 32 0 1
42 76 32 1 0
4 13 33 0 1
4 17 32 0 1
8 48 32 1 0
34 48 33 1 0
13 48 34 1 0
27 48 35 1 0
28 48 36 1 0
26 48 37 1 0
43 48 38 1 0
33 48 39 1 0
7 48 40 1 0
32 48 41 1 0
67 48 42 1 0
69 48 43 1 0
5 48 44 1 0
56 48 45 1 0
82 48 46 1 0
83 48 47 1 0
63 48 48 1 0
64 48 49 1 0
65 48 50 4 0
35 46 51 1 0
42 46 52 1 0
4 13 53 0 1
4 16 51 0 1
34 53 51 1 0
13 53 52 1 0
27 53 53 1 0
28 53 54 1 0
26 53 55 1 0
43 53 56 1 0
33 53 57 1 0
7 53 58 1 0
32 53 59 1 0
67 53 60 1 0
69 53 61 1 0
5 53 62 1 0
56 53 63 1 0
82 53 64 1 0
83 53 65 1 0
63 53 66 1 0
35 53 67 1 0
42 53 68 1 0
4 13 69 0 1
4 23 51 0 1
4 24 32 0 1
4 25 30 0 1
4 22 24 0 1
4 22 14 0 1
4 22 8 0 1
