1 87 0 1 0
25 60 1 1 0
59 60 2 1 0
73 75 3 1 0
0 87 4 1 0
21 75 5 1 0
57 75 6 4 0
23 74 7 1 0
4 19 8 0 1
4 7 7 0 1
74 42 7 1 0
4 12 8 0 1
19 86 7 3 0
4 14 8 0 1
20 76 8 1 0
22 76 9 1 0
2 87 10 1 0
51 76 11 4 0
55 74 12 1 0
4 19 13 0 1
55 80 12 1 0
4 24 13 0 1
53 82 12 2 0
67 81 13 1 0
4 43 14 0 1
52 67 13 4 0
42 66 14 1 0
4 12 15 0 1
4 16 14 0 1
41 33 14 1 0
40 33 15 2 0
80 32 16 1 0
79 32 17 1 0
76 32 18 2 0
77 30 19 1 0
74 30 20 1 0
4 12 21 0 1
31 45 19 2 0
4 15 20 0 1
4 21 20 0 1
85 53 16 1 0
42 53 17 1 0
4 12 18 0 1
4 22 14 0 1
50 83 12 1 0
16 83 13 3 0
4 14 14 0 1
18 29 14 4 0
17 28 15 1 0
48 28 16 2 0
47 27 17 2 0
49 26 18 1 0
80 26 19 1 0
79 26 20 1 0
77 26 21 1 0
74 26 22 1 0
4 12 23 0 1
86 79 18 1 0
84 79 19 3 0
85 77 20 1 0
42 77 21 1 0
4 12 22 0 1
4 6 20 0 1
87 68 20 1 0
34 68 21 1 0
13 68 22 1 0
27 68 23 1 0
28 68 24 1 0
26 68 25 1 0
43 68 26 1 0
33 68 27 1 0
7 68 28 1 0
32 68 29 1 0
66 68 30 1 0
68 68 31 1 0
5 68 32 1 0
56 68 33 1 0
81 68 34 1 0
82 68 35 1 0
62 68 36 1 0
63 68 37 1 0
64 68 38 1 0
83 68 39 5 0
4 18 40 0 1
24 26 40 1 0
42 26 41 1 0
4 12 42 0 1
4 16 40 0 1
8 35 40 1 0
34 35 41 1 0
13 35 42 1 0
27 35 43 1 0
28 35 44 1 0
26 35 45 1 0
43 35 46 1 0
33 35 47 1 0
7 35 48 1 0
32 35 49 1 0
66 35 50 1 0
68 35 51 1 0
5 35 52 1 0
56 35 53 1 0
81 35 54 1 0
82 35 55 1 0
62 35 56 1 0
35 35 57 3 0
6 34 58 1 0
42 34 59 1 0
4 12 60 0 1
4 8 58 0 1
42 61 58 1 0
4 12 59 0 1
4 22 40 0 1
4 23 17 0 1
17 64 15 1 0
48 64 16 2 0
47 63 17 2 0
49 62 18 1 0
80 62 19 1 0
78 62 20 1 0
58 62 21 1 0
44 62 22 1 0
4 11 23 0 1
86 49 18 1 0
84 49 19 3 0
85 48 20 2 0
42 46 21 1 0
4 12 22 0 1
31 45 21 2 0
4 15 22 0 1
4 21 22 0 1
4 6 20 0 1
87 69 20 1 0
34 69 21 1 0
13 69 22 1 0
27 69 23 1 0
28 69 24 1 0
26 69 25 1 0
43 69 26 1 0
33 69 27 1 0
7 69 28 1 0
32 69 29 1 0
66 69 30 1 0
68 69 31 1 0
5 69 32 1 0
56 69 33 1 0
81 69 34 1 0
82 69 35 1 0
62 69 36 1 0
63 69 37 1 0
10 69 38 1 0
11 69 39 3 0
4 18 40 0 1
65 62 40 1 0
58 62 41 1 0
44 62 42 1 0
4 11 43 0 1
30 44 40 1 0
29 44 41 3 0
4 15 42 0 1
34 2 42 1 0
13 2 43 1 0
27 2 44 1 0
28 2 45 1 0
26 2 46 1 0
43 2 47 1 0
33 2 48 1 0
7 2 49 1 0
32 2 50 1 0
66 2 51 1 0
68 2 52 1 0
5 2 53 1 0
56 2 54 1 0
81 2 55 1 0
82 2 56 1 0
62 2 57 1 0
63 2 58 1 0
64 2 59 1 0
46 2 60 1 0
4 13 61 0 1
4 21 42 0 1
4 23 17 0 1
17 54 15 1 0
3 54 16 1 0
69 54 17 1 0
38 54 18 1 0
15 54 19 9 0
4 9 20 0 1
4 16 20 0 1
37 65 20 1 0
47 65 21 2 0
49 62 22 1 0
80 62 23 1 0
78 62 24 1 0
58 62 25 1 0
44 62 26 1 0
4 11 27 0 1
86 59 22 1 0
84 59 23 3 0
85 56 24 1 0
42 56 25 1 0
4 12 26 0 1
4 6 24 0 1
87 1 24 1 0
34 1 25 1 0
13 1 26 1 0
27 1 27 1 0
28 1 28 1 0
26 1 29 1 0
43 1 30 1 0
33 1 31 1 0
7 1 32 1 0
32 1 33 1 0
66 1 34 1 0
68 1 35 1 0
5 1 36 1 0
56 1 37 1 0
81 1 38 1 0
82 1 39 1 0
62 1 40 1 0
63 1 41 1 0
64 1 42 1 0
46 1 43 1 0
4 13 44 0 1
4 23 20 0 1
34 58 20 1 0
13 58 21 1 0
27 58 22 1 0
28 58 23 1 0
26 58 24 1 0
43 58 25 1 0
33 58 26 1 0
7 58 27 1 0
32 58 28 1 0
66 58 29 3 0
66 56 30 1 0
68 56 31 1 0
5 56 32 1 0
56 56 33 1 0
81 56 34 1 0
82 56 35 1 0
62 56 36 1 0
35 56 37 1 0
42 56 38 1 0
4 12 39 0 1
4 17 30 0 1
68 2 30 1 0
5 2 31 1 0
56 2 32 1 0
81 2 33 1 0
82 2 34 1 0
62 2 35 1 0
63 2 36 1 0
64 2 37 1 0
46 2 38 1 0
4 13 39 0 1
4 23 20 0 1
39 57 20 1 0
71 57 21 1 0
70 57 22 1 0
61 57 23 2 0
62 56 24 1 0
35 56 25 1 0
42 56 26 1 0
4 12 27 0 1
4 10 24 0 1
4 22 20 0 1
3 84 20 1 0
69 84 21 1 0
72 84 22 1 0
16 84 23 3 0
4 14 24 0 1
18 39 24 2 0
17 38 25 1 0
3 38 26 1 0
69 38 27 1 0
72 38 28 1 0
36 38 29 2 0
70 37 30 1 0
54 37 31 6 0
75 36 32 1 0
60 36 33 3 0
42 34 34 1 0
4 12 35 0 1
4 8 34 0 1
60 71 34 1 0
42 71 35 1 0
4 12 36 0 1
4 8 32 0 1
42 72 32 1 0
4 12 33 0 1
4 16 32 0 1
8 0 32 1 0
34 0 33 1 0
13 0 34 1 0
27 0 35 1 0
28 0 36 1 0
26 0 37 1 0
43 0 38 1 0
33 0 39 1 0
7 0 40 1 0
32 0 41 1 0
66 0 42 1 0
68 0 43 1 0
5 0 44 1 0
56 0 45 1 0
81 0 46 1 0
82 0 47 1 0
62 0 48 1 0
63 0 49 1 0
64 0 50 1 0
46 0 51 1 0
4 31 52 0 1
4 22 32 0 1
4 23 30 0 1
17 52 25 1 0
3 52 26 1 0
69 52 27 1 0
72 52 28 1 0
36 52 29 2 0
70 51 30 1 0
12 51 31 3 0
45 50 32 1 0
9 50 33 4 0
35 46 34 1 0
42 46 35 1 0
4 12 36 0 1
4 15 34 0 1
34 56 34 1 0
13 56 35 1 0
27 56 36 1 0
28 56 37 1 0
26 56 38 1 0
43 56 39 1 0
33 56 40 1 0
7 56 41 1 0
32 56 42 1 0
66 56 43 1 0
68 56 44 1 0
5 56 45 1 0
56 56 46 1 0
81 56 47 1 0
82 56 48 1 0
62 56 49 1 0
35 56 50 1 0
42 56 51 1 0
4 12 52 0 1
4 21 34 0 1
14 5 32 1 0
4 6 33 0 1
34 78 32 1 0
13 78 33 1 0
27 78 34 1 0
28 78 35 1 0
26 78 36 1 0
43 78 37 1 0
33 78 38 1 0
7 78 39 1 0
32 78 40 1 0
66 78 41 1 0
68 78 42 1 0
5 78 43 1 0
56 78 44 1 0
81 78 45 1 0
82 78 46 1 0
62 78 47 1 0
63 78 48 1 0
64 78 49 5 0
75 77 50 1 0
60 77 51 1 0
42 77 52 1 0
4 12 53 0 1
4 8 50 0 1
42 70 50 1 0
4 12 51 0 1
4 16 50 0 1
4 22 50 0 1
4 23 30 0 1
4 20 24 0 1
17 55 15 1 0
3 55 16 1 0
69 55 17 1 0
38 55 18 1 0
15 55 19 9 0
4 9 20 0 1
4 16 20 0 1
37 65 20 1 0
47 65 21 2 0
49 62 22 1 0
80 62 23 1 0
78 62 24 1 0
58 62 25 1 0
44 62 26 1 0
4 11 27 0 1
86 59 22 1 0
84 59 23 3 0
85 56 24 1 0
42 56 25 1 0
4 12 26 0 1
4 6 24 0 1
87 1 24 1 0
34 1 25 1 0
13 1 26 1 0
27 1 27 1 0
28 1 28 1 0
26 1 29 1 0
43 1 30 1 0
33 1 31 1 0
7 1 32 1 0
32 1 33 1 0
66 1 34 1 0
68 1 35 1 0
5 1 36 1 0
56 1 37 1 0
81 1 38 1 0
82 1 39 1 0
62 1 40 1 0
63 1 41 1 0
64 1 42 1 0
46 1 43 1 0
4 13 44 0 1
4 23 20 0 1
34 58 20 1 0
13 58 21 1 0
27 58 22 1 0
28 58 23 1 0
26 58 24 1 0
43 58 25 1 0
33 58 26 1 0
7 58 27 1 0
32 58 28 1 0
66 58 29 3 0
66 56 30 1 0
68 56 31 1 0
5 56 32 1 0
56 56 33 1 0
81 56 34 1 0
82 56 35 1 0
62 56 36 1 0
35 56 37 1 0
42 56 38 1 0
4 12 39 0 1
4 17 30 0 1
68 2 30 1 0
5 2 31 1 0
56 2 32 1 0
81 2 33 1 0
82 2 34 1 0
62 2 35 1 0
63 2 36 1 0
64 2 37 1 0
46 2 38 1 0
4 13 39 0 1
4 23 20 0 1
39 57 20 1 0
71 57 21 1 0
70 57 22 1 0
61 57 23 2 0
62 56 24 1 0
35 56 25 1 0
42 56 26 1 0
4 12 27 0 1
4 10 24 0 1
4 22 20 0 1
3 85 20 1 0
69 85 21 1 0
72 85 22 1 0
16 85 23 3 0
4 14 24 0 1
18 41 24 1 0
17 41 25 1 0
3 41 26 1 0
69 41 27 1 0
72 41 28 1 0
36 41 29 2 0
70 40 30 1 0
54 40 31 6 0
75 36 32 1 0
60 36 33 3 0
42 34 34 1 0
4 12 35 0 1
4 8 34 0 1
60 71 34 1 0
42 71 35 1 0
4 12 36 0 1
4 8 32 0 1
42 73 32 1 0
4 12 33 0 1
4 16 32 0 1
8 47 32 1 0
34 47 33 1 0
13 47 34 1 0
27 47 35 1 0
28 47 36 1 0
26 47 37 1 0
43 47 38 1 0
33 47 39 1 0
7 47 40 1 0
32 47 41 1 0
66 47 42 1 0
68 47 43 1 0
5 47 44 1 0
56 47 45 1 0
81 47 46 1 0
82 47 47 1 0
62 47 48 1 0
63 47 49 1 0
64 47 50 4 0
35 46 51 1 0
42 46 52 1 0
4 12 53 0 1
4 15 51 0 1
34 4 51 1 0
13 4 52 1 0
27 4 53 1 0
28 4 54 1 0
26 4 55 1 0
43 4 56 1 0
33 4 57 1 0
7 4 58 1 0
32 4 59 1 0
66 4 60 1 0
68 4 61 1 0
5 4 62 3 0
5 3 63 1 0
56 3 64 1 0
81 3 65 1 0
82 3 66 1 0
62 3 67 1 0
63 3 68 1 0
64 3 69 1 0
46 3 70 1 0
4 13 71 0 1
4 25 63 0 1
56 56 63 1 0
81 56 64 1 0
82 56 65 1 0
62 56 66 1 0
35 56 67 1 0
42 56 68 1 0
4 12 69 0 1
4 21 51 0 1
4 22 32 0 1
4 23 30 0 1
4 20 24 0 1
4 20 14 0 1
4 20 8 0 1
