1 108 0 1 0
24 68 1 1 0
56 68 2 1 0
70 95 3 1 0
0 108 4 1 0
20 95 5 1 0
54 95 6 4 0
22 94 7 1 0
4 21 8 0 1
4 6 7 0 1
71 14 7 1 0
4 12 8 0 1
18 107 7 4 0
4 15 8 0 1
19 96 8 1 0
21 96 9 1 0
2 108 10 1 0
47 96 11 4 0
51 94 12 1 0
4 21 13 0 1
51 97 12 1 0
4 30 13 0 1
49 100 12 2 0
65 98 13 1 0
4 47 14 0 1
48 85 13 4 0
38 84 14 1 0
4 12 15 0 1
4 17 14 0 1
37 37 14 1 0
36 37 15 2 0
77 36 16 1 0
76 36 17 1 0
73 36 18 2 0
74 34 19 1 0
71 34 20 1 0
4 12 21 0 1
30 50 19 2 0
4 16 20 0 1
4 23 20 0 1
83 51 16 1 0
38 51 17 1 0
4 12 18 0 1
4 24 14 0 1
46 105 12 1 0
15 105 13 3 0
4 15 14 0 1
17 78 14 5 0
16 77 15 1 0
44 77 16 2 0
43 76 17 2 0
45 74 18 1 0
77 74 19 1 0
76 74 20 1 0
73 74 21 2 0
75 73 22 1 0
55 73 23 1 0
40 73 24 1 0
4 11 25 0 1
30 50 22 2 0
4 16 23 0 1
4 23 23 0 1
84 54 18 1 0
82 54 19 3 0
83 53 20 1 0
38 53 21 1 0
4 12 22 0 1
4 5 20 0 1
85 87 20 1 0
33 87 21 1 0
13 87 22 1 0
26 87 23 1 0
27 87 24 1 0
25 87 25 1 0
39 87 26 1 0
32 87 27 1 0
7 87 28 1 0
31 87 29 1 0
64 87 30 1 0
66 87 31 1 0
5 87 32 1 0
53 87 33 1 0
78 87 34 1 0
79 87 35 1 0
60 87 36 1 0
61 87 37 1 0
10 87 38 1 0
11 87 39 3 0
4 19 40 0 1
63 73 40 1 0
55 73 41 1 0
40 73 42 1 0
4 11 43 0 1
29 49 40 1 0
28 49 41 3 0
4 16 42 0 1
33 2 42 1 0
13 2 43 1 0
26 2 44 1 0
27 2 45 1 0
25 2 46 1 0
39 2 47 1 0
32 2 48 1 0
7 2 49 1 0
31 2 50 1 0
64 2 51 1 0
66 2 52 1 0
5 2 53 1 0
53 2 54 1 0
78 2 55 1 0
79 2 56 1 0
60 2 57 1 0
61 2 58 1 0
62 2 59 1 0
42 2 60 1 0
4 13 61 0 1
4 23 42 0 1
4 29 17 0 1
16 33 15 1 0
44 33 16 2 0
43 32 17 2 0
45 31 18 1 0
77 31 19 1 0
76 31 20 1 0
74 31 21 1 0
71 31 22 1 0
4 12 23 0 1
84 72 18 1 0
82 72 19 3 0
83 70 20 1 0
38 70 21 1 0
4 12 22 0 1
4 5 20 0 1
85 86 20 1 0
33 86 21 1 0
13 86 22 1 0
26 86 23 1 0
27 86 24 1 0
25 86 25 1 0
39 86 26 1 0
32 86 27 1 0
7 86 28 1 0
31 86 29 1 0
64 86 30 1 0
66 86 31 1 0
5 86 32 1 0
53 86 33 1 0
78 86 34 1 0
79 86 35 1 0
60 86 36 1 0
61 86 37 1 0
62 86 38 1 0
80 86 39 5 0
4 19 40 0 1
23 31 40 1 0
38 31 41 1 0
4 12 42 0 1
4 17 40 0 1
8 39 40 1 0
33 39 41 1 0
13 39 42 1 0
26 39 43 1 0
27 39 44 1 0
25 39 45 1 0
39 39 46 1 0
32 39 47 1 0
7 39 48 1 0
31 39 49 1 0
64 39 50 1 0
66 39 51 1 0
5 39 52 1 0
53 39 53 1 0
78 39 54 1 0
79 39 55 1 0
60 39 56 1 0
34 39 57 3 0
6 38 58 1 0
38 38 59 1 0
4 12 60 0 1
4 8 58 0 1
38 69 58 1 0
4 12 59 0 1
4 24 40 0 1
4 29 17 0 1
16 83 15 1 0
44 83 16 2 0
43 82 17 2 0
45 73 18 1 0
77 73 19 1 0
75 73 20 1 0
55 73 21 1 0
40 73 22 1 0
4 11 23 0 1
84 66 18 1 0
82 66 19 3 0
83 59 20 1 0
38 59 21 1 0
4 12 22 0 1
4 5 20 0 1
85 3 20 1 0
33 3 21 1 0
13 3 22 1 0
26 3 23 1 0
27 3 24 1 0
25 3 25 1 0
39 3 26 1 0
32 3 27 1 0
7 3 28 1 0
31 3 29 1 0
64 3 30 1 0
66 3 31 1 0
5 3 32 1 0
53 3 33 1 0
78 3 34 1 0
79 3 35 1 0
60 3 36 1 0
61 3 37 1 0
62 3 38 1 0
42 3 39 1 0
4 13 40 0 1
4 29 17 0 1
16 102 15 1 0
3 102 16 1 0
67 102 17 1 0
86 102 18 5 0
4 48 19 0 1
4 17 19 0 1
33 67 19 1 0
13 67 20 1 0
26 67 21 1 0
27 67 22 1 0
25 67 23 1 0
39 67 24 1 0
32 67 25 1 0
7 67 26 1 0
31 67 27 1 0
64 67 28 3 0
64 59 29 1 0
66 59 30 1 0
5 59 31 1 0
53 59 32 1 0
78 59 33 1 0
79 59 34 1 0
60 59 35 1 0
34 59 36 1 0
38 59 37 1 0
4 12 38 0 1
4 9 29 0 1
66 1 29 1 0
5 1 30 1 0
53 1 31 1 0
78 1 32 1 0
79 1 33 1 0
60 1 34 1 0
61 1 35 1 0
62 1 36 1 0
42 1 37 1 0
4 13 38 0 1
4 24 19 0 1
3 103 19 1 0
67 103 20 1 0
69 103 21 1 0
15 103 22 3 0
4 15 23 0 1
17 43 23 3 0
16 42 24 1 0
3 42 25 1 0
67 42 26 1 0
69 42 27 1 0
35 42 28 2 0
68 41 29 1 0
50 41 30 6 0
72 40 31 1 0
57 40 32 3 0
38 38 33 1 0
4 12 34 0 1
4 8 33 0 1
57 89 33 1 0
38 89 34 1 0
4 12 35 0 1
4 8 31 0 1
38 90 31 1 0
4 12 32 0 1
4 17 31 0 1
8 0 31 1 0
33 0 32 1 0
13 0 33 1 0
26 0 34 1 0
27 0 35 1 0
25 0 36 1 0
39 0 37 1 0
32 0 38 1 0
7 0 39 1 0
31 0 40 1 0
64 0 41 1 0
66 0 42 1 0
5 0 43 1 0
53 0 44 1 0
78 0 45 1 0
79 0 46 1 0
60 0 47 1 0
61 0 48 1 0
62 0 49 1 0
42 0 50 1 0
4 35 51 0 1
4 24 31 0 1
4 29 29 0 1
16 57 24 1 0
3 57 25 1 0
67 57 26 1 0
69 57 27 1 0
35 57 28 2 0
68 56 29 1 0
12 56 30 3 0
41 55 31 1 0
9 55 32 4 0
34 53 33 1 0
38 53 34 1 0
4 12 35 0 1
4 16 33 0 1
33 59 33 1 0
13 59 34 1 0
26 59 35 1 0
27 59 36 1 0
25 59 37 1 0
39 59 38 1 0
32 59 39 1 0
7 59 40 1 0
31 59 41 1 0
64 59 42 1 0
66 59 43 1 0
5 59 44 1 0
53 59 45 1 0
78 59 46 1 0
79 59 47 1 0
60 59 48 1 0
34 59 49 1 0
38 59 50 1 0
4 12 51 0 1
4 23 33 0 1
14 4 31 1 0
4 5 32 0 1
33 71 31 1 0
13 71 32 1 0
26 71 33 1 0
27 71 34 1 0
25 71 35 1 0
39 71 36 1 0
32 71 37 1 0
7 71 38 1 0
31 71 39 1 0
64 71 40 1 0
66 71 41 1 0
5 71 42 1 0
53 71 43 1 0
78 71 44 1 0
79 71 45 1 0
60 71 46 1 0
61 71 47 1 0
62 71 48 5 0
72 70 49 1 0
57 70 50 1 0
38 70 51 1 0
4 12 52 0 1
4 8 49 0 1
38 88 49 1 0
4 12 50 0 1
4 17 49 0 1
4 24 49 0 1
4 29 29 0 1
16 63 24 1 0
3 63 25 1 0
67 63 26 1 0
69 63 27 1 0
35 63 28 2 0
68 62 29 1 0
58 62 30 2 0
60 59 31 1 0
34 59 32 1 0
38 59 33 1 0
4 12 34 0 1
4 7 31 0 1
4 29 29 0 1
4 22 23 0 1
16 27 15 1 0
3 27 16 1 0
67 27 17 1 0
69 27 18 1 0
35 27 19 2 0
68 26 20 1 0
50 26 21 4 0
52 25 22 1 0
81 25 23 1 0
4 12 24 0 1
4 17 22 0 1
8 53 22 1 0
33 53 23 1 0
13 53 24 1 0
26 53 25 1 0
27 53 26 1 0
25 53 27 1 0
39 53 28 1 0
32 53 29 1 0
7 53 30 1 0
31 53 31 1 0
64 53 32 1 0
66 53 33 1 0
5 53 34 1 0
53 53 35 1 0
78 53 36 1 0
79 53 37 1 0
60 53 38 1 0
34 53 39 1 0
38 53 40 1 0
4 12 41 0 1
4 24 22 0 1
4 29 20 0 1
4 22 14 0 1
19 93 8 1 0
21 93 9 1 0
2 108 10 1 0
47 93 11 4 0
51 92 12 1 0
4 20 13 0 1
51 97 12 1 0
4 30 13 0 1
49 99 12 2 0
65 98 13 1 0
4 47 14 0 1
48 28 13 4 0
38 25 14 1 0
4 12 15 0 1
4 17 14 0 1
37 75 14 1 0
36 75 15 2 0
77 74 16 1 0
76 74 17 1 0
73 74 18 2 0
75 73 19 1 0
55 73 20 1 0
40 73 21 1 0
4 11 22 0 1
30 50 19 2 0
4 16 20 0 1
4 23 20 0 1
83 52 16 1 0
38 52 17 1 0
4 12 18 0 1
4 24 14 0 1
46 106 12 1 0
15 106 13 3 0
4 15 14 0 1
17 81 14 2 0
16 80 15 1 0
44 80 16 2 0
43 79 17 2 0
45 73 18 1 0
77 73 19 1 0
75 73 20 1 0
55 73 21 1 0
40 73 22 1 0
4 11 23 0 1
84 65 18 1 0
82 65 19 3 0
83 59 20 1 0
38 59 21 1 0
4 12 22 0 1
4 5 20 0 1
85 1 20 1 0
33 1 21 1 0
13 1 22 1 0
26 1 23 1 0
27 1 24 1 0
25 1 25 1 0
39 1 26 1 0
32 1 27 1 0
7 1 28 1 0
31 1 29 1 0
64 1 30 1 0
66 1 31 1 0
5 1 32 1 0
53 1 33 1 0
78 1 34 1 0
79 1 35 1 0
60 1 36 1 0
61 1 37 1 0
62 1 38 1 0
42 1 39 1 0
4 13 40 0 1
4 29 17 0 1
16 101 15 1 0
3 101 16 1 0
67 101 17 1 0
86 101 18 5 0
4 48 19 0 1
4 17 19 0 1
33 64 19 1 0
13 64 20 1 0
26 64 21 1 0
27 64 22 1 0
25 64 23 1 0
39 64 24 1 0
32 64 25 1 0
7 64 26 1 0
31 64 27 1 0
64 64 28 3 0
64 59 29 1 0
66 59 30 1 0
5 59 31 1 0
53 59 32 1 0
78 59 33 1 0
79 59 34 1 0
60 59 35 1 0
34 59 36 1 0
38 59 37 1 0
4 12 38 0 1
4 18 29 0 1
66 2 29 1 0
5 2 30 1 0
53 2 31 1 0
78 2 32 1 0
79 2 33 1 0
60 2 34 1 0
61 2 35 1 0
62 2 36 1 0
42 2 37 1 0
4 13 38 0 1
4 24 19 0 1
3 104 19 1 0
67 104 20 1 0
69 104 21 1 0
15 104 22 3 0
4 15 23 0 1
17 46 23 2 0
16 45 24 1 0
3 45 25 1 0
67 45 26 1 0
69 45 27 1 0
35 45 28 2 0
68 44 29 1 0
50 44 30 6 0
72 40 31 1 0
57 40 32 3 0
38 38 33 1 0
4 12 34 0 1
4 8 33 0 1
57 89 33 1 0
38 89 34 1 0
4 12 35 0 1
4 8 31 0 1
38 91 31 1 0
4 12 32 0 1
4 17 31 0 1
8 58 31 1 0
33 58 32 1 0
13 58 33 1 0
26 58 34 1 0
27 58 35 1 0
25 58 36 1 0
39 58 37 1 0
32 58 38 1 0
7 58 39 1 0
31 58 40 1 0
64 58 41 1 0
66 58 42 1 0
5 58 43 1 0
53 58 44 1 0
78 58 45 1 0
79 58 46 1 0
60 58 47 1 0
61 58 48 1 0
62 58 49 4 0
34 52 50 1 0
38 52 51 1 0
4 12 52 0 1
4 16 50 0 1
33 59 50 1 0
13 59 51 1 0
26 59 52 1 0
27 59 53 1 0
25 59 54 1 0
39 59 55 1 0
32 59 56 1 0
7 59 57 1 0
31 59 58 1 0
64 59 59 1 0
66 59 60 1 0
5 59 61 1 0
53 59 62 1 0
78 59 63 1 0
79 59 64 1 0
60 59 65 1 0
34 59 66 1 0
38 59 67 1 0
4 12 68 0 1
4 23 50 0 1
4 24 31 0 1
4 29 29 0 1
16 61 24 1 0
3 61 25 1 0
67 61 26 1 0
69 61 27 1 0
35 61 28 2 0
68 60 29 1 0
59 60 30 2 0
60 59 31 1 0
34 59 32 1 0
38 59 33 1 0
4 12 34 0 1
4 10 31 0 1
4 29 29 0 1
4 22 23 0 1
4 22 14 0 1
4 22 8 0 1
