1 114 0 1 0
24 62 1 1 0
56 62 2 1 0
70 96 3 1 0
0 114 4 1 0
20 96 5 1 0
54 96 6 4 0
22 95 7 1 0
4 20 8 0 1
4 6 7 0 1
71 13 7 1 0
4 11 8 0 1
18 113 7 4 0
4 14 8 0 1
19 98 8 1 0
21 98 9 1 0
2 114 10 1 0
47 98 11 4 0
51 95 12 1 0
4 20 13 0 1
51 102 12 1 0
4 25 13 0 1
49 106 12 2 0
65 104 13 1 0
4 42 14 0 1
48 93 13 4 0
38 90 14 1 0
4 11 15 0 1
4 16 14 0 1
37 69 14 1 0
36 69 15 2 0
77 65 16 1 0
76 65 17 1 0
73 65 18 2 0
75 64 19 1 0
55 64 20 1 0
40 64 21 1 0
4 10 22 0 1
30 45 19 2 0
4 15 20 0 1
4 22 20 0 1
83 52 16 1 0
38 52 17 1 0
4 11 18 0 1
4 23 14 0 1
46 112 12 1 0
15 112 13 3 0
4 14 14 0 1
17 74 14 3 0
16 73 15 1 0
44 73 16 2 0
43 72 17 2 0
45 64 18 1 0
77 64 19 1 0
75 64 20 1 0
55 64 21 1 0
40 64 22 1 0
4 10 23 0 1
84 61 18 1 0
82 61 19 3 0
83 54 20 1 0
38 54 21 1 0
4 11 22 0 1
4 5 20 0 1
85 3 20 1 0
33 3 21 1 0
13 3 22 1 0
26 3 23 1 0
27 3 24 1 0
25 3 25 1 0
39 3 26 1 0
32 3 27 1 0
7 3 28 1 0
31 3 29 1 0
64 3 30 1 0
66 3 31 1 0
5 3 32 1 0
53 3 33 1 0
78 3 34 1 0
79 3 35 1 0
60 3 36 1 0
61 3 37 1 0
62 3 38 1 0
42 3 39 1 0
4 12 40 0 1
4 24 17 0 1
16 76 15 1 0
44 76 16 2 0
43 75 17 2 0
45 64 18 1 0
77 64 19 1 0
75 64 20 1 0
55 64 21 1 0
40 64 22 1 0
4 10 23 0 1
84 81 18 1 0
82 81 19 3 0
83 77 20 1 0
38 77 21 1 0
4 11 22 0 1
4 5 20 0 1
85 1 20 1 0
33 1 21 1 0
13 1 22 1 0
26 1 23 1 0
27 1 24 1 0
25 1 25 1 0
39 1 26 1 0
32 1 27 1 0
7 1 28 1 0
31 1 29 1 0
64 1 30 1 0
66 1 31 1 0
5 1 32 1 0
53 1 33 1 0
78 1 34 1 0
79 1 35 1 0
60 1 36 1 0
61 1 37 1 0
62 1 38 1 0
42 1 39 1 0
4 12 40 0 1
4 24 17 0 1
16 108 15 1 0
3 108 16 1 0
67 108 17 1 0
86 108 18 5 0
4 43 19 0 1
4 16 19 0 1
33 80 19 1 0
13 80 20 1 0
26 80 21 1 0
27 80 22 1 0
25 80 23 1 0
39 80 24 1 0
32 80 25 1 0
7 80 26 1 0
31 80 27 1 0
64 80 28 3 0
64 77 29 1 0
66 77 30 1 0
5 77 31 1 0
53 77 32 1 0
78 77 33 1 0
79 77 34 1 0
60 77 35 1 0
34 77 36 1 0
38 77 37 1 0
4 11 38 0 1
4 17 29 0 1
66 2 29 1 0
5 2 30 1 0
53 2 31 1 0
78 2 32 1 0
79 2 33 1 0
60 2 34 1 0
61 2 35 1 0
62 2 36 1 0
42 2 37 1 0
4 12 38 0 1
4 23 19 0 1
3 110 19 1 0
67 110 20 1 0
69 110 21 1 0
15 110 22 3 0
4 14 23 0 1
17 41 23 3 0
16 40 24 1 0
3 40 25 1 0
67 40 26 1 0
69 40 27 1 0
35 40 28 2 0
68 39 29 1 0
50 39 30 6 0
72 35 31 1 0
57 35 32 3 0
38 33 33 1 0
4 11 34 0 1
4 8 33 0 1
57 89 33 1 0
38 89 34 1 0
4 11 35 0 1
4 8 31 0 1
38 94 31 1 0
4 11 32 0 1
4 16 31 0 1
8 53 31 1 0
33 53 32 1 0
13 53 33 1 0
26 53 34 1 0
27 53 35 1 0
25 53 36 1 0
39 53 37 1 0
32 53 38 1 0
7 53 39 1 0
31 53 40 1 0
64 53 41 1 0
66 53 42 1 0
5 53 43 1 0
53 53 44 1 0
78 53 45 1 0
79 53 46 1 0
60 53 47 1 0
61 53 48 1 0
62 53 49 4 0
34 52 50 1 0
38 52 51 1 0
4 11 52 0 1
4 15 50 0 1
33 54 50 1 0
13 54 51 1 0
26 54 52 1 0
27 54 53 1 0
25 54 54 1 0
39 54 55 1 0
32 54 56 1 0
7 54 57 1 0
31 54 58 1 0
64 54 59 1 0
66 54 60 1 0
5 54 61 1 0
53 54 62 1 0
78 54 63 1 0
79 54 64 1 0
60 54 65 1 0
34 54 66 1 0
38 54 67 1 0
4 11 68 0 1
4 22 50 0 1
4 23 31 0 1
4 24 29 0 1
16 59 24 1 0
3 59 25 1 0
67 59 26 1 0
69 59 27 1 0
35 59 28 2 0
68 58 29 1 0
58 58 30 2 0
60 54 31 1 0
34 54 32 1 0
38 54 33 1 0
4 11 34 0 1
4 7 31 0 1
4 24 29 0 1
16 79 24 1 0
3 79 25 1 0
67 79 26 1 0
69 79 27 1 0
35 79 28 2 0
68 78 29 1 0
59 78 30 2 0
60 77 31 1 0
34 77 32 1 0
38 77 33 1 0
4 11 34 0 1
4 9 31 0 1
4 24 29 0 1
4 21 23 0 1
4 21 14 0 1
19 97 8 1 0
21 97 9 1 0
2 114 10 1 0
47 97 11 4 0
51 95 12 1 0
4 20 13 0 1
51 102 12 1 0
4 25 13 0 1
49 105 12 2 0
65 104 13 1 0
4 42 14 0 1
48 85 13 4 0
38 84 14 1 0
4 11 15 0 1
4 16 14 0 1
37 32 14 1 0
36 32 15 2 0
77 31 16 1 0
76 31 17 1 0
73 31 18 2 0
74 29 19 1 0
71 29 20 1 0
4 11 21 0 1
30 45 19 2 0
4 15 20 0 1
4 22 20 0 1
83 51 16 1 0
38 51 17 1 0
4 11 18 0 1
4 23 14 0 1
46 111 12 1 0
15 111 13 3 0
4 14 14 0 1
17 68 14 5 0
16 67 15 1 0
44 67 16 2 0
43 66 17 2 0
45 65 18 1 0
77 65 19 1 0
76 65 20 1 0
73 65 21 2 0
75 64 22 1 0
55 64 23 1 0
40 64 24 1 0
4 10 25 0 1
30 45 22 2 0
4 15 23 0 1
4 22 23 0 1
84 47 18 1 0
82 47 19 3 0
83 46 20 1 0
38 46 21 1 0
4 11 22 0 1
4 5 20 0 1
85 86 20 1 0
33 86 21 1 0
13 86 22 1 0
26 86 23 1 0
27 86 24 1 0
25 86 25 1 0
39 86 26 1 0
32 86 27 1 0
7 86 28 1 0
31 86 29 1 0
64 86 30 1 0
66 86 31 1 0
5 86 32 1 0
53 86 33 1 0
78 86 34 1 0
79 86 35 1 0
60 86 36 1 0
61 86 37 1 0
10 86 38 1 0
11 86 39 3 0
4 18 40 0 1
63 64 40 1 0
55 64 41 1 0
40 64 42 1 0
4 10 43 0 1
29 44 40 1 0
28 44 41 3 0
4 15 42 0 1
33 2 42 1 0
13 2 43 1 0
26 2 44 1 0
27 2 45 1 0
25 2 46 1 0
39 2 47 1 0
32 2 48 1 0
7 2 49 1 0
31 2 50 1 0
64 2 51 1 0
66 2 52 1 0
5 2 53 1 0
53 2 54 1 0
78 2 55 1 0
79 2 56 1 0
60 2 57 1 0
61 2 58 1 0
62 2 59 1 0
42 2 60 1 0
4 12 61 0 1
4 22 42 0 1
4 24 17 0 1
16 28 15 1 0
44 28 16 2 0
43 27 17 2 0
45 26 18 1 0
77 26 19 1 0
76 26 20 1 0
74 26 21 1 0
71 26 22 1 0
4 11 23 0 1
84 101 18 1 0
82 101 19 3 0
83 99 20 1 0
38 99 21 1 0
4 11 22 0 1
4 5 20 0 1
85 87 20 1 0
33 87 21 1 0
13 87 22 1 0
26 87 23 1 0
27 87 24 1 0
25 87 25 1 0
39 87 26 1 0
32 87 27 1 0
7 87 28 1 0
31 87 29 1 0
64 87 30 1 0
66 87 31 1 0
5 87 32 1 0
53 87 33 1 0
78 87 34 1 0
79 87 35 1 0
60 87 36 1 0
61 87 37 1 0
62 87 38 1 0
80 87 39 5 0
4 18 40 0 1
23 83 40 5 0
38 82 41 1 0
4 11 42 0 1
4 8 41 0 1
38 103 41 1 0
4 11 42 0 1
4 8 41 0 1
38 26 41 1 0
4 11 42 0 1
4 16 40 0 1
8 34 40 1 0
33 34 41 1 0
13 34 42 1 0
26 34 43 1 0
27 34 44 1 0
25 34 45 1 0
39 34 46 1 0
32 34 47 1 0
7 34 48 1 0
31 34 49 1 0
64 34 50 1 0
66 34 51 1 0
5 34 52 1 0
53 34 53 1 0
78 34 54 1 0
79 34 55 1 0
60 34 56 1 0
34 34 57 3 0
6 33 58 1 0
38 33 59 1 0
4 11 60 0 1
4 8 58 0 1
38 63 58 1 0
4 11 59 0 1
4 23 40 0 1
4 24 17 0 1
16 71 15 1 0
44 71 16 2 0
43 70 17 2 0
45 64 18 1 0
77 64 19 1 0
75 64 20 1 0
55 64 21 1 0
40 64 22 1 0
4 10 23 0 1
84 60 18 1 0
82 60 19 3 0
83 54 20 1 0
38 54 21 1 0
4 11 22 0 1
4 5 20 0 1
85 1 20 1 0
33 1 21 1 0
13 1 22 1 0
26 1 23 1 0
27 1 24 1 0
25 1 25 1 0
39 1 26 1 0
32 1 27 1 0
7 1 28 1 0
31 1 29 1 0
64 1 30 1 0
66 1 31 1 0
5 1 32 1 0
53 1 33 1 0
78 1 34 1 0
79 1 35 1 0
60 1 36 1 0
61 1 37 1 0
62 1 38 1 0
42 1 39 1 0
4 12 40 0 1
4 24 17 0 1
16 107 15 1 0
3 107 16 1 0
67 107 17 1 0
86 107 18 5 0
4 43 19 0 1
4 16 19 0 1
33 55 19 1 0
13 55 20 1 0
26 55 21 1 0
27 55 22 1 0
25 55 23 1 0
39 55 24 1 0
32 55 25 1 0
7 55 26 1 0
31 55 27 3 0
31 54 28 1 0
64 54 29 1 0
66 54 30 1 0
5 54 31 1 0
53 54 32 1 0
78 54 33 1 0
79 54 34 1 0
60 54 35 1 0
34 54 36 1 0
38 54 37 1 0
4 11 38 0 1
4 19 28 0 1
64 2 28 1 0
66 2 29 1 0
5 2 30 1 0
53 2 31 1 0
78 2 32 1 0
79 2 33 1 0
60 2 34 1 0
61 2 35 1 0
62 2 36 1 0
42 2 37 1 0
4 12 38 0 1
4 23 19 0 1
3 109 19 1 0
67 109 20 1 0
69 109 21 1 0
15 109 22 3 0
4 14 23 0 1
17 38 23 3 0
16 37 24 1 0
3 37 25 1 0
67 37 26 1 0
69 37 27 1 0
35 37 28 2 0
68 36 29 1 0
50 36 30 6 0
72 35 31 1 0
57 35 32 3 0
38 33 33 1 0
4 11 34 0 1
4 8 33 0 1
57 89 33 1 0
38 89 34 1 0
4 11 35 0 1
4 8 31 0 1
38 90 31 1 0
4 11 32 0 1
4 16 31 0 1
8 0 31 1 0
33 0 32 1 0
13 0 33 1 0
26 0 34 1 0
27 0 35 1 0
25 0 36 1 0
39 0 37 1 0
32 0 38 1 0
7 0 39 1 0
31 0 40 1 0
64 0 41 1 0
66 0 42 1 0
5 0 43 1 0
53 0 44 1 0
78 0 45 1 0
79 0 46 1 0
60 0 47 1 0
61 0 48 1 0
62 0 49 1 0
42 0 50 1 0
4 30 51 0 1
4 23 31 0 1
4 24 29 0 1
16 50 24 1 0
3 50 25 1 0
67 50 26 1 0
69 50 27 1 0
35 50 28 2 0
68 49 29 1 0
12 49 30 3 0
41 48 31 1 0
9 48 32 4 0
34 46 33 1 0
38 46 34 1 0
4 11 35 0 1
4 15 33 0 1
33 54 33 1 0
13 54 34 1 0
26 54 35 1 0
27 54 36 1 0
25 54 37 1 0
39 54 38 1 0
32 54 39 1 0
7 54 40 1 0
31 54 41 1 0
64 54 42 1 0
66 54 43 1 0
5 54 44 1 0
53 54 45 1 0
78 54 46 1 0
79 54 47 1 0
60 54 48 1 0
34 54 49 1 0
38 54 50 1 0
4 11 51 0 1
4 22 33 0 1
14 4 31 1 0
4 5 32 0 1
33 100 31 1 0
13 100 32 1 0
26 100 33 1 0
27 100 34 1 0
25 100 35 1 0
39 100 36 1 0
32 100 37 1 0
7 100 38 1 0
31 100 39 1 0
64 100 40 1 0
66 100 41 1 0
5 100 42 1 0
53 100 43 1 0
78 100 44 1 0
79 100 45 1 0
60 100 46 1 0
61 100 47 1 0
62 100 48 5 0
72 99 49 1 0
57 99 50 1 0
38 99 51 1 0
4 11 52 0 1
4 8 49 0 1
38 88 49 1 0
4 11 50 0 1
4 16 49 0 1
4 23 49 0 1
4 24 29 0 1
16 57 24 1 0
3 57 25 1 0
67 57 26 1 0
69 57 27 1 0
35 57 28 2 0
68 56 29 1 0
59 56 30 2 0
60 54 31 1 0
34 54 32 1 0
38 54 33 1 0
4 11 34 0 1
4 9 31 0 1
4 24 29 0 1
4 21 23 0 1
16 92 15 1 0
3 92 16 1 0
67 92 17 1 0
69 92 18 1 0
35 92 19 2 0
68 91 20 1 0
50 91 21 4 0
52 90 22 1 0
81 90 23 1 0
4 11 24 0 1
4 16 22 0 1
8 46 22 1 0
33 46 23 1 0
13 46 24 1 0
26 46 25 1 0
27 46 26 1 0
25 46 27 1 0
39 46 28 1 0
32 46 29 1 0
7 46 30 1 0
31 46 31 1 0
64 46 32 1 0
66 46 33 1 0
5 46 34 1 0
53 46 35 1 0
78 46 36 1 0
79 46 37 1 0
60 46 38 1 0
34 46 39 1 0
38 46 40 1 0
4 11 41 0 1
4 23 22 0 1
4 24 20 0 1
4 21 14 0 1
4 21 8 0 1
