1 100 0 1 0
25 54 1 1 0
62 54 2 1 0
77 74 3 1 0
0 100 4 1 0
21 74 5 1 0
60 74 6 4 0
23 73 7 1 0
4 20 8 0 1
4 5 7 0 1
78 18 7 1 0
4 12 8 0 1
19 99 7 5 0
4 14 8 0 1
20 81 8 1 0
22 81 9 1 0
37 81 10 4 0
38 80 11 1 0
4 25 12 0 1
84 26 11 1 0
83 26 12 1 0
81 26 13 1 0
78 26 14 1 0
4 12 15 0 1
91 79 11 1 0
89 79 12 3 0
90 77 13 1 0
44 77 14 1 0
4 12 15 0 1
4 4 13 0 1
92 67 13 1 0
34 67 14 1 0
13 67 15 1 0
27 67 16 1 0
28 67 17 1 0
26 67 18 1 0
45 67 19 1 0
33 67 20 1 0
7 67 21 1 0
32 67 22 1 0
70 67 23 1 0
72 67 24 1 0
5 67 25 1 0
59 67 26 1 0
85 67 27 1 0
86 67 28 1 0
66 67 29 1 0
67 67 30 1 0
68 67 31 1 0
87 67 32 5 0
4 19 33 0 1
24 26 33 1 0
44 26 34 1 0
4 12 35 0 1
4 16 33 0 1
8 32 33 1 0
34 32 34 1 0
13 32 35 1 0
27 32 36 1 0
28 32 37 1 0
26 32 38 1 0
45 32 39 1 0
33 32 40 1 0
7 32 41 1 0
32 32 42 1 0
70 32 43 1 0
72 32 44 1 0
5 32 45 1 0
59 32 46 1 0
85 32 47 1 0
86 32 48 1 0
66 32 49 1 0
35 32 50 3 0
6 31 51 1 0
44 31 52 1 0
4 12 53 0 1
4 7 51 0 1
44 55 51 1 0
4 12 52 0 1
4 23 33 0 1
4 24 11 0 1
20 76 8 1 0
22 76 9 1 0
2 100 10 1 0
53 76 11 4 0
57 73 12 1 0
4 20 13 0 1
57 80 12 1 0
4 25 13 0 1
55 88 12 2 0
71 86 13 1 0
4 39 14 0 1
54 85 13 4 0
44 82 14 1 0
4 12 15 0 1
4 16 14 0 1
43 58 14 1 0
42 58 15 2 0
84 57 16 1 0
83 57 17 1 0
80 57 18 2 0
82 56 19 1 0
61 56 20 1 0
46 56 21 1 0
4 11 22 0 1
31 41 19 2 0
4 15 20 0 1
4 22 20 0 1
90 42 16 1 0
44 42 17 1 0
4 12 18 0 1
4 23 14 0 1
52 97 12 1 0
16 97 13 3 0
4 14 14 0 1
18 53 14 1 0
17 53 15 1 0
3 53 16 1 0
73 53 17 1 0
40 53 18 1 0
15 53 19 9 0
4 8 20 0 1
4 16 20 0 1
39 63 20 1 0
49 63 21 2 0
51 56 22 1 0
84 56 23 1 0
82 56 24 1 0
61 56 25 1 0
46 56 26 1 0
4 11 27 0 1
91 94 22 1 0
89 94 23 3 0
90 89 24 1 0
44 89 25 1 0
4 12 26 0 1
4 4 24 0 1
92 2 24 1 0
34 2 25 1 0
13 2 26 1 0
27 2 27 1 0
28 2 28 1 0
26 2 29 1 0
45 2 30 1 0
33 2 31 1 0
7 2 32 1 0
32 2 33 1 0
70 2 34 1 0
72 2 35 1 0
5 2 36 1 0
59 2 37 1 0
85 2 38 1 0
86 2 39 1 0
66 2 40 1 0
67 2 41 1 0
68 2 42 1 0
48 2 43 1 0
4 13 44 0 1
4 24 20 0 1
34 95 20 1 0
13 95 21 1 0
27 95 22 1 0
28 95 23 1 0
26 95 24 1 0
45 95 25 1 0
33 95 26 1 0
7 95 27 1 0
32 95 28 1 0
70 95 29 3 0
70 89 30 1 0
72 89 31 1 0
5 89 32 1 0
59 89 33 1 0
85 89 34 1 0
86 89 35 1 0
66 89 36 1 0
35 89 37 1 0
44 89 38 1 0
4 12 39 0 1
4 9 30 0 1
72 1 30 1 0
5 1 31 1 0
59 1 32 1 0
85 1 33 1 0
86 1 34 1 0
66 1 35 1 0
67 1 36 1 0
68 1 37 1 0
48 1 38 1 0
4 13 39 0 1
4 24 20 0 1
41 91 20 1 0
75 91 21 1 0
74 91 22 1 0
64 91 23 2 0
66 89 24 1 0
35 89 25 1 0
44 89 26 1 0
4 12 27 0 1
4 6 24 0 1
4 23 20 0 1
3 38 20 1 0
73 38 21 1 0
76 38 22 1 0
36 38 23 2 0
74 37 24 1 0
56 37 25 6 0
79 33 26 1 0
63 33 27 3 0
44 31 28 1 0
4 12 29 0 1
4 7 28 0 1
63 70 28 1 0
44 70 29 1 0
4 12 30 0 1
4 7 26 0 1
44 72 26 1 0
4 12 27 0 1
4 16 26 0 1
8 43 26 1 0
34 43 27 1 0
13 43 28 1 0
27 43 29 1 0
28 43 30 1 0
26 43 31 1 0
45 43 32 1 0
33 43 33 1 0
7 43 34 1 0
32 43 35 1 0
70 43 36 1 0
72 43 37 1 0
5 43 38 1 0
59 43 39 1 0
85 43 40 1 0
86 43 41 1 0
66 43 42 1 0
67 43 43 1 0
68 43 44 4 0
35 42 45 1 0
44 42 46 1 0
4 12 47 0 1
4 15 45 0 1
34 89 45 1 0
13 89 46 1 0
27 89 47 1 0
28 89 48 1 0
26 89 49 1 0
45 89 50 1 0
33 89 51 1 0
7 89 52 1 0
32 89 53 1 0
70 89 54 1 0
72 89 55 1 0
5 89 56 1 0
59 89 57 1 0
85 89 58 1 0
86 89 59 1 0
66 89 60 1 0
35 89 61 1 0
44 89 62 1 0
4 12 63 0 1
4 22 45 0 1
4 23 26 0 1
4 24 24 0 1
4 21 14 0 1
20 75 8 1 0
22 75 9 1 0
2 100 10 1 0
53 75 11 4 0
57 73 12 1 0
4 20 13 0 1
57 80 12 1 0
4 25 13 0 1
55 87 12 2 0
71 86 13 1 0
4 39 14 0 1
54 66 13 4 0
44 65 14 1 0
4 12 15 0 1
4 16 14 0 1
43 30 14 1 0
42 30 15 2 0
84 29 16 1 0
83 29 17 1 0
80 29 18 2 0
81 27 19 1 0
78 27 20 1 0
4 12 21 0 1
31 41 19 2 0
4 15 20 0 1
4 22 20 0 1
90 44 16 1 0
44 44 17 1 0
4 12 18 0 1
4 23 14 0 1
52 98 12 1 0
16 98 13 3 0
4 14 14 0 1
18 61 14 3 0
17 60 15 1 0
50 60 16 2 0
49 59 17 2 0
51 56 18 1 0
84 56 19 1 0
82 56 20 1 0
61 56 21 1 0
46 56 22 1 0
4 11 23 0 1
91 48 18 1 0
89 48 19 3 0
90 47 20 2 0
44 45 21 1 0
4 12 22 0 1
31 41 21 2 0
4 15 22 0 1
4 22 22 0 1
4 4 20 0 1
92 68 20 1 0
34 68 21 1 0
13 68 22 1 0
27 68 23 1 0
28 68 24 1 0
26 68 25 1 0
45 68 26 1 0
33 68 27 1 0
7 68 28 1 0
32 68 29 1 0
70 68 30 1 0
72 68 31 1 0
5 68 32 1 0
59 68 33 1 0
85 68 34 1 0
86 68 35 1 0
66 68 36 1 0
67 68 37 1 0
10 68 38 1 0
11 68 39 3 0
4 19 40 0 1
69 56 40 1 0
61 56 41 1 0
46 56 42 1 0
4 11 43 0 1
30 40 40 1 0
29 40 41 3 0
4 15 42 0 1
34 2 42 1 0
13 2 43 1 0
27 2 44 1 0
28 2 45 1 0
26 2 46 1 0
45 2 47 1 0
33 2 48 1 0
7 2 49 1 0
32 2 50 1 0
70 2 51 1 0
72 2 52 1 0
5 2 53 1 0
59 2 54 1 0
85 2 55 1 0
86 2 56 1 0
66 2 57 1 0
67 2 58 1 0
68 2 59 1 0
48 2 60 1 0
4 13 61 0 1
4 22 42 0 1
4 24 17 0 1
17 52 15 1 0
3 52 16 1 0
73 52 17 1 0
40 52 18 1 0
15 52 19 9 0
4 8 20 0 1
4 16 20 0 1
39 62 20 1 0
49 62 21 2 0
51 56 22 1 0
84 56 23 1 0
82 56 24 1 0
61 56 25 1 0
46 56 26 1 0
4 11 27 0 1
91 93 22 1 0
89 93 23 3 0
90 89 24 1 0
44 89 25 1 0
4 12 26 0 1
4 4 24 0 1
92 1 24 1 0
34 1 25 1 0
13 1 26 1 0
27 1 27 1 0
28 1 28 1 0
26 1 29 1 0
45 1 30 1 0
33 1 31 1 0
7 1 32 1 0
32 1 33 1 0
70 1 34 1 0
72 1 35 1 0
5 1 36 1 0
59 1 37 1 0
85 1 38 1 0
86 1 39 1 0
66 1 40 1 0
67 1 41 1 0
68 1 42 1 0
48 1 43 1 0
4 13 44 0 1
4 24 20 0 1
34 92 20 1 0
13 92 21 1 0
27 92 22 1 0
28 92 23 1 0
26 92 24 1 0
45 92 25 1 0
33 92 26 1 0
7 92 27 1 0
32 92 28 1 0
70 92 29 3 0
70 89 30 1 0
72 89 31 1 0
5 89 32 1 0
59 89 33 1 0
85 89 34 1 0
86 89 35 1 0
66 89 36 1 0
35 89 37 1 0
44 89 38 1 0
4 12 39 0 1
4 17 30 0 1
72 46 30 1 0
5 46 31 1 0
59 46 32 1 0
85 46 33 1 0
86 46 34 1 0
66 46 35 1 0
35 46 36 3 0
6 45 37 1 0
44 45 38 1 0
4 12 39 0 1
4 7 37 0 1
44 64 37 1 0
4 12 38 0 1
4 24 20 0 1
41 90 20 1 0
75 90 21 1 0
74 90 22 1 0
65 90 23 2 0
66 89 24 1 0
35 89 25 1 0
44 89 26 1 0
4 12 27 0 1
4 10 24 0 1
4 23 20 0 1
3 96 20 1 0
73 96 21 1 0
76 96 22 1 0
16 96 23 3 0
4 14 24 0 1
18 36 24 2 0
17 35 25 1 0
3 35 26 1 0
73 35 27 1 0
76 35 28 1 0
36 35 29 2 0
74 34 30 1 0
56 34 31 6 0
79 33 32 1 0
63 33 33 3 0
44 31 34 1 0
4 12 35 0 1
4 7 34 0 1
63 70 34 1 0
44 70 35 1 0
4 12 36 0 1
4 7 32 0 1
44 71 32 1 0
4 12 33 0 1
4 16 32 0 1
8 0 32 1 0
34 0 33 1 0
13 0 34 1 0
27 0 35 1 0
28 0 36 1 0
26 0 37 1 0
45 0 38 1 0
33 0 39 1 0
7 0 40 1 0
32 0 41 1 0
70 0 42 1 0
72 0 43 1 0
5 0 44 1 0
59 0 45 1 0
85 0 46 1 0
86 0 47 1 0
66 0 48 1 0
67 0 49 1 0
68 0 50 1 0
48 0 51 1 0
4 28 52 0 1
4 23 32 0 1
4 24 30 0 1
17 51 25 1 0
3 51 26 1 0
73 51 27 1 0
76 51 28 1 0
36 51 29 2 0
74 50 30 1 0
12 50 31 3 0
47 49 32 1 0
9 49 33 4 0
35 45 34 1 0
44 45 35 1 0
4 12 36 0 1
4 15 34 0 1
34 89 34 1 0
13 89 35 1 0
27 89 36 1 0
28 89 37 1 0
26 89 38 1 0
45 89 39 1 0
33 89 40 1 0
7 89 41 1 0
32 89 42 1 0
70 89 43 1 0
72 89 44 1 0
5 89 45 1 0
59 89 46 1 0
85 89 47 1 0
86 89 48 1 0
66 89 49 1 0
35 89 50 1 0
44 89 51 1 0
4 12 52 0 1
4 22 34 0 1
14 3 32 1 0
4 4 33 0 1
34 78 32 1 0
13 78 33 1 0
27 78 34 1 0
28 78 35 1 0
26 78 36 1 0
45 78 37 1 0
33 78 38 1 0
7 78 39 1 0
32 78 40 1 0
70 78 41 1 0
72 78 42 1 0
5 78 43 1 0
59 78 44 1 0
85 78 45 1 0
86 78 46 1 0
66 78 47 1 0
67 78 48 1 0
68 78 49 5 0
79 77 50 1 0
63 77 51 1 0
44 77 52 1 0
4 12 53 0 1
4 7 50 0 1
44 69 50 1 0
4 12 51 0 1
4 16 50 0 1
4 23 50 0 1
4 24 30 0 1
4 21 24 0 1
17 84 15 1 0
3 84 16 1 0
73 84 17 1 0
76 84 18 1 0
36 84 19 2 0
74 83 20 1 0
56 83 21 4 0
58 82 22 1 0
88 82 23 1 0
4 12 24 0 1
4 16 22 0 1
8 45 22 1 0
34 45 23 1 0
13 45 24 1 0
27 45 25 1 0
28 45 26 1 0
26 45 27 1 0
45 45 28 1 0
33 45 29 1 0
7 45 30 1 0
32 45 31 1 0
70 45 32 1 0
72 45 33 1 0
5 45 34 1 0
59 45 35 1 0
85 45 36 1 0
86 45 37 1 0
66 45 38 1 0
35 45 39 1 0
44 45 40 1 0
4 12 41 0 1
4 23 22 0 1
4 24 20 0 1
4 21 14 0 1
4 21 8 0 1
