1 89 0 1 0
25 55 1 1 0
59 55 2 1 0
74 71 3 1 0
0 89 4 1 0
21 71 5 1 0
57 71 6 4 0
23 70 7 1 0
4 21 8 0 1
4 6 7 0 1
75 19 7 1 0
4 13 8 0 1
19 88 7 3 0
4 15 8 0 1
20 72 8 1 0
22 72 9 1 0
2 89 10 1 0
51 72 11 4 0
55 70 12 1 0
4 21 13 0 1
55 76 12 1 0
4 26 13 0 1
53 78 12 2 0
68 77 13 1 0
4 43 14 0 1
52 63 13 4 0
42 62 14 1 0
4 13 15 0 1
4 17 14 0 1
41 34 14 1 0
40 34 15 2 0
81 33 16 1 0
80 33 17 1 0
77 33 18 2 0
78 31 19 1 0
75 31 20 1 0
4 13 21 0 1
31 45 19 2 0
4 16 20 0 1
4 23 20 0 1
86 46 16 1 0
42 46 17 1 0
4 13 18 0 1
4 24 14 0 1
50 86 12 1 0
16 86 13 3 0
4 15 14 0 1
18 30 14 4 0
17 29 15 1 0
48 29 16 2 0
47 28 17 2 0
49 27 18 1 0
81 27 19 1 0
80 27 20 1 0
78 27 21 1 0
75 27 22 1 0
4 13 23 0 1
87 75 18 1 0
85 75 19 3 0
86 73 20 1 0
42 73 21 1 0
4 13 22 0 1
4 5 20 0 1
88 64 20 1 0
34 64 21 1 0
13 64 22 1 0
27 64 23 1 0
28 64 24 1 0
26 64 25 1 0
43 64 26 1 0
33 64 27 1 0
7 64 28 1 0
32 64 29 1 0
67 64 30 1 0
69 64 31 1 0
5 64 32 1 0
56 64 33 1 0
82 64 34 1 0
83 64 35 1 0
63 64 36 1 0
64 64 37 1 0
65 64 38 1 0
84 64 39 5 0
4 20 40 0 1
24 27 40 1 0
42 27 41 1 0
4 13 42 0 1
4 17 40 0 1
8 36 40 1 0
34 36 41 1 0
13 36 42 1 0
27 36 43 1 0
28 36 44 1 0
26 36 45 1 0
43 36 46 1 0
33 36 47 1 0
7 36 48 1 0
32 36 49 1 0
67 36 50 1 0
69 36 51 1 0
5 36 52 1 0
56 36 53 1 0
82 36 54 1 0
83 36 55 1 0
63 36 56 1 0
35 36 57 3 0
6 35 58 1 0
42 35 59 1 0
4 13 60 0 1
4 8 58 0 1
42 56 58 1 0
4 13 59 0 1
4 24 40 0 1
4 25 17 0 1
17 59 15 1 0
48 59 16 2 0
47 58 17 2 0
49 57 18 1 0
81 57 19 1 0
79 57 20 1 0
58 57 21 1 0
44 57 22 1 0
4 12 23 0 1
87 49 18 1 0
85 49 19 3 0
86 48 20 2 0
42 47 21 1 0
4 13 22 0 1
31 45 21 2 0
4 16 22 0 1
4 23 22 0 1
4 5 20 0 1
88 65 20 1 0
34 65 21 1 0
13 65 22 1 0
27 65 23 1 0
28 65 24 1 0
26 65 25 1 0
43 65 26 1 0
33 65 27 1 0
7 65 28 1 0
32 65 29 1 0
67 65 30 1 0
69 65 31 1 0
5 65 32 1 0
56 65 33 1 0
82 65 34 1 0
83 65 35 1 0
63 65 36 1 0
64 65 37 1 0
10 65 38 1 0
11 65 39 3 0
4 20 40 0 1
66 57 40 1 0
58 57 41 1 0
44 57 42 1 0
4 12 43 0 1
30 44 40 1 0
29 44 41 3 0
4 16 42 0 1
34 2 42 1 0
13 2 43 1 0
27 2 44 1 0
28 2 45 1 0
26 2 46 1 0
43 2 47 1 0
33 2 48 1 0
7 2 49 1 0
32 2 50 1 0
67 2 51 1 0
69 2 52 1 0
5 2 53 1 0
56 2 54 1 0
82 2 55 1 0
83 2 56 1 0
63 2 57 1 0
64 2 58 1 0
65 2 59 1 0
46 2 60 1 0
4 14 61 0 1
4 23 42 0 1
4 25 17 0 1
17 53 15 1 0
3 53 16 1 0
70 53 17 1 0
38 53 18 1 0
15 53 19 9 0
4 9 20 0 1
4 17 20 0 1
37 60 20 1 0
47 60 21 2 0
49 57 22 1 0
81 57 23 1 0
79 57 24 1 0
58 57 25 1 0
44 57 26 1 0
4 12 27 0 1
87 83 22 1 0
85 83 23 3 0
86 79 24 1 0
42 79 25 1 0
4 13 26 0 1
4 5 24 0 1
88 1 24 1 0
34 1 25 1 0
13 1 26 1 0
27 1 27 1 0
28 1 28 1 0
26 1 29 1 0
43 1 30 1 0
33 1 31 1 0
7 1 32 1 0
32 1 33 1 0
67 1 34 1 0
69 1 35 1 0
5 1 36 1 0
56 1 37 1 0
82 1 38 1 0
83 1 39 1 0
63 1 40 1 0
64 1 41 1 0
65 1 42 1 0
46 1 43 1 0
4 14 44 0 1
4 25 20 0 1
34 82 20 1 0
13 82 21 1 0
27 82 22 1 0
28 82 23 1 0
26 82 24 1 0
43 82 25 1 0
33 82 26 1 0
7 82 27 1 0
32 82 28 1 0
67 82 29 3 0
67 79 30 1 0
69 79 31 1 0
5 79 32 1 0
56 79 33 1 0
82 79 34 1 0
83 79 35 1 0
63 79 36 1 0
35 79 37 1 0
42 79 38 1 0
4 13 39 0 1
4 18 30 0 1
69 2 30 1 0
5 2 31 1 0
56 2 32 1 0
82 2 33 1 0
83 2 34 1 0
63 2 35 1 0
64 2 36 1 0
65 2 37 1 0
46 2 38 1 0
4 14 39 0 1
4 25 20 0 1
39 80 20 1 0
72 80 21 1 0
71 80 22 1 0
62 80 23 2 0
63 79 24 1 0
35 79 25 1 0
42 79 26 1 0
4 13 27 0 1
4 11 24 0 1
4 24 20 0 1
3 87 20 1 0
70 87 21 1 0
73 87 22 1 0
16 87 23 3 0
4 15 24 0 1
18 40 24 2 0
17 39 25 1 0
3 39 26 1 0
70 39 27 1 0
73 39 28 1 0
36 39 29 2 0
71 38 30 1 0
54 38 31 6 0
76 37 32 1 0
60 37 33 3 0
42 35 34 1 0
4 13 35 0 1
4 8 34 0 1
60 67 34 1 0
42 67 35 1 0
4 13 36 0 1
4 8 32 0 1
42 68 32 1 0
4 13 33 0 1
4 17 32 0 1
8 0 32 1 0
34 0 33 1 0
13 0 34 1 0
27 0 35 1 0
28 0 36 1 0
26 0 37 1 0
43 0 38 1 0
33 0 39 1 0
7 0 40 1 0
32 0 41 1 0
67 0 42 1 0
69 0 43 1 0
5 0 44 1 0
56 0 45 1 0
82 0 46 1 0
83 0 47 1 0
63 0 48 1 0
64 0 49 1 0
65 0 50 1 0
46 0 51 1 0
4 32 52 0 1
4 24 32 0 1
4 25 30 0 1
17 52 25 1 0
3 52 26 1 0
70 52 27 1 0
73 52 28 1 0
36 52 29 2 0
71 51 30 1 0
12 51 31 3 0
45 50 32 1 0
9 50 33 4 0
35 47 34 1 0
42 47 35 1 0
4 13 36 0 1
4 16 34 0 1
34 79 34 1 0
13 79 35 1 0
27 79 36 1 0
28 79 37 1 0
26 79 38 1 0
43 79 39 1 0
33 79 40 1 0
7 79 41 1 0
32 79 42 1 0
67 79 43 1 0
69 79 44 1 0
5 79 45 1 0
56 79 46 1 0
82 79 47 1 0
83 79 48 1 0
63 79 49 1 0
35 79 50 1 0
42 79 51 1 0
4 13 52 0 1
4 23 34 0 1
14 4 32 1 0
4 5 33 0 1
34 74 32 1 0
13 74 33 1 0
27 74 34 1 0
28 74 35 1 0
26 74 36 1 0
43 74 37 1 0
33 74 38 1 0
7 74 39 1 0
32 74 40 1 0
67 74 41 1 0
69 74 42 1 0
5 74 43 1 0
56 74 44 1 0
82 74 45 1 0
83 74 46 1 0
63 74 47 1 0
64 74 48 1 0
65 74 49 5 0
76 73 50 1 0
60 73 51 1 0
42 73 52 1 0
4 13 53 0 1
4 8 50 0 1
42 66 50 1 0
4 13 51 0 1
4 17 50 0 1
4 24 50 0 1
4 25 30 0 1
4 22 24 0 1
17 54 15 1 0
3 54 16 1 0
70 54 17 1 0
38 54 18 1 0
15 54 19 9 0
4 9 20 0 1
4 17 20 0 1
37 61 20 1 0
47 61 21 2 0
49 57 22 1 0
81 57 23 1 0
79 57 24 1 0
58 57 25 1 0
44 57 26 1 0
4 12 27 0 1
87 84 22 1 0
85 84 23 3 0
86 79 24 1 0
42 79 25 1 0
4 13 26 0 1
4 5 24 0 1
88 3 24 1 0
34 3 25 1 0
13 3 26 1 0
27 3 27 1 0
28 3 28 1 0
26 3 29 1 0
43 3 30 1 0
33 3 31 1 0
7 3 32 1 0
32 3 33 1 0
67 3 34 1 0
69 3 35 1 0
5 3 36 1 0
56 3 37 1 0
82 3 38 1 0
83 3 39 1 0
63 3 40 1 0
64 3 41 1 0
65 3 42 1 0
46 3 43 1 0
4 14 44 0 1
4 25 20 0 1
34 85 20 1 0
13 85 21 1 0
27 85 22 1 0
28 85 23 1 0
26 85 24 1 0
43 85 25 1 0
33 85 26 1 0
7 85 27 1 0
32 85 28 1 0
67 85 29 3 0
67 79 30 1 0
69 79 31 1 0
5 79 32 1 0
56 79 33 1 0
82 79 34 1 0
83 79 35 1 0
63 79 36 1 0
35 79 37 1 0
42 79 38 1 0
4 13 39 0 1
4 10 30 0 1
69 1 30 1 0
5 1 31 1 0
56 1 32 1 0
82 1 33 1 0
83 1 34 1 0
63 1 35 1 0
64 1 36 1 0
65 1 37 1 0
46 1 38 1 0
4 14 39 0 1
4 25 20 0 1
39 81 20 1 0
72 81 21 1 0
71 81 22 1 0
61 81 23 2 0
63 79 24 1 0
35 79 25 1 0
42 79 26 1 0
4 13 27 0 1
4 7 24 0 1
4 24 20 0 1
3 42 20 1 0
70 42 21 1 0
73 42 22 1 0
36 42 23 2 0
71 41 24 1 0
54 41 25 6 0
76 37 26 1 0
60 37 27 3 0
42 35 28 1 0
4 13 29 0 1
4 8 28 0 1
60 67 28 1 0
42 67 29 1 0
4 13 30 0 1
4 8 26 0 1
42 69 26 1 0
4 13 27 0 1
4 17 26 0 1
8 50 26 1 0
34 50 27 1 0
13 50 28 1 0
27 50 29 1 0
28 50 30 1 0
26 50 31 1 0
43 50 32 1 0
33 50 33 1 0
7 50 34 1 0
32 50 35 1 0
67 50 36 1 0
69 50 37 1 0
5 50 38 1 0
56 50 39 1 0
82 50 40 1 0
83 50 41 1 0
63 50 42 1 0
64 50 43 1 0
65 50 44 4 0
35 47 45 1 0
42 47 46 1 0
4 13 47 0 1
4 16 45 0 1
34 79 45 1 0
13 79 46 1 0
27 79 47 1 0
28 79 48 1 0
26 79 49 1 0
43 79 50 1 0
33 79 51 1 0
7 79 52 1 0
32 79 53 1 0
67 79 54 1 0
69 79 55 1 0
5 79 56 1 0
56 79 57 1 0
82 79 58 1 0
83 79 59 1 0
63 79 60 1 0
35 79 61 1 0
42 79 62 1 0
4 13 63 0 1
4 23 45 0 1
4 24 26 0 1
4 25 24 0 1
4 22 14 0 1
4 22 8 0 1
