1 90 0 1 0
25 61 1 1 0
59 61 2 1 0
74 81 3 1 0
0 90 4 1 0
21 81 5 1 0
57 81 6 4 0
23 80 7 1 0
4 21 8 0 1
4 6 7 0 1
75 15 7 1 0
4 13 8 0 1
19 89 7 3 0
4 16 8 0 1
20 82 8 1 0
22 82 9 1 0
2 90 10 1 0
51 82 11 4 0
55 80 12 1 0
4 21 13 0 1
55 83 12 1 0
4 26 13 0 1
53 85 12 2 0
68 84 13 1 0
4 43 14 0 1
52 73 13 4 0
42 72 14 1 0
4 13 15 0 1
4 18 14 0 1
41 34 14 1 0
40 34 15 2 0
81 33 16 1 0
80 33 17 1 0
77 33 18 2 0
78 31 19 1 0
75 31 20 1 0
4 13 21 0 1
31 45 19 2 0
4 17 20 0 1
4 23 20 0 1
86 46 16 1 0
42 46 17 1 0
4 13 18 0 1
4 24 14 0 1
50 86 12 1 0
16 86 13 3 0
4 16 14 0 1
18 30 14 4 0
17 29 15 1 0
48 29 16 2 0
47 28 17 2 0
49 27 18 1 0
81 27 19 1 0
80 27 20 1 0
78 27 21 1 0
75 27 22 1 0
4 13 23 0 1
87 65 18 1 0
85 65 19 3 0
86 63 20 1 0
42 63 21 1 0
4 13 22 0 1
4 5 20 0 1
88 74 20 1 0
34 74 21 1 0
13 74 22 1 0
27 74 23 1 0
28 74 24 1 0
26 74 25 1 0
43 74 26 1 0
33 74 27 1 0
7 74 28 1 0
32 74 29 1 0
67 74 30 1 0
69 74 31 1 0
5 74 32 1 0
56 74 33 1 0
82 74 34 1 0
83 74 35 1 0
63 74 36 1 0
64 74 37 1 0
65 74 38 1 0
84 74 39 5 0
4 20 40 0 1
24 27 40 1 0
42 27 41 1 0
4 13 42 0 1
4 18 40 0 1
8 36 40 1 0
34 36 41 1 0
13 36 42 1 0
27 36 43 1 0
28 36 44 1 0
26 36 45 1 0
43 36 46 1 0
33 36 47 1 0
7 36 48 1 0
32 36 49 1 0
67 36 50 1 0
69 36 51 1 0
5 36 52 1 0
56 36 53 1 0
82 36 54 1 0
83 36 55 1 0
63 36 56 1 0
35 36 57 3 0
6 35 58 1 0
42 35 59 1 0
4 13 60 0 1
4 8 58 0 1
42 62 58 1 0
4 13 59 0 1
4 24 40 0 1
4 25 17 0 1
17 69 15 1 0
48 69 16 2 0
47 68 17 2 0
49 67 18 1 0
81 67 19 1 0
80 67 20 1 0
77 67 21 2 0
79 66 22 1 0
58 66 23 1 0
44 66 24 1 0
4 12 25 0 1
31 45 22 2 0
4 17 23 0 1
4 23 23 0 1
87 48 18 1 0
85 48 19 3 0
86 47 20 1 0
42 47 21 1 0
4 13 22 0 1
4 5 20 0 1
88 75 20 1 0
34 75 21 1 0
13 75 22 1 0
27 75 23 1 0
28 75 24 1 0
26 75 25 1 0
43 75 26 1 0
33 75 27 1 0
7 75 28 1 0
32 75 29 1 0
67 75 30 1 0
69 75 31 1 0
5 75 32 1 0
56 75 33 1 0
82 75 34 1 0
83 75 35 1 0
63 75 36 1 0
64 75 37 1 0
10 75 38 1 0
11 75 39 3 0
4 20 40 0 1
66 66 40 1 0
58 66 41 1 0
44 66 42 1 0
4 12 43 0 1
30 44 40 1 0
29 44 41 3 0
4 17 42 0 1
34 2 42 1 0
13 2 43 1 0
27 2 44 1 0
28 2 45 1 0
26 2 46 1 0
43 2 47 1 0
33 2 48 1 0
7 2 49 1 0
32 2 50 1 0
67 2 51 1 0
69 2 52 1 0
5 2 53 1 0
56 2 54 1 0
82 2 55 1 0
83 2 56 1 0
63 2 57 1 0
64 2 58 1 0
65 2 59 1 0
46 2 60 1 0
4 14 61 0 1
4 23 42 0 1
4 25 17 0 1
17 52 15 1 0
3 52 16 1 0
70 52 17 1 0
38 52 18 1 0
15 52 19 9 0
4 9 20 0 1
4 18 20 0 1
37 70 20 1 0
47 70 21 2 0
49 66 22 1 0
81 66 23 1 0
79 66 24 1 0
58 66 25 1 0
44 66 26 1 0
4 12 27 0 1
87 58 22 1 0
85 58 23 3 0
86 54 24 1 0
42 54 25 1 0
4 13 26 0 1
4 5 24 0 1
88 1 24 1 0
34 1 25 1 0
13 1 26 1 0
27 1 27 1 0
28 1 28 1 0
26 1 29 1 0
43 1 30 1 0
33 1 31 1 0
7 1 32 1 0
32 1 33 1 0
67 1 34 1 0
69 1 35 1 0
5 1 36 1 0
56 1 37 1 0
82 1 38 1 0
83 1 39 1 0
63 1 40 1 0
64 1 41 1 0
65 1 42 1 0
46 1 43 1 0
4 14 44 0 1
4 25 20 0 1
34 57 20 1 0
13 57 21 1 0
27 57 22 1 0
28 57 23 1 0
26 57 24 1 0
43 57 25 1 0
33 57 26 1 0
7 57 27 1 0
32 57 28 1 0
67 57 29 3 0
67 54 30 1 0
69 54 31 1 0
5 54 32 1 0
56 54 33 1 0
82 54 34 1 0
83 54 35 1 0
63 54 36 1 0
35 54 37 1 0
42 54 38 1 0
4 13 39 0 1
4 19 30 0 1
69 2 30 1 0
5 2 31 1 0
56 2 32 1 0
82 2 33 1 0
83 2 34 1 0
63 2 35 1 0
64 2 36 1 0
65 2 37 1 0
46 2 38 1 0
4 14 39 0 1
4 25 20 0 1
39 55 20 1 0
72 55 21 1 0
71 55 22 1 0
62 55 23 2 0
63 54 24 1 0
35 54 25 1 0
42 54 26 1 0
4 13 27 0 1
4 11 24 0 1
4 24 20 0 1
3 87 20 1 0
70 87 21 1 0
73 87 22 1 0
16 87 23 3 0
4 16 24 0 1
18 40 24 2 0
17 39 25 1 0
3 39 26 1 0
70 39 27 1 0
73 39 28 1 0
36 39 29 2 0
71 38 30 1 0
54 38 31 6 0
76 37 32 1 0
60 37 33 3 0
42 35 34 1 0
4 13 35 0 1
4 8 34 0 1
60 77 34 1 0
42 77 35 1 0
4 13 36 0 1
4 8 32 0 1
42 78 32 1 0
4 13 33 0 1
4 18 32 0 1
8 0 32 1 0
34 0 33 1 0
13 0 34 1 0
27 0 35 1 0
28 0 36 1 0
26 0 37 1 0
43 0 38 1 0
33 0 39 1 0
7 0 40 1 0
32 0 41 1 0
67 0 42 1 0
69 0 43 1 0
5 0 44 1 0
56 0 45 1 0
82 0 46 1 0
83 0 47 1 0
63 0 48 1 0
64 0 49 1 0
65 0 50 1 0
46 0 51 1 0
4 32 52 0 1
4 24 32 0 1
4 25 30 0 1
17 51 25 1 0
3 51 26 1 0
70 51 27 1 0
73 51 28 1 0
36 51 29 2 0
71 50 30 1 0
12 50 31 3 0
45 49 32 1 0
9 49 33 4 0
35 47 34 1 0
42 47 35 1 0
4 13 36 0 1
4 17 34 0 1
34 54 34 1 0
13 54 35 1 0
27 54 36 1 0
28 54 37 1 0
26 54 38 1 0
43 54 39 1 0
33 54 40 1 0
7 54 41 1 0
32 54 42 1 0
67 54 43 1 0
69 54 44 1 0
5 54 45 1 0
56 54 46 1 0
82 54 47 1 0
83 54 48 1 0
63 54 49 1 0
35 54 50 1 0
42 54 51 1 0
4 13 52 0 1
4 23 34 0 1
14 4 32 1 0
4 5 33 0 1
34 64 32 1 0
13 64 33 1 0
27 64 34 1 0
28 64 35 1 0
26 64 36 1 0
43 64 37 1 0
33 64 38 1 0
7 64 39 1 0
32 64 40 1 0
67 64 41 1 0
69 64 42 1 0
5 64 43 1 0
56 64 44 1 0
82 64 45 1 0
83 64 46 1 0
63 64 47 1 0
64 64 48 1 0
65 64 49 5 0
76 63 50 1 0
60 63 51 1 0
42 63 52 1 0
4 13 53 0 1
4 8 50 0 1
42 76 50 1 0
4 13 51 0 1
4 18 50 0 1
4 24 50 0 1
4 25 30 0 1
4 22 24 0 1
17 53 15 1 0
3 53 16 1 0
70 53 17 1 0
38 53 18 1 0
15 53 19 9 0
4 9 20 0 1
4 18 20 0 1
37 71 20 1 0
47 71 21 2 0
49 66 22 1 0
81 66 23 1 0
79 66 24 1 0
58 66 25 1 0
44 66 26 1 0
4 12 27 0 1
87 59 22 1 0
85 59 23 3 0
86 54 24 1 0
42 54 25 1 0
4 13 26 0 1
4 5 24 0 1
88 3 24 1 0
34 3 25 1 0
13 3 26 1 0
27 3 27 1 0
28 3 28 1 0
26 3 29 1 0
43 3 30 1 0
33 3 31 1 0
7 3 32 1 0
32 3 33 1 0
67 3 34 1 0
69 3 35 1 0
5 3 36 1 0
56 3 37 1 0
82 3 38 1 0
83 3 39 1 0
63 3 40 1 0
64 3 41 1 0
65 3 42 1 0
46 3 43 1 0
4 14 44 0 1
4 25 20 0 1
34 60 20 1 0
13 60 21 1 0
27 60 22 1 0
28 60 23 1 0
26 60 24 1 0
43 60 25 1 0
33 60 26 1 0
7 60 27 1 0
32 60 28 1 0
67 60 29 3 0
67 54 30 1 0
69 54 31 1 0
5 54 32 1 0
56 54 33 1 0
82 54 34 1 0
83 54 35 1 0
63 54 36 1 0
35 54 37 1 0
42 54 38 1 0
4 13 39 0 1
4 10 30 0 1
69 1 30 1 0
5 1 31 1 0
56 1 32 1 0
82 1 33 1 0
83 1 34 1 0
63 1 35 1 0
64 1 36 1 0
65 1 37 1 0
46 1 38 1 0
4 14 39 0 1
4 25 20 0 1
39 56 20 1 0
72 56 21 1 0
71 56 22 1 0
61 56 23 2 0
63 54 24 1 0
35 54 25 1 0
42 54 26 1 0
4 13 27 0 1
4 7 24 0 1
4 24 20 0 1
3 88 20 1 0
70 88 21 1 0
73 88 22 1 0
16 88 23 3 0
4 16 24 0 1
18 42 24 1 0
17 42 25 1 0
3 42 26 1 0
70 42 27 1 0
73 42 28 1 0
36 42 29 2 0
71 41 30 1 0
54 41 31 6 0
76 37 32 1 0
60 37 33 3 0
42 35 34 1 0
4 13 35 0 1
4 8 34 0 1
60 77 34 1 0
42 77 35 1 0
4 13 36 0 1
4 8 32 0 1
42 79 32 1 0
4 13 33 0 1
4 18 32 0 1
8 49 32 1 0
34 49 33 1 0
13 49 34 1 0
27 49 35 1 0
28 49 36 1 0
26 49 37 1 0
43 49 38 1 0
33 49 39 1 0
7 49 40 1 0
32 49 41 1 0
67 49 42 1 0
69 49 43 1 0
5 49 44 1 0
56 49 45 1 0
82 49 46 1 0
83 49 47 1 0
63 49 48 1 0
64 49 49 1 0
65 49 50 4 0
35 47 51 1 0
42 47 52 1 0
4 13 53 0 1
4 17 51 0 1
34 54 51 1 0
13 54 52 1 0
27 54 53 1 0
28 54 54 1 0
26 54 55 1 0
43 54 56 1 0
33 54 57 1 0
7 54 58 1 0
32 54 59 1 0
67 54 60 1 0
69 54 61 1 0
5 54 62 1 0
56 54 63 1 0
82 54 64 1 0
83 54 65 1 0
63 54 66 1 0
35 54 67 1 0
42 54 68 1 0
4 13 69 0 1
4 23 51 0 1
4 24 32 0 1
4 25 30 0 1
4 22 24 0 1
4 22 14 0 1
4 22 8 0 1
