1 108 0 1 0
24 63 1 1 0
56 63 2 1 0
70 90 3 1 0
0 108 4 1 0
20 90 5 1 0
54 90 6 4 0
22 89 7 1 0
4 20 8 0 1
4 6 7 0 1
71 14 7 1 0
4 12 8 0 1
18 107 7 4 0
4 15 8 0 1
19 92 8 1 0
21 92 9 1 0
2 108 10 1 0
47 92 11 4 0
51 89 12 1 0
4 20 13 0 1
51 96 12 1 0
4 25 13 0 1
49 100 12 2 0
65 98 13 1 0
4 42 14 0 1
48 87 13 4 0
38 84 14 1 0
4 12 15 0 1
4 17 14 0 1
37 70 14 1 0
36 70 15 2 0
77 66 16 1 0
76 66 17 1 0
73 66 18 2 0
75 65 19 1 0
55 65 20 1 0
40 65 21 1 0
4 11 22 0 1
30 45 19 2 0
4 16 20 0 1
4 22 20 0 1
83 52 16 1 0
38 52 17 1 0
4 12 18 0 1
4 23 14 0 1
46 106 12 1 0
15 106 13 3 0
4 15 14 0 1
17 75 14 2 0
16 74 15 1 0
44 74 16 2 0
43 73 17 2 0
45 65 18 1 0
77 65 19 1 0
75 65 20 1 0
55 65 21 1 0
40 65 22 1 0
4 11 23 0 1
84 61 18 1 0
82 61 19 3 0
83 54 20 1 0
38 54 21 1 0
4 12 22 0 1
4 5 20 0 1
85 3 20 1 0
33 3 21 1 0
13 3 22 1 0
26 3 23 1 0
27 3 24 1 0
25 3 25 1 0
39 3 26 1 0
32 3 27 1 0
7 3 28 1 0
31 3 29 1 0
64 3 30 1 0
66 3 31 1 0
5 3 32 1 0
53 3 33 1 0
78 3 34 1 0
79 3 35 1 0
60 3 36 1 0
61 3 37 1 0
62 3 38 1 0
42 3 39 1 0
4 13 40 0 1
4 24 17 0 1
16 102 15 1 0
3 102 16 1 0
67 102 17 1 0
86 102 18 5 0
4 43 19 0 1
4 17 19 0 1
33 62 19 1 0
13 62 20 1 0
26 62 21 1 0
27 62 22 1 0
25 62 23 1 0
39 62 24 1 0
32 62 25 1 0
7 62 26 1 0
31 62 27 1 0
64 62 28 3 0
64 54 29 1 0
66 54 30 1 0
5 54 31 1 0
53 54 32 1 0
78 54 33 1 0
79 54 34 1 0
60 54 35 1 0
34 54 36 1 0
38 54 37 1 0
4 12 38 0 1
4 9 29 0 1
66 1 29 1 0
5 1 30 1 0
53 1 31 1 0
78 1 32 1 0
79 1 33 1 0
60 1 34 1 0
61 1 35 1 0
62 1 36 1 0
42 1 37 1 0
4 13 38 0 1
4 23 19 0 1
3 104 19 1 0
67 104 20 1 0
69 104 21 1 0
15 104 22 3 0
4 15 23 0 1
17 41 23 2 0
16 40 24 1 0
3 40 25 1 0
67 40 26 1 0
69 40 27 1 0
35 40 28 2 0
68 39 29 1 0
50 39 30 6 0
72 35 31 1 0
57 35 32 3 0
38 33 33 1 0
4 12 34 0 1
4 8 33 0 1
57 83 33 1 0
38 83 34 1 0
4 12 35 0 1
4 8 31 0 1
38 88 31 1 0
4 12 32 0 1
4 17 31 0 1
8 53 31 1 0
33 53 32 1 0
13 53 33 1 0
26 53 34 1 0
27 53 35 1 0
25 53 36 1 0
39 53 37 1 0
32 53 38 1 0
7 53 39 1 0
31 53 40 1 0
64 53 41 1 0
66 53 42 1 0
5 53 43 1 0
53 53 44 1 0
78 53 45 1 0
79 53 46 1 0
60 53 47 1 0
61 53 48 1 0
62 53 49 4 0
34 52 50 1 0
38 52 51 1 0
4 12 52 0 1
4 16 50 0 1
33 54 50 1 0
13 54 51 1 0
26 54 52 1 0
27 54 53 1 0
25 54 54 1 0
39 54 55 1 0
32 54 56 1 0
7 54 57 1 0
31 54 58 1 0
64 54 59 1 0
66 54 60 1 0
5 54 61 1 0
53 54 62 1 0
78 54 63 1 0
79 54 64 1 0
60 54 65 1 0
34 54 66 1 0
38 54 67 1 0
4 12 68 0 1
4 22 50 0 1
4 23 31 0 1
4 24 29 0 1
16 59 24 1 0
3 59 25 1 0
67 59 26 1 0
69 59 27 1 0
35 59 28 2 0
68 58 29 1 0
58 58 30 2 0
60 54 31 1 0
34 54 32 1 0
38 54 33 1 0
4 12 34 0 1
4 7 31 0 1
4 24 29 0 1
4 21 23 0 1
4 21 14 0 1
19 91 8 1 0
21 91 9 1 0
2 108 10 1 0
47 91 11 4 0
51 89 12 1 0
4 20 13 0 1
51 96 12 1 0
4 25 13 0 1
49 99 12 2 0
65 98 13 1 0
4 42 14 0 1
48 79 13 4 0
38 78 14 1 0
4 12 15 0 1
4 17 14 0 1
37 32 14 1 0
36 32 15 2 0
77 31 16 1 0
76 31 17 1 0
73 31 18 2 0
74 29 19 1 0
71 29 20 1 0
4 12 21 0 1
30 45 19 2 0
4 16 20 0 1
4 22 20 0 1
83 51 16 1 0
38 51 17 1 0
4 12 18 0 1
4 23 14 0 1
46 105 12 1 0
15 105 13 3 0
4 15 14 0 1
17 69 14 5 0
16 68 15 1 0
44 68 16 2 0
43 67 17 2 0
45 66 18 1 0
77 66 19 1 0
76 66 20 1 0
73 66 21 2 0
75 65 22 1 0
55 65 23 1 0
40 65 24 1 0
4 11 25 0 1
30 45 22 2 0
4 16 23 0 1
4 22 23 0 1
84 47 18 1 0
82 47 19 3 0
83 46 20 1 0
38 46 21 1 0
4 12 22 0 1
4 5 20 0 1
85 80 20 1 0
33 80 21 1 0
13 80 22 1 0
26 80 23 1 0
27 80 24 1 0
25 80 25 1 0
39 80 26 1 0
32 80 27 1 0
7 80 28 1 0
31 80 29 1 0
64 80 30 1 0
66 80 31 1 0
5 80 32 1 0
53 80 33 1 0
78 80 34 1 0
79 80 35 1 0
60 80 36 1 0
61 80 37 1 0
10 80 38 1 0
11 80 39 3 0
4 18 40 0 1
63 65 40 1 0
55 65 41 1 0
40 65 42 1 0
4 11 43 0 1
29 44 40 1 0
28 44 41 3 0
4 16 42 0 1
33 2 42 1 0
13 2 43 1 0
26 2 44 1 0
27 2 45 1 0
25 2 46 1 0
39 2 47 1 0
32 2 48 1 0
7 2 49 1 0
31 2 50 1 0
64 2 51 1 0
66 2 52 1 0
5 2 53 1 0
53 2 54 1 0
78 2 55 1 0
79 2 56 1 0
60 2 57 1 0
61 2 58 1 0
62 2 59 1 0
42 2 60 1 0
4 13 61 0 1
4 22 42 0 1
4 24 17 0 1
16 28 15 1 0
44 28 16 2 0
43 27 17 2 0
45 26 18 1 0
77 26 19 1 0
76 26 20 1 0
74 26 21 1 0
71 26 22 1 0
4 12 23 0 1
84 95 18 1 0
82 95 19 3 0
83 93 20 1 0
38 93 21 1 0
4 12 22 0 1
4 5 20 0 1
85 81 20 1 0
33 81 21 1 0
13 81 22 1 0
26 81 23 1 0
27 81 24 1 0
25 81 25 1 0
39 81 26 1 0
32 81 27 1 0
7 81 28 1 0
31 81 29 1 0
64 81 30 1 0
66 81 31 1 0
5 81 32 1 0
53 81 33 1 0
78 81 34 1 0
79 81 35 1 0
60 81 36 1 0
61 81 37 1 0
62 81 38 1 0
80 81 39 5 0
4 18 40 0 1
23 77 40 5 0
38 76 41 1 0
4 12 42 0 1
4 8 41 0 1
38 97 41 1 0
4 12 42 0 1
4 8 41 0 1
38 26 41 1 0
4 12 42 0 1
4 17 40 0 1
8 34 40 1 0
33 34 41 1 0
13 34 42 1 0
26 34 43 1 0
27 34 44 1 0
25 34 45 1 0
39 34 46 1 0
32 34 47 1 0
7 34 48 1 0
31 34 49 1 0
64 34 50 1 0
66 34 51 1 0
5 34 52 1 0
53 34 53 1 0
78 34 54 1 0
79 34 55 1 0
60 34 56 1 0
34 34 57 3 0
6 33 58 1 0
38 33 59 1 0
4 12 60 0 1
4 8 58 0 1
38 64 58 1 0
4 12 59 0 1
4 23 40 0 1
4 24 17 0 1
16 72 15 1 0
44 72 16 2 0
43 71 17 2 0
45 65 18 1 0
77 65 19 1 0
75 65 20 1 0
55 65 21 1 0
40 65 22 1 0
4 11 23 0 1
84 60 18 1 0
82 60 19 3 0
83 54 20 1 0
38 54 21 1 0
4 12 22 0 1
4 5 20 0 1
85 1 20 1 0
33 1 21 1 0
13 1 22 1 0
26 1 23 1 0
27 1 24 1 0
25 1 25 1 0
39 1 26 1 0
32 1 27 1 0
7 1 28 1 0
31 1 29 1 0
64 1 30 1 0
66 1 31 1 0
5 1 32 1 0
53 1 33 1 0
78 1 34 1 0
79 1 35 1 0
60 1 36 1 0
61 1 37 1 0
62 1 38 1 0
42 1 39 1 0
4 13 40 0 1
4 24 17 0 1
16 101 15 1 0
3 101 16 1 0
67 101 17 1 0
86 101 18 5 0
4 43 19 0 1
4 17 19 0 1
33 55 19 1 0
13 55 20 1 0
26 55 21 1 0
27 55 22 1 0
25 55 23 1 0
39 55 24 1 0
32 55 25 1 0
7 55 26 1 0
31 55 27 3 0
31 54 28 1 0
64 54 29 1 0
66 54 30 1 0
5 54 31 1 0
53 54 32 1 0
78 54 33 1 0
79 54 34 1 0
60 54 35 1 0
34 54 36 1 0
38 54 37 1 0
4 12 38 0 1
4 19 28 0 1
64 2 28 1 0
66 2 29 1 0
5 2 30 1 0
53 2 31 1 0
78 2 32 1 0
79 2 33 1 0
60 2 34 1 0
61 2 35 1 0
62 2 36 1 0
42 2 37 1 0
4 13 38 0 1
4 23 19 0 1
3 103 19 1 0
67 103 20 1 0
69 103 21 1 0
15 103 22 3 0
4 15 23 0 1
17 38 23 3 0
16 37 24 1 0
3 37 25 1 0
67 37 26 1 0
69 37 27 1 0
35 37 28 2 0
68 36 29 1 0
50 36 30 6 0
72 35 31 1 0
57 35 32 3 0
38 33 33 1 0
4 12 34 0 1
4 8 33 0 1
57 83 33 1 0
38 83 34 1 0
4 12 35 0 1
4 8 31 0 1
38 84 31 1 0
4 12 32 0 1
4 17 31 0 1
8 0 31 1 0
33 0 32 1 0
13 0 33 1 0
26 0 34 1 0
27 0 35 1 0
25 0 36 1 0
39 0 37 1 0
32 0 38 1 0
7 0 39 1 0
31 0 40 1 0
64 0 41 1 0
66 0 42 1 0
5 0 43 1 0
53 0 44 1 0
78 0 45 1 0
79 0 46 1 0
60 0 47 1 0
61 0 48 1 0
62 0 49 1 0
42 0 50 1 0
4 30 51 0 1
4 23 31 0 1
4 24 29 0 1
16 50 24 1 0
3 50 25 1 0
67 50 26 1 0
69 50 27 1 0
35 50 28 2 0
68 49 29 1 0
12 49 30 3 0
41 48 31 1 0
9 48 32 4 0
34 46 33 1 0
38 46 34 1 0
4 12 35 0 1
4 16 33 0 1
33 54 33 1 0
13 54 34 1 0
26 54 35 1 0
27 54 36 1 0
25 54 37 1 0
39 54 38 1 0
32 54 39 1 0
7 54 40 1 0
31 54 41 1 0
64 54 42 1 0
66 54 43 1 0
5 54 44 1 0
53 54 45 1 0
78 54 46 1 0
79 54 47 1 0
60 54 48 1 0
34 54 49 1 0
38 54 50 1 0
4 12 51 0 1
4 22 33 0 1
14 4 31 1 0
4 5 32 0 1
33 94 31 1 0
13 94 32 1 0
26 94 33 1 0
27 94 34 1 0
25 94 35 1 0
39 94 36 1 0
32 94 37 1 0
7 94 38 1 0
31 94 39 1 0
64 94 40 1 0
66 94 41 1 0
5 94 42 1 0
53 94 43 1 0
78 94 44 1 0
79 94 45 1 0
60 94 46 1 0
61 94 47 1 0
62 94 48 5 0
72 93 49 1 0
57 93 50 1 0
38 93 51 1 0
4 12 52 0 1
4 8 49 0 1
38 82 49 1 0
4 12 50 0 1
4 17 49 0 1
4 23 49 0 1
4 24 29 0 1
16 57 24 1 0
3 57 25 1 0
67 57 26 1 0
69 57 27 1 0
35 57 28 2 0
68 56 29 1 0
59 56 30 2 0
60 54 31 1 0
34 54 32 1 0
38 54 33 1 0
4 12 34 0 1
4 10 31 0 1
4 24 29 0 1
4 21 23 0 1
16 86 15 1 0
3 86 16 1 0
67 86 17 1 0
69 86 18 1 0
35 86 19 2 0
68 85 20 1 0
50 85 21 4 0
52 84 22 1 0
81 84 23 1 0
4 12 24 0 1
4 17 22 0 1
8 46 22 1 0
33 46 23 1 0
13 46 24 1 0
26 46 25 1 0
27 46 26 1 0
25 46 27 1 0
39 46 28 1 0
32 46 29 1 0
7 46 30 1 0
31 46 31 1 0
64 46 32 1 0
66 46 33 1 0
5 46 34 1 0
53 46 35 1 0
78 46 36 1 0
79 46 37 1 0
60 46 38 1 0
34 46 39 1 0
38 46 40 1 0
4 12 41 0 1
4 23 22 0 1
4 24 20 0 1
4 21 14 0 1
4 21 8 0 1
