1 102 0 1 0
25 89 1 1 0
60 89 2 1 0
75 89 3 1 0
0 102 4 1 0
21 89 5 1 0
58 89 6 4 0
23 88 7 1 0
4 21 8 0 1
4 6 7 0 1
76 19 7 1 0
4 13 8 0 1
19 101 7 4 0
4 15 8 0 1
20 90 8 1 0
22 90 9 1 0
2 102 10 1 0
51 90 11 4 0
55 88 12 1 0
4 21 13 0 1
55 92 12 1 0
4 26 13 0 1
53 95 12 2 0
69 94 13 1 0
4 40 14 0 1
52 78 13 4 0
42 77 14 1 0
4 13 15 0 1
4 17 14 0 1
41 31 14 1 0
40 31 15 2 0
82 30 16 1 0
81 30 17 1 0
78 30 18 2 0
79 28 19 1 0
76 28 20 1 0
4 13 21 0 1
31 42 19 2 0
4 16 20 0 1
4 23 20 0 1
88 54 16 1 0
42 54 17 1 0
4 13 18 0 1
4 24 14 0 1
50 100 12 1 0
16 100 13 3 0
4 15 14 0 1
18 87 14 1 0
17 87 15 1 0
3 87 16 1 0
71 87 17 1 0
74 87 18 1 0
36 87 19 2 0
72 86 20 1 0
54 86 21 3 0
56 85 22 1 0
86 85 23 1 0
4 13 24 0 1
4 17 22 0 1
4 24 22 0 1
4 25 20 0 1
4 22 14 0 1
20 91 8 1 0
22 91 9 1 0
2 102 10 1 0
51 91 11 4 0
55 88 12 1 0
4 21 13 0 1
55 92 12 1 0
4 26 13 0 1
53 96 12 2 0
69 94 13 1 0
4 40 14 0 1
52 86 13 3 0
42 85 14 1 0
4 13 15 0 1
4 17 14 0 1
4 24 14 0 1
50 99 12 1 0
16 99 13 3 0
4 15 14 0 1
18 76 14 6 0
17 75 15 1 0
48 75 16 2 0
47 74 17 2 0
49 73 18 1 0
82 73 19 1 0
81 73 20 1 0
79 73 21 3 0
61 72 22 3 0
42 71 23 1 0
4 13 24 0 1
4 8 23 0 1
61 93 23 1 0
42 93 24 1 0
4 13 25 0 1
4 8 22 0 1
76 27 22 1 0
4 13 23 0 1
89 61 18 1 0
87 61 19 1 0
88 61 20 1 0
42 61 21 1 0
4 13 22 0 1
4 25 17 0 1
17 64 15 1 0
3 64 16 1 0
71 64 17 1 0
74 64 18 1 0
36 64 19 2 0
72 63 20 1 0
12 63 21 3 0
45 61 22 1 0
35 61 23 1 0
42 61 24 1 0
4 13 25 0 1
14 4 22 1 0
4 5 23 0 1
34 80 22 1 0
13 80 23 1 0
27 80 24 1 0
28 80 25 1 0
26 80 26 1 0
43 80 27 1 0
33 80 28 1 0
7 80 29 1 0
32 80 30 1 0
68 80 31 1 0
70 80 32 1 0
5 80 33 1 0
57 80 34 1 0
83 80 35 1 0
84 80 36 1 0
64 80 37 1 0
65 80 38 1 0
66 80 39 1 0
85 80 40 5 0
4 20 41 0 1
24 73 41 5 0
42 71 42 1 0
4 13 43 0 1
4 8 42 0 1
42 93 42 1 0
4 13 43 0 1
4 8 42 0 1
42 27 42 1 0
4 13 43 0 1
4 17 41 0 1
8 33 41 1 0
34 33 42 1 0
13 33 43 1 0
27 33 44 1 0
28 33 45 1 0
26 33 46 1 0
43 33 47 1 0
33 33 48 1 0
7 33 49 1 0
32 33 50 1 0
68 33 51 1 0
70 33 52 1 0
5 33 53 1 0
57 33 54 1 0
83 33 55 1 0
84 33 56 1 0
64 33 57 1 0
35 33 58 3 0
6 32 59 1 0
42 32 60 1 0
4 13 61 0 1
4 8 59 0 1
42 61 59 1 0
4 13 60 0 1
4 24 41 0 1
4 25 20 0 1
17 68 15 1 0
48 68 16 2 0
47 67 17 2 0
49 66 18 1 0
82 66 19 1 0
81 66 20 1 0
78 66 21 2 0
80 65 22 1 0
59 65 23 1 0
44 65 24 1 0
4 12 25 0 1
31 42 22 2 0
4 16 23 0 1
4 23 23 0 1
89 47 18 1 0
87 47 19 1 0
88 47 20 1 0
42 47 21 1 0
4 13 22 0 1
4 25 17 0 1
17 49 15 1 0
3 49 16 1 0
71 49 17 1 0
74 49 18 1 0
36 49 19 2 0
72 48 20 1 0
12 48 21 3 0
45 47 22 1 0
35 47 23 1 0
42 47 24 1 0
4 13 25 0 1
14 4 22 1 0
4 5 23 0 1
34 79 22 1 0
13 79 23 1 0
27 79 24 1 0
28 79 25 1 0
26 79 26 1 0
43 79 27 1 0
33 79 28 1 0
7 79 29 1 0
32 79 30 1 0
68 79 31 1 0
70 79 32 1 0
5 79 33 1 0
57 79 34 1 0
83 79 35 1 0
84 79 36 1 0
64 79 37 1 0
65 79 38 1 0
10 79 39 1 0
11 79 40 3 0
4 20 41 0 1
67 65 41 1 0
59 65 42 1 0
44 65 43 1 0
4 12 44 0 1
30 41 41 1 0
29 41 42 3 0
4 16 43 0 1
34 2 43 1 0
13 2 44 1 0
27 2 45 1 0
28 2 46 1 0
26 2 47 1 0
43 2 48 1 0
33 2 49 1 0
7 2 50 1 0
32 2 51 1 0
68 2 52 1 0
70 2 53 1 0
5 2 54 1 0
57 2 55 1 0
83 2 56 1 0
84 2 57 1 0
64 2 58 1 0
65 2 59 1 0
66 2 60 1 0
46 2 61 1 0
4 14 62 0 1
4 23 43 0 1
4 25 20 0 1
17 59 15 1 0
3 59 16 1 0
71 59 17 1 0
38 59 18 1 0
15 59 19 9 0
4 9 20 0 1
4 17 20 0 1
37 69 20 1 0
47 69 21 2 0
49 65 22 1 0
82 65 23 1 0
80 65 24 1 0
59 65 25 1 0
44 65 26 1 0
4 12 27 0 1
89 46 22 1 0
87 46 23 3 0
88 43 24 1 0
42 43 25 1 0
4 13 26 0 1
4 5 24 0 1
90 1 24 1 0
34 1 25 1 0
13 1 26 1 0
27 1 27 1 0
28 1 28 1 0
26 1 29 1 0
43 1 30 1 0
33 1 31 1 0
7 1 32 1 0
32 1 33 1 0
68 1 34 1 0
70 1 35 1 0
5 1 36 1 0
57 1 37 1 0
83 1 38 1 0
84 1 39 1 0
64 1 40 1 0
65 1 41 1 0
66 1 42 1 0
46 1 43 1 0
4 14 44 0 1
4 25 20 0 1
34 45 20 1 0
13 45 21 1 0
27 45 22 1 0
28 45 23 1 0
26 45 24 1 0
43 45 25 1 0
33 45 26 1 0
7 45 27 1 0
32 45 28 1 0
68 45 29 3 0
68 43 30 1 0
70 43 31 1 0
5 43 32 1 0
57 43 33 1 0
83 43 34 1 0
84 43 35 1 0
64 43 36 1 0
35 43 37 1 0
42 43 38 1 0
4 13 39 0 1
4 18 30 0 1
70 2 30 1 0
5 2 31 1 0
57 2 32 1 0
83 2 33 1 0
84 2 34 1 0
64 2 35 1 0
65 2 36 1 0
66 2 37 1 0
46 2 38 1 0
4 14 39 0 1
4 25 20 0 1
39 44 20 1 0
73 44 21 1 0
72 44 22 1 0
63 44 23 2 0
64 43 24 1 0
35 43 25 1 0
42 43 26 1 0
4 13 27 0 1
4 11 24 0 1
4 24 20 0 1
3 97 20 1 0
71 97 21 1 0
74 97 22 1 0
16 97 23 3 0
4 15 24 0 1
18 37 24 2 0
17 36 25 1 0
3 36 26 1 0
71 36 27 1 0
74 36 28 1 0
36 36 29 2 0
72 35 30 1 0
54 35 31 6 0
77 34 32 1 0
61 34 33 3 0
42 32 34 1 0
4 13 35 0 1
4 8 34 0 1
61 82 34 1 0
42 82 35 1 0
4 13 36 0 1
4 8 32 0 1
42 83 32 1 0
4 13 33 0 1
4 17 32 0 1
8 0 32 1 0
34 0 33 1 0
13 0 34 1 0
27 0 35 1 0
28 0 36 1 0
26 0 37 1 0
43 0 38 1 0
33 0 39 1 0
7 0 40 1 0
32 0 41 1 0
68 0 42 1 0
70 0 43 1 0
5 0 44 1 0
57 0 45 1 0
83 0 46 1 0
84 0 47 1 0
64 0 48 1 0
65 0 49 1 0
66 0 50 1 0
46 0 51 1 0
4 29 52 0 1
4 24 32 0 1
4 25 30 0 1
17 52 25 1 0
3 52 26 1 0
71 52 27 1 0
74 52 28 1 0
36 52 29 2 0
72 51 30 1 0
12 51 31 3 0
45 50 32 1 0
9 50 33 4 0
35 47 34 1 0
42 47 35 1 0
4 13 36 0 1
4 16 34 0 1
34 43 34 1 0
13 43 35 1 0
27 43 36 1 0
28 43 37 1 0
26 43 38 1 0
43 43 39 1 0
33 43 40 1 0
7 43 41 1 0
32 43 42 1 0
68 43 43 1 0
70 43 44 1 0
5 43 45 1 0
57 43 46 1 0
83 43 47 1 0
84 43 48 1 0
64 43 49 1 0
35 43 50 1 0
42 43 51 1 0
4 13 52 0 1
4 23 34 0 1
14 4 32 1 0
4 5 33 0 1
34 62 32 1 0
13 62 33 1 0
27 62 34 1 0
28 62 35 1 0
26 62 36 1 0
43 62 37 1 0
33 62 38 1 0
7 62 39 1 0
32 62 40 1 0
68 62 41 1 0
70 62 42 1 0
5 62 43 1 0
57 62 44 1 0
83 62 45 1 0
84 62 46 1 0
64 62 47 1 0
65 62 48 1 0
66 62 49 5 0
77 61 50 1 0
61 61 51 1 0
42 61 52 1 0
4 13 53 0 1
4 8 50 0 1
42 81 50 1 0
4 13 51 0 1
4 17 50 0 1
4 24 50 0 1
4 25 30 0 1
4 22 24 0 1
17 60 15 1 0
3 60 16 1 0
71 60 17 1 0
38 60 18 1 0
15 60 19 9 0
4 9 20 0 1
4 17 20 0 1
37 70 20 1 0
47 70 21 2 0
49 65 22 1 0
82 65 23 1 0
80 65 24 1 0
59 65 25 1 0
44 65 26 1 0
4 12 27 0 1
89 57 22 1 0
87 57 23 3 0
88 55 24 1 0
42 55 25 1 0
4 13 26 0 1
4 5 24 0 1
90 3 24 1 0
34 3 25 1 0
13 3 26 1 0
27 3 27 1 0
28 3 28 1 0
26 3 29 1 0
43 3 30 1 0
33 3 31 1 0
7 3 32 1 0
32 3 33 1 0
68 3 34 1 0
70 3 35 1 0
5 3 36 1 0
57 3 37 1 0
83 3 38 1 0
84 3 39 1 0
64 3 40 1 0
65 3 41 1 0
66 3 42 1 0
46 3 43 1 0
4 14 44 0 1
4 25 20 0 1
34 58 20 1 0
13 58 21 1 0
27 58 22 1 0
28 58 23 1 0
26 58 24 1 0
43 58 25 1 0
33 58 26 1 0
7 58 27 1 0
32 58 28 1 0
68 58 29 3 0
68 55 30 1 0
70 55 31 1 0
5 55 32 1 0
57 55 33 1 0
83 55 34 1 0
84 55 35 1 0
64 55 36 1 0
35 55 37 1 0
42 55 38 1 0
4 13 39 0 1
4 10 30 0 1
70 1 30 1 0
5 1 31 1 0
57 1 32 1 0
83 1 33 1 0
84 1 34 1 0
64 1 35 1 0
65 1 36 1 0
66 1 37 1 0
46 1 38 1 0
4 14 39 0 1
4 25 20 0 1
39 56 20 1 0
73 56 21 1 0
72 56 22 1 0
62 56 23 2 0
64 55 24 1 0
35 55 25 1 0
42 55 26 1 0
4 13 27 0 1
4 7 24 0 1
4 24 20 0 1
3 98 20 1 0
71 98 21 1 0
74 98 22 1 0
16 98 23 3 0
4 15 24 0 1
18 39 24 1 0
17 39 25 1 0
3 39 26 1 0
71 39 27 1 0
74 39 28 1 0
36 39 29 2 0
72 38 30 1 0
54 38 31 6 0
77 34 32 1 0
61 34 33 3 0
42 32 34 1 0
4 13 35 0 1
4 8 34 0 1
61 82 34 1 0
42 82 35 1 0
4 13 36 0 1
4 8 32 0 1
42 84 32 1 0
4 13 33 0 1
4 17 32 0 1
8 53 32 1 0
34 53 33 1 0
13 53 34 1 0
27 53 35 1 0
28 53 36 1 0
26 53 37 1 0
43 53 38 1 0
33 53 39 1 0
7 53 40 1 0
32 53 41 1 0
68 53 42 1 0
70 53 43 1 0
5 53 44 1 0
57 53 45 1 0
83 53 46 1 0
84 53 47 1 0
64 53 48 1 0
65 53 49 1 0
66 53 50 4 0
35 47 51 1 0
42 47 52 1 0
4 13 53 0 1
4 16 51 0 1
34 55 51 1 0
13 55 52 1 0
27 55 53 1 0
28 55 54 1 0
26 55 55 1 0
43 55 56 1 0
33 55 57 1 0
7 55 58 1 0
32 55 59 1 0
68 55 60 1 0
70 55 61 1 0
5 55 62 1 0
57 55 63 1 0
83 55 64 1 0
84 55 65 1 0
64 55 66 1 0
35 55 67 1 0
42 55 68 1 0
4 13 69 0 1
4 23 51 0 1
4 24 32 0 1
4 25 30 0 1
4 22 24 0 1
4 22 14 0 1
4 22 8 0 1
