1 102 0 1 0
25 84 1 1 0
60 84 2 1 0
74 84 3 1 0
0 102 4 1 0
21 84 5 1 0
58 84 6 4 0
23 83 7 1 0
4 20 8 0 1
4 6 7 0 1
75 18 7 1 0
4 11 8 0 1
19 101 7 4 0
4 13 8 0 1
20 85 8 1 0
22 85 9 1 0
2 102 10 1 0
51 85 11 4 0
55 83 12 1 0
4 20 13 0 1
55 91 12 1 0
4 25 13 0 1
53 94 12 2 0
68 93 13 1 0
4 40 14 0 1
52 76 13 4 0
42 75 14 1 0
4 11 15 0 1
4 16 14 0 1
41 30 14 1 0
40 30 15 2 0
81 29 16 1 0
80 29 17 1 0
77 29 18 2 0
78 27 19 1 0
75 27 20 1 0
4 11 21 0 1
31 43 19 2 0
4 14 20 0 1
4 22 20 0 1
87 50 16 1 0
42 50 17 1 0
4 11 18 0 1
4 23 14 0 1
50 99 12 1 0
16 99 13 3 0
4 13 14 0 1
18 66 14 5 0
17 65 15 1 0
48 65 16 2 0
47 64 17 2 0
49 63 18 1 0
81 63 19 1 0
80 63 20 1 0
77 63 21 2 0
79 62 22 1 0
59 62 23 1 0
44 62 24 1 0
4 10 25 0 1
31 43 22 2 0
4 14 23 0 1
4 22 23 0 1
88 44 18 1 0
86 44 19 1 0
87 44 20 1 0
42 44 21 1 0
4 11 22 0 1
4 24 17 0 1
17 74 15 1 0
48 74 16 2 0
47 73 17 2 0
49 72 18 1 0
81 72 19 1 0
80 72 20 1 0
78 72 21 3 0
61 71 22 3 0
42 70 23 1 0
4 11 24 0 1
4 7 23 0 1
61 92 23 1 0
42 92 24 1 0
4 11 25 0 1
4 7 22 0 1
75 26 22 1 0
4 11 23 0 1
88 61 18 1 0
86 61 19 3 0
87 59 20 1 0
42 59 21 1 0
4 11 22 0 1
4 5 20 0 1
89 78 20 1 0
34 78 21 1 0
13 78 22 1 0
27 78 23 1 0
28 78 24 1 0
26 78 25 1 0
43 78 26 1 0
33 78 27 1 0
7 78 28 1 0
32 78 29 1 0
67 78 30 1 0
69 78 31 1 0
5 78 32 1 0
57 78 33 1 0
82 78 34 1 0
83 78 35 1 0
63 78 36 1 0
64 78 37 1 0
65 78 38 1 0
84 78 39 5 0
4 19 40 0 1
24 72 40 5 0
42 70 41 1 0
4 11 42 0 1
4 7 41 0 1
42 92 41 1 0
4 11 42 0 1
4 7 41 0 1
42 26 41 1 0
4 11 42 0 1
4 16 40 0 1
8 32 40 1 0
34 32 41 1 0
13 32 42 1 0
27 32 43 1 0
28 32 44 1 0
26 32 45 1 0
43 32 46 1 0
33 32 47 1 0
7 32 48 1 0
32 32 49 1 0
67 32 50 1 0
69 32 51 1 0
5 32 52 1 0
57 32 53 1 0
82 32 54 1 0
83 32 55 1 0
63 32 56 1 0
35 32 57 3 0
6 31 58 1 0
42 31 59 1 0
4 11 60 0 1
4 7 58 0 1
42 58 58 1 0
4 11 59 0 1
4 23 40 0 1
4 24 17 0 1
17 46 15 1 0
3 46 16 1 0
70 46 17 1 0
73 46 18 1 0
36 46 19 2 0
71 45 20 1 0
12 45 21 3 0
45 44 22 1 0
35 44 23 1 0
42 44 24 1 0
4 11 25 0 1
14 4 22 1 0
4 5 23 0 1
34 77 22 1 0
13 77 23 1 0
27 77 24 1 0
28 77 25 1 0
26 77 26 1 0
43 77 27 1 0
33 77 28 1 0
7 77 29 1 0
32 77 30 1 0
67 77 31 1 0
69 77 32 1 0
5 77 33 1 0
57 77 34 1 0
82 77 35 1 0
83 77 36 1 0
63 77 37 1 0
64 77 38 1 0
10 77 39 1 0
11 77 40 3 0
4 19 41 0 1
66 62 41 1 0
59 62 42 1 0
44 62 43 1 0
4 10 44 0 1
30 42 41 1 0
29 42 42 3 0
4 14 43 0 1
34 2 43 1 0
13 2 44 1 0
27 2 45 1 0
28 2 46 1 0
26 2 47 1 0
43 2 48 1 0
33 2 49 1 0
7 2 50 1 0
32 2 51 1 0
67 2 52 1 0
69 2 53 1 0
5 2 54 1 0
57 2 55 1 0
82 2 56 1 0
83 2 57 1 0
63 2 58 1 0
64 2 59 1 0
65 2 60 1 0
46 2 61 1 0
4 12 62 0 1
4 22 43 0 1
4 24 20 0 1
17 51 15 1 0
3 51 16 1 0
70 51 17 1 0
38 51 18 1 0
15 51 19 9 0
4 8 20 0 1
4 16 20 0 1
37 67 20 1 0
47 67 21 2 0
49 62 22 1 0
81 62 23 1 0
79 62 24 1 0
59 62 25 1 0
44 62 26 1 0
4 10 27 0 1
88 57 22 1 0
86 57 23 3 0
87 52 24 1 0
42 52 25 1 0
4 11 26 0 1
4 5 24 0 1
89 1 24 1 0
34 1 25 1 0
13 1 26 1 0
27 1 27 1 0
28 1 28 1 0
26 1 29 1 0
43 1 30 1 0
33 1 31 1 0
7 1 32 1 0
32 1 33 1 0
67 1 34 1 0
69 1 35 1 0
5 1 36 1 0
57 1 37 1 0
82 1 38 1 0
83 1 39 1 0
63 1 40 1 0
64 1 41 1 0
65 1 42 1 0
46 1 43 1 0
4 12 44 0 1
4 24 20 0 1
34 55 20 1 0
13 55 21 1 0
27 55 22 1 0
28 55 23 1 0
26 55 24 1 0
43 55 25 1 0
33 55 26 1 0
7 55 27 1 0
32 55 28 1 0
67 55 29 3 0
67 52 30 1 0
69 52 31 1 0
5 52 32 1 0
57 52 33 1 0
82 52 34 1 0
83 52 35 1 0
63 52 36 1 0
35 52 37 1 0
42 52 38 1 0
4 11 39 0 1
4 17 30 0 1
69 2 30 1 0
5 2 31 1 0
57 2 32 1 0
82 2 33 1 0
83 2 34 1 0
63 2 35 1 0
64 2 36 1 0
65 2 37 1 0
46 2 38 1 0
4 12 39 0 1
4 24 20 0 1
39 53 20 1 0
72 53 21 1 0
71 53 22 1 0
62 53 23 2 0
63 52 24 1 0
35 52 25 1 0
42 52 26 1 0
4 11 27 0 1
4 9 24 0 1
4 23 20 0 1
3 97 20 1 0
70 97 21 1 0
73 97 22 1 0
16 97 23 3 0
4 13 24 0 1
18 36 24 2 0
17 35 25 1 0
3 35 26 1 0
70 35 27 1 0
73 35 28 1 0
36 35 29 2 0
71 34 30 1 0
54 34 31 6 0
76 33 32 1 0
61 33 33 3 0
42 31 34 1 0
4 11 35 0 1
4 7 34 0 1
61 80 34 1 0
42 80 35 1 0
4 11 36 0 1
4 7 32 0 1
42 81 32 1 0
4 11 33 0 1
4 16 32 0 1
8 0 32 1 0
34 0 33 1 0
13 0 34 1 0
27 0 35 1 0
28 0 36 1 0
26 0 37 1 0
43 0 38 1 0
33 0 39 1 0
7 0 40 1 0
32 0 41 1 0
67 0 42 1 0
69 0 43 1 0
5 0 44 1 0
57 0 45 1 0
82 0 46 1 0
83 0 47 1 0
63 0 48 1 0
64 0 49 1 0
65 0 50 1 0
46 0 51 1 0
4 28 52 0 1
4 23 32 0 1
4 24 30 0 1
17 49 25 1 0
3 49 26 1 0
70 49 27 1 0
73 49 28 1 0
36 49 29 2 0
71 48 30 1 0
12 48 31 3 0
45 47 32 1 0
9 47 33 4 0
35 44 34 1 0
42 44 35 1 0
4 11 36 0 1
4 14 34 0 1
34 52 34 1 0
13 52 35 1 0
27 52 36 1 0
28 52 37 1 0
26 52 38 1 0
43 52 39 1 0
33 52 40 1 0
7 52 41 1 0
32 52 42 1 0
67 52 43 1 0
69 52 44 1 0
5 52 45 1 0
57 52 46 1 0
82 52 47 1 0
83 52 48 1 0
63 52 49 1 0
35 52 50 1 0
42 52 51 1 0
4 11 52 0 1
4 22 34 0 1
14 4 32 1 0
4 5 33 0 1
34 60 32 1 0
13 60 33 1 0
27 60 34 1 0
28 60 35 1 0
26 60 36 1 0
43 60 37 1 0
33 60 38 1 0
7 60 39 1 0
32 60 40 1 0
67 60 41 1 0
69 60 42 1 0
5 60 43 1 0
57 60 44 1 0
82 60 45 1 0
83 60 46 1 0
63 60 47 1 0
64 60 48 1 0
65 60 49 5 0
76 59 50 1 0
61 59 51 1 0
42 59 52 1 0
4 11 53 0 1
4 7 50 0 1
42 79 50 1 0
4 11 51 0 1
4 16 50 0 1
4 23 50 0 1
4 24 30 0 1
4 21 24 0 1
17 89 15 1 0
3 89 16 1 0
70 89 17 1 0
73 89 18 1 0
36 89 19 2 0
71 88 20 1 0
54 88 21 4 0
56 87 22 1 0
85 87 23 1 0
4 11 24 0 1
4 16 22 0 1
8 44 22 1 0
34 44 23 1 0
13 44 24 1 0
27 44 25 1 0
28 44 26 1 0
26 44 27 1 0
43 44 28 1 0
33 44 29 1 0
7 44 30 1 0
32 44 31 1 0
67 44 32 1 0
69 44 33 1 0
5 44 34 1 0
57 44 35 1 0
82 44 36 1 0
83 44 37 1 0
63 44 38 1 0
35 44 39 1 0
42 44 40 1 0
4 11 41 0 1
4 23 22 0 1
4 24 20 0 1
4 21 14 0 1
20 86 8 1 0
22 86 9 1 0
2 102 10 1 0
51 86 11 4 0
55 83 12 1 0
4 20 13 0 1
55 91 12 1 0
4 25 13 0 1
53 95 12 2 0
68 93 13 1 0
4 40 14 0 1
52 90 13 4 0
42 87 14 1 0
4 11 15 0 1
4 16 14 0 1
41 64 14 1 0
40 64 15 2 0
81 63 16 1 0
80 63 17 1 0
77 63 18 2 0
79 62 19 1 0
59 62 20 1 0
44 62 21 1 0
4 10 22 0 1
31 43 19 2 0
4 14 20 0 1
4 22 20 0 1
87 44 16 1 0
42 44 17 1 0
4 11 18 0 1
4 23 14 0 1
50 100 12 1 0
16 100 13 3 0
4 13 14 0 1
18 69 14 2 0
17 68 15 1 0
48 68 16 2 0
47 67 17 2 0
49 62 18 1 0
81 62 19 1 0
79 62 20 1 0
59 62 21 1 0
44 62 22 1 0
4 10 23 0 1
88 57 18 1 0
86 57 19 3 0
87 52 20 1 0
42 52 21 1 0
4 11 22 0 1
4 5 20 0 1
89 1 20 1 0
34 1 21 1 0
13 1 22 1 0
27 1 23 1 0
28 1 24 1 0
26 1 25 1 0
43 1 26 1 0
33 1 27 1 0
7 1 28 1 0
32 1 29 1 0
67 1 30 1 0
69 1 31 1 0
5 1 32 1 0
57 1 33 1 0
82 1 34 1 0
83 1 35 1 0
63 1 36 1 0
64 1 37 1 0
65 1 38 1 0
46 1 39 1 0
4 12 40 0 1
4 24 17 0 1
17 96 15 1 0
3 96 16 1 0
70 96 17 1 0
90 96 18 5 0
4 41 19 0 1
4 16 19 0 1
34 56 19 1 0
13 56 20 1 0
27 56 21 1 0
28 56 22 1 0
26 56 23 1 0
43 56 24 1 0
33 56 25 1 0
7 56 26 1 0
32 56 27 1 0
67 56 28 3 0
67 52 29 1 0
69 52 30 1 0
5 52 31 1 0
57 52 32 1 0
82 52 33 1 0
83 52 34 1 0
63 52 35 1 0
35 52 36 1 0
42 52 37 1 0
4 11 38 0 1
4 15 29 0 1
69 3 29 1 0
5 3 30 1 0
57 3 31 1 0
82 3 32 1 0
83 3 33 1 0
63 3 34 1 0
64 3 35 1 0
65 3 36 1 0
46 3 37 1 0
4 12 38 0 1
4 23 19 0 1
3 98 19 1 0
70 98 20 1 0
73 98 21 1 0
16 98 22 3 0
4 13 23 0 1
18 39 23 2 0
17 38 24 1 0
3 38 25 1 0
70 38 26 1 0
73 38 27 1 0
36 38 28 2 0
71 37 29 1 0
54 37 30 6 0
76 33 31 1 0
61 33 32 3 0
42 31 33 1 0
4 11 34 0 1
4 7 33 0 1
61 80 33 1 0
42 80 34 1 0
4 11 35 0 1
4 7 31 0 1
42 82 31 1 0
4 11 32 0 1
4 16 31 0 1
8 47 31 1 0
34 47 32 1 0
13 47 33 1 0
27 47 34 1 0
28 47 35 1 0
26 47 36 1 0
43 47 37 1 0
33 47 38 1 0
7 47 39 1 0
32 47 40 1 0
67 47 41 1 0
69 47 42 1 0
5 47 43 1 0
57 47 44 1 0
82 47 45 1 0
83 47 46 1 0
63 47 47 1 0
64 47 48 1 0
65 47 49 4 0
35 44 50 1 0
42 44 51 1 0
4 11 52 0 1
4 14 50 0 1
34 52 50 1 0
13 52 51 1 0
27 52 52 1 0
28 52 53 1 0
26 52 54 1 0
43 52 55 1 0
33 52 56 1 0
7 52 57 1 0
32 52 58 1 0
67 52 59 1 0
69 52 60 1 0
5 52 61 1 0
57 52 62 1 0
82 52 63 1 0
83 52 64 1 0
63 52 65 1 0
35 52 66 1 0
42 52 67 1 0
4 11 68 0 1
4 22 50 0 1
4 23 31 0 1
4 24 29 0 1
17 54 24 1 0
3 54 25 1 0
70 54 26 1 0
73 54 27 1 0
36 54 28 2 0
71 53 29 1 0
62 53 30 2 0
63 52 31 1 0
35 52 32 1 0
42 52 33 1 0
4 11 34 0 1
4 9 31 0 1
4 24 29 0 1
4 21 23 0 1
4 21 14 0 1
4 21 8 0 1
