1 102 0 1 0
25 62 1 1 0
60 62 2 1 0
75 86 3 1 0
0 102 4 1 0
21 86 5 1 0
58 86 6 4 0
23 85 7 1 0
4 21 8 0 1
4 6 7 0 1
76 15 7 1 0
4 13 8 0 1
19 101 7 4 0
4 16 8 0 1
20 88 8 1 0
22 88 9 1 0
2 102 10 1 0
51 88 11 4 0
55 85 12 1 0
4 21 13 0 1
55 92 12 1 0
4 26 13 0 1
53 96 12 2 0
69 94 13 1 0
4 42 14 0 1
52 83 13 4 0
42 80 14 1 0
4 13 15 0 1
4 18 14 0 1
41 69 14 1 0
40 69 15 2 0
82 65 16 1 0
81 65 17 1 0
78 65 18 2 0
80 64 19 1 0
59 64 20 1 0
44 64 21 1 0
4 12 22 0 1
31 44 19 2 0
4 17 20 0 1
4 23 20 0 1
88 51 16 1 0
42 51 17 1 0
4 13 18 0 1
4 24 14 0 1
50 99 12 1 0
16 99 13 3 0
4 16 14 0 1
18 54 14 1 0
17 54 15 1 0
3 54 16 1 0
71 54 17 1 0
38 54 18 1 0
15 54 19 9 0
4 9 20 0 1
4 18 20 0 1
37 71 20 1 0
47 71 21 2 0
49 64 22 1 0
82 64 23 1 0
80 64 24 1 0
59 64 25 1 0
44 64 26 1 0
4 12 27 0 1
89 60 22 1 0
87 60 23 3 0
88 55 24 1 0
42 55 25 1 0
4 13 26 0 1
4 5 24 0 1
90 3 24 1 0
34 3 25 1 0
13 3 26 1 0
27 3 27 1 0
28 3 28 1 0
26 3 29 1 0
43 3 30 1 0
33 3 31 1 0
7 3 32 1 0
32 3 33 1 0
68 3 34 1 0
70 3 35 1 0
5 3 36 1 0
57 3 37 1 0
83 3 38 1 0
84 3 39 1 0
64 3 40 1 0
65 3 41 1 0
66 3 42 1 0
46 3 43 1 0
4 14 44 0 1
4 25 20 0 1
34 61 20 1 0
13 61 21 1 0
27 61 22 1 0
28 61 23 1 0
26 61 24 1 0
43 61 25 1 0
33 61 26 1 0
7 61 27 1 0
32 61 28 1 0
68 61 29 3 0
68 55 30 1 0
70 55 31 1 0
5 55 32 1 0
57 55 33 1 0
83 55 34 1 0
84 55 35 1 0
64 55 36 1 0
35 55 37 1 0
42 55 38 1 0
4 13 39 0 1
4 10 30 0 1
70 1 30 1 0
5 1 31 1 0
57 1 32 1 0
83 1 33 1 0
84 1 34 1 0
64 1 35 1 0
65 1 36 1 0
66 1 37 1 0
46 1 38 1 0
4 14 39 0 1
4 25 20 0 1
39 57 20 1 0
73 57 21 1 0
72 57 22 1 0
62 57 23 2 0
64 55 24 1 0
35 55 25 1 0
42 55 26 1 0
4 13 27 0 1
4 7 24 0 1
4 24 20 0 1
3 98 20 1 0
71 98 21 1 0
74 98 22 1 0
16 98 23 3 0
4 16 24 0 1
18 41 24 1 0
17 41 25 1 0
3 41 26 1 0
71 41 27 1 0
74 41 28 1 0
36 41 29 2 0
72 40 30 1 0
54 40 31 6 0
77 36 32 1 0
61 36 33 3 0
42 34 34 1 0
4 13 35 0 1
4 8 34 0 1
61 79 34 1 0
42 79 35 1 0
4 13 36 0 1
4 8 32 0 1
42 84 32 1 0
4 13 33 0 1
4 18 32 0 1
8 52 32 1 0
34 52 33 1 0
13 52 34 1 0
27 52 35 1 0
28 52 36 1 0
26 52 37 1 0
43 52 38 1 0
33 52 39 1 0
7 52 40 1 0
32 52 41 1 0
68 52 42 1 0
70 52 43 1 0
5 52 44 1 0
57 52 45 1 0
83 52 46 1 0
84 52 47 1 0
64 52 48 1 0
65 52 49 1 0
66 52 50 4 0
35 51 51 1 0
42 51 52 1 0
4 13 53 0 1
4 17 51 0 1
34 55 51 1 0
13 55 52 1 0
27 55 53 1 0
28 55 54 1 0
26 55 55 1 0
43 55 56 1 0
33 55 57 1 0
7 55 58 1 0
32 55 59 1 0
68 55 60 1 0
70 55 61 1 0
5 55 62 1 0
57 55 63 1 0
83 55 64 1 0
84 55 65 1 0
64 55 66 1 0
35 55 67 1 0
42 55 68 1 0
4 13 69 0 1
4 23 51 0 1
4 24 32 0 1
4 25 30 0 1
4 22 24 0 1
4 22 14 0 1
20 87 8 1 0
22 87 9 1 0
2 102 10 1 0
51 87 11 4 0
55 85 12 1 0
4 21 13 0 1
55 92 12 1 0
4 26 13 0 1
53 95 12 2 0
69 94 13 1 0
4 42 14 0 1
52 75 13 4 0
42 74 14 1 0
4 13 15 0 1
4 18 14 0 1
41 33 14 1 0
40 33 15 2 0
82 32 16 1 0
81 32 17 1 0
78 32 18 2 0
79 30 19 1 0
76 30 20 1 0
4 13 21 0 1
31 44 19 2 0
4 17 20 0 1
4 23 20 0 1
88 50 16 1 0
42 50 17 1 0
4 13 18 0 1
4 24 14 0 1
50 100 12 1 0
16 100 13 3 0
4 16 14 0 1
18 68 14 4 0
17 67 15 1 0
48 67 16 2 0
47 66 17 2 0
49 65 18 1 0
82 65 19 1 0
81 65 20 1 0
78 65 21 2 0
80 64 22 1 0
59 64 23 1 0
44 64 24 1 0
4 12 25 0 1
31 44 22 2 0
4 17 23 0 1
4 23 23 0 1
89 46 18 1 0
87 46 19 3 0
88 45 20 1 0
42 45 21 1 0
4 13 22 0 1
4 5 20 0 1
90 76 20 1 0
34 76 21 1 0
13 76 22 1 0
27 76 23 1 0
28 76 24 1 0
26 76 25 1 0
43 76 26 1 0
33 76 27 1 0
7 76 28 1 0
32 76 29 1 0
68 76 30 1 0
70 76 31 1 0
5 76 32 1 0
57 76 33 1 0
83 76 34 1 0
84 76 35 1 0
64 76 36 1 0
65 76 37 1 0
10 76 38 1 0
11 76 39 3 0
4 20 40 0 1
67 64 40 1 0
59 64 41 1 0
44 64 42 1 0
4 12 43 0 1
30 43 40 1 0
29 43 41 3 0
4 17 42 0 1
34 2 42 1 0
13 2 43 1 0
27 2 44 1 0
28 2 45 1 0
26 2 46 1 0
43 2 47 1 0
33 2 48 1 0
7 2 49 1 0
32 2 50 1 0
68 2 51 1 0
70 2 52 1 0
5 2 53 1 0
57 2 54 1 0
83 2 55 1 0
84 2 56 1 0
64 2 57 1 0
65 2 58 1 0
66 2 59 1 0
46 2 60 1 0
4 14 61 0 1
4 23 42 0 1
4 25 17 0 1
17 29 15 1 0
48 29 16 2 0
47 28 17 2 0
49 27 18 1 0
82 27 19 1 0
81 27 20 1 0
79 27 21 1 0
76 27 22 1 0
4 13 23 0 1
89 91 18 1 0
87 91 19 3 0
88 89 20 1 0
42 89 21 1 0
4 13 22 0 1
4 5 20 0 1
90 77 20 1 0
34 77 21 1 0
13 77 22 1 0
27 77 23 1 0
28 77 24 1 0
26 77 25 1 0
43 77 26 1 0
33 77 27 1 0
7 77 28 1 0
32 77 29 1 0
68 77 30 1 0
70 77 31 1 0
5 77 32 1 0
57 77 33 1 0
83 77 34 1 0
84 77 35 1 0
64 77 36 1 0
65 77 37 1 0
66 77 38 1 0
85 77 39 5 0
4 20 40 0 1
24 73 40 5 0
42 72 41 1 0
4 13 42 0 1
4 8 41 0 1
42 93 41 1 0
4 13 42 0 1
4 8 41 0 1
42 27 41 1 0
4 13 42 0 1
4 18 40 0 1
8 35 40 1 0
34 35 41 1 0
13 35 42 1 0
27 35 43 1 0
28 35 44 1 0
26 35 45 1 0
43 35 46 1 0
33 35 47 1 0
7 35 48 1 0
32 35 49 1 0
68 35 50 1 0
70 35 51 1 0
5 35 52 1 0
57 35 53 1 0
83 35 54 1 0
84 35 55 1 0
64 35 56 1 0
35 35 57 3 0
6 34 58 1 0
42 34 59 1 0
4 13 60 0 1
4 8 58 0 1
42 63 58 1 0
4 13 59 0 1
4 24 40 0 1
4 25 17 0 1
17 53 15 1 0
3 53 16 1 0
71 53 17 1 0
38 53 18 1 0
15 53 19 9 0
4 9 20 0 1
4 18 20 0 1
37 70 20 1 0
47 70 21 2 0
49 64 22 1 0
82 64 23 1 0
80 64 24 1 0
59 64 25 1 0
44 64 26 1 0
4 12 27 0 1
89 59 22 1 0
87 59 23 3 0
88 55 24 1 0
42 55 25 1 0
4 13 26 0 1
4 5 24 0 1
90 1 24 1 0
34 1 25 1 0
13 1 26 1 0
27 1 27 1 0
28 1 28 1 0
26 1 29 1 0
43 1 30 1 0
33 1 31 1 0
7 1 32 1 0
32 1 33 1 0
68 1 34 1 0
70 1 35 1 0
5 1 36 1 0
57 1 37 1 0
83 1 38 1 0
84 1 39 1 0
64 1 40 1 0
65 1 41 1 0
66 1 42 1 0
46 1 43 1 0
4 14 44 0 1
4 25 20 0 1
34 58 20 1 0
13 58 21 1 0
27 58 22 1 0
28 58 23 1 0
26 58 24 1 0
43 58 25 1 0
33 58 26 1 0
7 58 27 1 0
32 58 28 1 0
68 58 29 3 0
68 55 30 1 0
70 55 31 1 0
5 55 32 1 0
57 55 33 1 0
83 55 34 1 0
84 55 35 1 0
64 55 36 1 0
35 55 37 1 0
42 55 38 1 0
4 13 39 0 1
4 19 30 0 1
70 2 30 1 0
5 2 31 1 0
57 2 32 1 0
83 2 33 1 0
84 2 34 1 0
64 2 35 1 0
65 2 36 1 0
66 2 37 1 0
46 2 38 1 0
4 14 39 0 1
4 25 20 0 1
39 56 20 1 0
73 56 21 1 0
72 56 22 1 0
63 56 23 2 0
64 55 24 1 0
35 55 25 1 0
42 55 26 1 0
4 13 27 0 1
4 11 24 0 1
4 24 20 0 1
3 97 20 1 0
71 97 21 1 0
74 97 22 1 0
16 97 23 3 0
4 16 24 0 1
18 39 24 2 0
17 38 25 1 0
3 38 26 1 0
71 38 27 1 0
74 38 28 1 0
36 38 29 2 0
72 37 30 1 0
54 37 31 6 0
77 36 32 1 0
61 36 33 3 0
42 34 34 1 0
4 13 35 0 1
4 8 34 0 1
61 79 34 1 0
42 79 35 1 0
4 13 36 0 1
4 8 32 0 1
42 80 32 1 0
4 13 33 0 1
4 18 32 0 1
8 0 32 1 0
34 0 33 1 0
13 0 34 1 0
27 0 35 1 0
28 0 36 1 0
26 0 37 1 0
43 0 38 1 0
33 0 39 1 0
7 0 40 1 0
32 0 41 1 0
68 0 42 1 0
70 0 43 1 0
5 0 44 1 0
57 0 45 1 0
83 0 46 1 0
84 0 47 1 0
64 0 48 1 0
65 0 49 1 0
66 0 50 1 0
46 0 51 1 0
4 31 52 0 1
4 24 32 0 1
4 25 30 0 1
17 49 25 1 0
3 49 26 1 0
71 49 27 1 0
74 49 28 1 0
36 49 29 2 0
72 48 30 1 0
12 48 31 3 0
45 47 32 1 0
9 47 33 4 0
35 45 34 1 0
42 45 35 1 0
4 13 36 0 1
4 17 34 0 1
34 55 34 1 0
13 55 35 1 0
27 55 36 1 0
28 55 37 1 0
26 55 38 1 0
43 55 39 1 0
33 55 40 1 0
7 55 41 1 0
32 55 42 1 0
68 55 43 1 0
70 55 44 1 0
5 55 45 1 0
57 55 46 1 0
83 55 47 1 0
84 55 48 1 0
64 55 49 1 0
35 55 50 1 0
42 55 51 1 0
4 13 52 0 1
4 23 34 0 1
14 4 32 1 0
4 5 33 0 1
34 90 32 1 0
13 90 33 1 0
27 90 34 1 0
28 90 35 1 0
26 90 36 1 0
43 90 37 1 0
33 90 38 1 0
7 90 39 1 0
32 90 40 1 0
68 90 41 1 0
70 90 42 1 0
5 90 43 1 0
57 90 44 1 0
83 90 45 1 0
84 90 46 1 0
64 90 47 1 0
65 90 48 1 0
66 90 49 5 0
77 89 50 1 0
61 89 51 1 0
42 89 52 1 0
4 13 53 0 1
4 8 50 0 1
42 78 50 1 0
4 13 51 0 1
4 18 50 0 1
4 24 50 0 1
4 25 30 0 1
4 22 24 0 1
17 82 15 1 0
3 82 16 1 0
71 82 17 1 0
74 82 18 1 0
36 82 19 2 0
72 81 20 1 0
54 81 21 4 0
56 80 22 1 0
86 80 23 1 0
4 13 24 0 1
4 18 22 0 1
8 45 22 1 0
34 45 23 1 0
13 45 24 1 0
27 45 25 1 0
28 45 26 1 0
26 45 27 1 0
43 45 28 1 0
33 45 29 1 0
7 45 30 1 0
32 45 31 1 0
68 45 32 1 0
70 45 33 1 0
5 45 34 1 0
57 45 35 1 0
83 45 36 1 0
84 45 37 1 0
64 45 38 1 0
35 45 39 1 0
42 45 40 1 0
4 13 41 0 1
4 24 22 0 1
4 25 20 0 1
4 22 14 0 1
4 22 8 0 1
