1 93 0 1 0
25 83 1 1 0
59 83 2 1 0
74 83 3 1 0
0 93 4 1 0
21 83 5 1 0
57 83 6 4 0
23 82 7 1 0
4 21 8 0 1
4 6 7 0 1
75 19 7 1 0
4 13 8 0 1
19 92 7 3 0
4 15 8 0 1
20 84 8 1 0
22 84 9 1 0
2 93 10 1 0
51 84 11 4 0
55 82 12 1 0
4 21 13 0 1
55 85 12 1 0
4 26 13 0 1
53 88 12 2 0
68 87 13 1 0
4 40 14 0 1
52 67 13 4 0
42 66 14 1 0
4 13 15 0 1
4 17 14 0 1
41 31 14 1 0
40 31 15 2 0
81 30 16 1 0
80 30 17 1 0
77 30 18 2 0
78 28 19 1 0
75 28 20 1 0
4 13 21 0 1
31 42 19 2 0
4 16 20 0 1
4 23 20 0 1
86 50 16 1 0
42 50 17 1 0
4 13 18 0 1
4 24 14 0 1
50 91 12 1 0
16 91 13 3 0
4 15 14 0 1
18 65 14 4 0
17 64 15 1 0
48 64 16 2 0
47 63 17 2 0
49 62 18 1 0
81 62 19 1 0
80 62 20 1 0
78 62 21 3 0
60 61 22 3 0
42 60 23 1 0
4 13 24 0 1
4 8 23 0 1
60 86 23 1 0
42 86 24 1 0
4 13 25 0 1
4 8 22 0 1
75 27 22 1 0
4 13 23 0 1
87 70 18 1 0
85 70 19 3 0
86 68 20 1 0
42 68 21 1 0
4 13 22 0 1
4 5 20 0 1
88 72 20 1 0
34 72 21 1 0
13 72 22 1 0
27 72 23 1 0
28 72 24 1 0
26 72 25 1 0
43 72 26 1 0
33 72 27 1 0
7 72 28 1 0
32 72 29 1 0
67 72 30 1 0
69 72 31 1 0
5 72 32 1 0
56 72 33 1 0
82 72 34 1 0
83 72 35 1 0
63 72 36 1 0
64 72 37 1 0
65 72 38 1 0
84 72 39 5 0
4 20 40 0 1
24 62 40 5 0
42 60 41 1 0
4 13 42 0 1
4 8 41 0 1
42 86 41 1 0
4 13 42 0 1
4 8 41 0 1
42 27 41 1 0
4 13 42 0 1
4 17 40 0 1
8 33 40 1 0
34 33 41 1 0
13 33 42 1 0
27 33 43 1 0
28 33 44 1 0
26 33 45 1 0
43 33 46 1 0
33 33 47 1 0
7 33 48 1 0
32 33 49 1 0
67 33 50 1 0
69 33 51 1 0
5 33 52 1 0
56 33 53 1 0
82 33 54 1 0
83 33 55 1 0
63 33 56 1 0
35 33 57 3 0
6 32 58 1 0
42 32 59 1 0
4 13 60 0 1
4 8 58 0 1
42 53 58 1 0
4 13 59 0 1
4 24 40 0 1
4 25 17 0 1
17 57 15 1 0
48 57 16 2 0
47 56 17 2 0
49 55 18 1 0
81 55 19 1 0
80 55 20 1 0
77 55 21 2 0
79 54 22 1 0
58 54 23 1 0
44 54 24 1 0
4 12 25 0 1
31 42 22 2 0
4 16 23 0 1
4 23 23 0 1
87 75 18 1 0
85 75 19 3 0
86 74 20 1 0
42 74 21 1 0
4 13 22 0 1
4 5 20 0 1
88 71 20 1 0
34 71 21 1 0
13 71 22 1 0
27 71 23 1 0
28 71 24 1 0
26 71 25 1 0
43 71 26 1 0
33 71 27 1 0
7 71 28 1 0
32 71 29 1 0
67 71 30 1 0
69 71 31 1 0
5 71 32 1 0
56 71 33 1 0
82 71 34 1 0
83 71 35 1 0
63 71 36 1 0
64 71 37 1 0
10 71 38 1 0
11 71 39 3 0
4 20 40 0 1
66 54 40 1 0
58 54 41 1 0
44 54 42 1 0
4 12 43 0 1
30 41 40 1 0
29 41 41 3 0
4 16 42 0 1
34 2 42 1 0
13 2 43 1 0
27 2 44 1 0
28 2 45 1 0
26 2 46 1 0
43 2 47 1 0
33 2 48 1 0
7 2 49 1 0
32 2 50 1 0
67 2 51 1 0
69 2 52 1 0
5 2 53 1 0
56 2 54 1 0
82 2 55 1 0
83 2 56 1 0
63 2 57 1 0
64 2 58 1 0
65 2 59 1 0
46 2 60 1 0
4 14 61 0 1
4 23 42 0 1
4 25 17 0 1
17 51 15 1 0
3 51 16 1 0
70 51 17 1 0
38 51 18 1 0
15 51 19 9 0
4 9 20 0 1
4 17 20 0 1
37 58 20 1 0
47 58 21 2 0
49 54 22 1 0
81 54 23 1 0
79 54 24 1 0
58 54 25 1 0
44 54 26 1 0
4 12 27 0 1
87 47 22 1 0
85 47 23 3 0
86 43 24 1 0
42 43 25 1 0
4 13 26 0 1
4 5 24 0 1
88 1 24 1 0
34 1 25 1 0
13 1 26 1 0
27 1 27 1 0
28 1 28 1 0
26 1 29 1 0
43 1 30 1 0
33 1 31 1 0
7 1 32 1 0
32 1 33 1 0
67 1 34 1 0
69 1 35 1 0
5 1 36 1 0
56 1 37 1 0
82 1 38 1 0
83 1 39 1 0
63 1 40 1 0
64 1 41 1 0
65 1 42 1 0
46 1 43 1 0
4 14 44 0 1
4 25 20 0 1
34 46 20 1 0
13 46 21 1 0
27 46 22 1 0
28 46 23 1 0
26 46 24 1 0
43 46 25 1 0
33 46 26 1 0
7 46 27 1 0
32 46 28 1 0
67 46 29 3 0
67 43 30 1 0
69 43 31 1 0
5 43 32 1 0
56 43 33 1 0
82 43 34 1 0
83 43 35 1 0
63 43 36 1 0
35 43 37 1 0
42 43 38 1 0
4 13 39 0 1
4 18 30 0 1
69 2 30 1 0
5 2 31 1 0
56 2 32 1 0
82 2 33 1 0
83 2 34 1 0
63 2 35 1 0
64 2 36 1 0
65 2 37 1 0
46 2 38 1 0
4 14 39 0 1
4 25 20 0 1
39 44 20 1 0
72 44 21 1 0
71 44 22 1 0
62 44 23 2 0
63 43 24 1 0
35 43 25 1 0
42 43 26 1 0
4 13 27 0 1
4 11 24 0 1
4 24 20 0 1
3 89 20 1 0
70 89 21 1 0
73 89 22 1 0
16 89 23 3 0
4 15 24 0 1
18 37 24 2 0
17 36 25 1 0
3 36 26 1 0
70 36 27 1 0
73 36 28 1 0
36 36 29 2 0
71 35 30 1 0
54 35 31 6 0
76 34 32 1 0
60 34 33 3 0
42 32 34 1 0
4 13 35 0 1
4 8 34 0 1
60 79 34 1 0
42 79 35 1 0
4 13 36 0 1
4 8 32 0 1
42 80 32 1 0
4 13 33 0 1
4 17 32 0 1
8 0 32 1 0
34 0 33 1 0
13 0 34 1 0
27 0 35 1 0
28 0 36 1 0
26 0 37 1 0
43 0 38 1 0
33 0 39 1 0
7 0 40 1 0
32 0 41 1 0
67 0 42 1 0
69 0 43 1 0
5 0 44 1 0
56 0 45 1 0
82 0 46 1 0
83 0 47 1 0
63 0 48 1 0
64 0 49 1 0
65 0 50 1 0
46 0 51 1 0
4 29 52 0 1
4 24 32 0 1
4 25 30 0 1
17 78 25 1 0
3 78 26 1 0
70 78 27 1 0
73 78 28 1 0
36 78 29 2 0
71 77 30 1 0
12 77 31 3 0
45 76 32 1 0
9 76 33 4 0
35 74 34 1 0
42 74 35 1 0
4 13 36 0 1
4 16 34 0 1
34 43 34 1 0
13 43 35 1 0
27 43 36 1 0
28 43 37 1 0
26 43 38 1 0
43 43 39 1 0
33 43 40 1 0
7 43 41 1 0
32 43 42 1 0
67 43 43 1 0
69 43 44 1 0
5 43 45 1 0
56 43 46 1 0
82 43 47 1 0
83 43 48 1 0
63 43 49 1 0
35 43 50 1 0
42 43 51 1 0
4 13 52 0 1
4 23 34 0 1
14 4 32 1 0
4 5 33 0 1
34 69 32 1 0
13 69 33 1 0
27 69 34 1 0
28 69 35 1 0
26 69 36 1 0
43 69 37 1 0
33 69 38 1 0
7 69 39 1 0
32 69 40 1 0
67 69 41 1 0
69 69 42 1 0
5 69 43 1 0
56 69 44 1 0
82 69 45 1 0
83 69 46 1 0
63 69 47 1 0
64 69 48 1 0
65 69 49 5 0
76 68 50 1 0
60 68 51 1 0
42 68 52 1 0
4 13 53 0 1
4 8 50 0 1
42 73 50 1 0
4 13 51 0 1
4 17 50 0 1
4 24 50 0 1
4 25 30 0 1
4 22 24 0 1
17 52 15 1 0
3 52 16 1 0
70 52 17 1 0
38 52 18 1 0
15 52 19 9 0
4 9 20 0 1
4 17 20 0 1
37 59 20 1 0
47 59 21 2 0
49 54 22 1 0
81 54 23 1 0
79 54 24 1 0
58 54 25 1 0
44 54 26 1 0
4 12 27 0 1
87 48 22 1 0
85 48 23 3 0
86 43 24 1 0
42 43 25 1 0
4 13 26 0 1
4 5 24 0 1
88 3 24 1 0
34 3 25 1 0
13 3 26 1 0
27 3 27 1 0
28 3 28 1 0
26 3 29 1 0
43 3 30 1 0
33 3 31 1 0
7 3 32 1 0
32 3 33 1 0
67 3 34 1 0
69 3 35 1 0
5 3 36 1 0
56 3 37 1 0
82 3 38 1 0
83 3 39 1 0
63 3 40 1 0
64 3 41 1 0
65 3 42 1 0
46 3 43 1 0
4 14 44 0 1
4 25 20 0 1
34 49 20 1 0
13 49 21 1 0
27 49 22 1 0
28 49 23 1 0
26 49 24 1 0
43 49 25 1 0
33 49 26 1 0
7 49 27 1 0
32 49 28 1 0
67 49 29 3 0
67 43 30 1 0
69 43 31 1 0
5 43 32 1 0
56 43 33 1 0
82 43 34 1 0
83 43 35 1 0
63 43 36 1 0
35 43 37 1 0
42 43 38 1 0
4 13 39 0 1
4 10 30 0 1
69 1 30 1 0
5 1 31 1 0
56 1 32 1 0
82 1 33 1 0
83 1 34 1 0
63 1 35 1 0
64 1 36 1 0
65 1 37 1 0
46 1 38 1 0
4 14 39 0 1
4 25 20 0 1
39 45 20 1 0
72 45 21 1 0
71 45 22 1 0
61 45 23 2 0
63 43 24 1 0
35 43 25 1 0
42 43 26 1 0
4 13 27 0 1
4 7 24 0 1
4 24 20 0 1
3 90 20 1 0
70 90 21 1 0
73 90 22 1 0
16 90 23 3 0
4 15 24 0 1
18 39 24 1 0
17 39 25 1 0
3 39 26 1 0
70 39 27 1 0
73 39 28 1 0
36 39 29 2 0
71 38 30 1 0
54 38 31 6 0
76 34 32 1 0
60 34 33 3 0
42 32 34 1 0
4 13 35 0 1
4 8 34 0 1
60 79 34 1 0
42 79 35 1 0
4 13 36 0 1
4 8 32 0 1
42 81 32 1 0
4 13 33 0 1
4 17 32 0 1
8 76 32 1 0
34 76 33 1 0
13 76 34 1 0
27 76 35 1 0
28 76 36 1 0
26 76 37 1 0
43 76 38 1 0
33 76 39 1 0
7 76 40 1 0
32 76 41 1 0
67 76 42 1 0
69 76 43 1 0
5 76 44 1 0
56 76 45 1 0
82 76 46 1 0
83 76 47 1 0
63 76 48 1 0
64 76 49 1 0
65 76 50 4 0
35 74 51 1 0
42 74 52 1 0
4 13 53 0 1
4 16 51 0 1
34 43 51 1 0
13 43 52 1 0
27 43 53 1 0
28 43 54 1 0
26 43 55 1 0
43 43 56 1 0
33 43 57 1 0
7 43 58 1 0
32 43 59 1 0
67 43 60 1 0
69 43 61 1 0
5 43 62 1 0
56 43 63 1 0
82 43 64 1 0
83 43 65 1 0
63 43 66 1 0
35 43 67 1 0
42 43 68 1 0
4 13 69 0 1
4 23 51 0 1
4 24 32 0 1
4 25 30 0 1
4 22 24 0 1
4 22 14 0 1
4 22 8 0 1
