1 93 0 1 0
25 80 1 1 0
59 80 2 1 0
74 80 3 1 0
0 93 4 1 0
21 80 5 1 0
57 80 6 4 0
23 79 7 1 0
4 21 8 0 1
4 6 7 0 1
75 15 7 1 0
4 13 8 0 1
19 92 7 3 0
4 16 8 0 1
20 81 8 1 0
22 81 9 1 0
2 93 10 1 0
51 81 11 4 0
55 79 12 1 0
4 21 13 0 1
55 85 12 1 0
4 26 13 0 1
53 88 12 2 0
68 87 13 1 0
4 40 14 0 1
52 72 13 4 0
42 71 14 1 0
4 13 15 0 1
4 18 14 0 1
41 31 14 1 0
40 31 15 2 0
81 30 16 1 0
80 30 17 1 0
77 30 18 2 0
78 28 19 1 0
75 28 20 1 0
4 13 21 0 1
31 42 19 2 0
4 17 20 0 1
4 23 20 0 1
86 48 16 1 0
42 48 17 1 0
4 13 18 0 1
4 24 14 0 1
50 91 12 1 0
16 91 13 3 0
4 16 14 0 1
18 70 14 4 0
17 69 15 1 0
48 69 16 2 0
47 68 17 2 0
49 67 18 1 0
81 67 19 1 0
80 67 20 1 0
78 67 21 3 0
60 66 22 3 0
42 65 23 1 0
4 13 24 0 1
4 8 23 0 1
60 86 23 1 0
42 86 24 1 0
4 13 25 0 1
4 8 22 0 1
75 27 22 1 0
4 13 23 0 1
87 84 18 1 0
85 84 19 3 0
86 82 20 1 0
42 82 21 1 0
4 13 22 0 1
4 5 20 0 1
88 74 20 1 0
34 74 21 1 0
13 74 22 1 0
27 74 23 1 0
28 74 24 1 0
26 74 25 1 0
43 74 26 1 0
33 74 27 1 0
7 74 28 1 0
32 74 29 1 0
67 74 30 1 0
69 74 31 1 0
5 74 32 1 0
56 74 33 1 0
82 74 34 1 0
83 74 35 1 0
63 74 36 1 0
64 74 37 1 0
65 74 38 1 0
84 74 39 5 0
4 20 40 0 1
24 67 40 5 0
42 65 41 1 0
4 13 42 0 1
4 8 41 0 1
42 86 41 1 0
4 13 42 0 1
4 8 41 0 1
42 27 41 1 0
4 13 42 0 1
4 18 40 0 1
8 33 40 1 0
34 33 41 1 0
13 33 42 1 0
27 33 43 1 0
28 33 44 1 0
26 33 45 1 0
43 33 46 1 0
33 33 47 1 0
7 33 48 1 0
32 33 49 1 0
67 33 50 1 0
69 33 51 1 0
5 33 52 1 0
56 33 53 1 0
82 33 54 1 0
83 33 55 1 0
63 33 56 1 0
35 33 57 3 0
6 32 58 1 0
42 32 59 1 0
4 13 60 0 1
4 8 58 0 1
42 58 58 1 0
4 13 59 0 1
4 24 40 0 1
4 25 17 0 1
17 62 15 1 0
48 62 16 2 0
47 61 17 2 0
49 60 18 1 0
81 60 19 1 0
80 60 20 1 0
77 60 21 2 0
79 59 22 1 0
58 59 23 1 0
44 59 24 1 0
4 12 25 0 1
31 42 22 2 0
4 17 23 0 1
4 23 23 0 1
87 44 18 1 0
85 44 19 3 0
86 43 20 1 0
42 43 21 1 0
4 13 22 0 1
4 5 20 0 1
88 73 20 1 0
34 73 21 1 0
13 73 22 1 0
27 73 23 1 0
28 73 24 1 0
26 73 25 1 0
43 73 26 1 0
33 73 27 1 0
7 73 28 1 0
32 73 29 1 0
67 73 30 1 0
69 73 31 1 0
5 73 32 1 0
56 73 33 1 0
82 73 34 1 0
83 73 35 1 0
63 73 36 1 0
64 73 37 1 0
10 73 38 1 0
11 73 39 3 0
4 20 40 0 1
66 59 40 1 0
58 59 41 1 0
44 59 42 1 0
4 12 43 0 1
30 41 40 1 0
29 41 41 3 0
4 17 42 0 1
34 2 42 1 0
13 2 43 1 0
27 2 44 1 0
28 2 45 1 0
26 2 46 1 0
43 2 47 1 0
33 2 48 1 0
7 2 49 1 0
32 2 50 1 0
67 2 51 1 0
69 2 52 1 0
5 2 53 1 0
56 2 54 1 0
82 2 55 1 0
83 2 56 1 0
63 2 57 1 0
64 2 58 1 0
65 2 59 1 0
46 2 60 1 0
4 14 61 0 1
4 23 42 0 1
4 25 17 0 1
17 49 15 1 0
3 49 16 1 0
70 49 17 1 0
38 49 18 1 0
15 49 19 9 0
4 9 20 0 1
4 18 20 0 1
37 63 20 1 0
47 63 21 2 0
49 59 22 1 0
81 59 23 1 0
79 59 24 1 0
58 59 25 1 0
44 59 26 1 0
4 12 27 0 1
87 55 22 1 0
85 55 23 3 0
86 51 24 1 0
42 51 25 1 0
4 13 26 0 1
4 5 24 0 1
88 1 24 1 0
34 1 25 1 0
13 1 26 1 0
27 1 27 1 0
28 1 28 1 0
26 1 29 1 0
43 1 30 1 0
33 1 31 1 0
7 1 32 1 0
32 1 33 1 0
67 1 34 1 0
69 1 35 1 0
5 1 36 1 0
56 1 37 1 0
82 1 38 1 0
83 1 39 1 0
63 1 40 1 0
64 1 41 1 0
65 1 42 1 0
46 1 43 1 0
4 14 44 0 1
4 25 20 0 1
34 54 20 1 0
13 54 21 1 0
27 54 22 1 0
28 54 23 1 0
26 54 24 1 0
43 54 25 1 0
33 54 26 1 0
7 54 27 1 0
32 54 28 1 0
67 54 29 3 0
67 51 30 1 0
69 51 31 1 0
5 51 32 1 0
56 51 33 1 0
82 51 34 1 0
83 51 35 1 0
63 51 36 1 0
35 51 37 1 0
42 51 38 1 0
4 13 39 0 1
4 19 30 0 1
69 2 30 1 0
5 2 31 1 0
56 2 32 1 0
82 2 33 1 0
83 2 34 1 0
63 2 35 1 0
64 2 36 1 0
65 2 37 1 0
46 2 38 1 0
4 14 39 0 1
4 25 20 0 1
39 52 20 1 0
72 52 21 1 0
71 52 22 1 0
62 52 23 2 0
63 51 24 1 0
35 51 25 1 0
42 51 26 1 0
4 13 27 0 1
4 11 24 0 1
4 24 20 0 1
3 89 20 1 0
70 89 21 1 0
73 89 22 1 0
16 89 23 3 0
4 16 24 0 1
18 37 24 2 0
17 36 25 1 0
3 36 26 1 0
70 36 27 1 0
73 36 28 1 0
36 36 29 2 0
71 35 30 1 0
54 35 31 6 0
76 34 32 1 0
60 34 33 3 0
42 32 34 1 0
4 13 35 0 1
4 8 34 0 1
60 76 34 1 0
42 76 35 1 0
4 13 36 0 1
4 8 32 0 1
42 77 32 1 0
4 13 33 0 1
4 18 32 0 1
8 0 32 1 0
34 0 33 1 0
13 0 34 1 0
27 0 35 1 0
28 0 36 1 0
26 0 37 1 0
43 0 38 1 0
33 0 39 1 0
7 0 40 1 0
32 0 41 1 0
67 0 42 1 0
69 0 43 1 0
5 0 44 1 0
56 0 45 1 0
82 0 46 1 0
83 0 47 1 0
63 0 48 1 0
64 0 49 1 0
65 0 50 1 0
46 0 51 1 0
4 29 52 0 1
4 24 32 0 1
4 25 30 0 1
17 47 25 1 0
3 47 26 1 0
70 47 27 1 0
73 47 28 1 0
36 47 29 2 0
71 46 30 1 0
12 46 31 3 0
45 45 32 1 0
9 45 33 4 0
35 43 34 1 0
42 43 35 1 0
4 13 36 0 1
4 17 34 0 1
34 51 34 1 0
13 51 35 1 0
27 51 36 1 0
28 51 37 1 0
26 51 38 1 0
43 51 39 1 0
33 51 40 1 0
7 51 41 1 0
32 51 42 1 0
67 51 43 1 0
69 51 44 1 0
5 51 45 1 0
56 51 46 1 0
82 51 47 1 0
83 51 48 1 0
63 51 49 1 0
35 51 50 1 0
42 51 51 1 0
4 13 52 0 1
4 23 34 0 1
14 4 32 1 0
4 5 33 0 1
34 83 32 1 0
13 83 33 1 0
27 83 34 1 0
28 83 35 1 0
26 83 36 1 0
43 83 37 1 0
33 83 38 1 0
7 83 39 1 0
32 83 40 1 0
67 83 41 1 0
69 83 42 1 0
5 83 43 1 0
56 83 44 1 0
82 83 45 1 0
83 83 46 1 0
63 83 47 1 0
64 83 48 1 0
65 83 49 5 0
76 82 50 1 0
60 82 51 1 0
42 82 52 1 0
4 13 53 0 1
4 8 50 0 1
42 75 50 1 0
4 13 51 0 1
4 18 50 0 1
4 24 50 0 1
4 25 30 0 1
4 22 24 0 1
17 50 15 1 0
3 50 16 1 0
70 50 17 1 0
38 50 18 1 0
15 50 19 9 0
4 9 20 0 1
4 18 20 0 1
37 64 20 1 0
47 64 21 2 0
49 59 22 1 0
81 59 23 1 0
79 59 24 1 0
58 59 25 1 0
44 59 26 1 0
4 12 27 0 1
87 56 22 1 0
85 56 23 3 0
86 51 24 1 0
42 51 25 1 0
4 13 26 0 1
4 5 24 0 1
88 3 24 1 0
34 3 25 1 0
13 3 26 1 0
27 3 27 1 0
28 3 28 1 0
26 3 29 1 0
43 3 30 1 0
33 3 31 1 0
7 3 32 1 0
32 3 33 1 0
67 3 34 1 0
69 3 35 1 0
5 3 36 1 0
56 3 37 1 0
82 3 38 1 0
83 3 39 1 0
63 3 40 1 0
64 3 41 1 0
65 3 42 1 0
46 3 43 1 0
4 14 44 0 1
4 25 20 0 1
34 57 20 1 0
13 57 21 1 0
27 57 22 1 0
28 57 23 1 0
26 57 24 1 0
43 57 25 1 0
33 57 26 1 0
7 57 27 1 0
32 57 28 1 0
67 57 29 3 0
67 51 30 1 0
69 51 31 1 0
5 51 32 1 0
56 51 33 1 0
82 51 34 1 0
83 51 35 1 0
63 51 36 1 0
35 51 37 1 0
42 51 38 1 0
4 13 39 0 1
4 10 30 0 1
69 1 30 1 0
5 1 31 1 0
56 1 32 1 0
82 1 33 1 0
83 1 34 1 0
63 1 35 1 0
64 1 36 1 0
65 1 37 1 0
46 1 38 1 0
4 14 39 0 1
4 25 20 0 1
39 53 20 1 0
72 53 21 1 0
71 53 22 1 0
61 53 23 2 0
63 51 24 1 0
35 51 25 1 0
42 51 26 1 0
4 13 27 0 1
4 7 24 0 1
4 24 20 0 1
3 90 20 1 0
70 90 21 1 0
73 90 22 1 0
16 90 23 3 0
4 16 24 0 1
18 39 24 1 0
17 39 25 1 0
3 39 26 1 0
70 39 27 1 0
73 39 28 1 0
36 39 29 2 0
71 38 30 1 0
54 38 31 6 0
76 34 32 1 0
60 34 33 3 0
42 32 34 1 0
4 13 35 0 1
4 8 34 0 1
60 76 34 1 0
42 76 35 1 0
4 13 36 0 1
4 8 32 0 1
42 78 32 1 0
4 13 33 0 1
4 18 32 0 1
8 45 32 1 0
34 45 33 1 0
13 45 34 1 0
27 45 35 1 0
28 45 36 1 0
26 45 37 1 0
43 45 38 1 0
33 45 39 1 0
7 45 40 1 0
32 45 41 1 0
67 45 42 1 0
69 45 43 1 0
5 45 44 1 0
56 45 45 1 0
82 45 46 1 0
83 45 47 1 0
63 45 48 1 0
64 45 49 1 0
65 45 50 4 0
35 43 51 1 0
42 43 52 1 0
4 13 53 0 1
4 17 51 0 1
34 51 51 1 0
13 51 52 1 0
27 51 53 1 0
28 51 54 1 0
26 51 55 1 0
43 51 56 1 0
33 51 57 1 0
7 51 58 1 0
32 51 59 1 0
67 51 60 1 0
69 51 61 1 0
5 51 62 1 0
56 51 63 1 0
82 51 64 1 0
83 51 65 1 0
63 51 66 1 0
35 51 67 1 0
42 51 68 1 0
4 13 69 0 1
4 23 51 0 1
4 24 32 0 1
4 25 30 0 1
4 22 24 0 1
4 22 14 0 1
4 22 8 0 1
