1 107 0 1 0
24 58 1 1 0
61 58 2 1 0
76 51 3 1 0
0 107 4 1 0
21 51 5 1 0
59 51 6 3 0
4 7 7 0 1
77 93 7 1 0
4 14 8 0 1
19 106 7 5 0
4 16 8 0 1
20 95 8 1 0
22 95 9 1 0
36 95 10 4 0
37 94 11 1 0
4 26 12 0 1
83 64 11 1 0
82 64 12 1 0
79 64 13 2 0
81 63 14 1 0
60 63 15 1 0
45 63 16 1 0
4 13 17 0 1
30 44 14 2 0
4 17 15 0 1
4 23 15 0 1
90 78 11 1 0
88 78 12 3 0
89 77 13 1 0
43 77 14 1 0
4 14 15 0 1
4 6 13 0 1
91 83 13 1 0
33 83 14 1 0
13 83 15 1 0
26 83 16 1 0
27 83 17 1 0
25 83 18 1 0
44 83 19 1 0
32 83 20 1 0
7 83 21 1 0
31 83 22 1 0
69 83 23 1 0
71 83 24 1 0
5 83 25 1 0
58 83 26 1 0
84 83 27 1 0
85 83 28 1 0
65 83 29 1 0
66 83 30 1 0
10 83 31 1 0
11 83 32 3 0
4 20 33 0 1
68 63 33 1 0
60 63 34 1 0
45 63 35 1 0
4 13 36 0 1
29 43 33 1 0
28 43 34 3 0
4 17 35 0 1
33 2 35 1 0
13 2 36 1 0
26 2 37 1 0
27 2 38 1 0
25 2 39 1 0
44 2 40 1 0
32 2 41 1 0
7 2 42 1 0
31 2 43 1 0
69 2 44 1 0
71 2 45 1 0
5 2 46 1 0
58 2 47 1 0
84 2 48 1 0
85 2 49 1 0
65 2 50 1 0
66 2 51 1 0
67 2 52 1 0
47 2 53 1 0
4 15 54 0 1
4 23 35 0 1
4 25 11 0 1
20 92 8 1 0
22 92 9 1 0
2 107 10 1 0
52 92 11 4 0
56 91 12 1 0
4 21 13 0 1
56 94 12 1 0
4 26 13 0 1
54 99 12 2 0
70 98 13 1 0
4 41 14 0 1
53 76 13 4 0
43 75 14 1 0
4 14 15 0 1
4 19 14 0 1
42 32 14 1 0
41 32 15 2 0
83 31 16 1 0
82 31 17 1 0
79 31 18 2 0
80 29 19 1 0
77 29 20 1 0
4 14 21 0 1
30 44 19 2 0
4 17 20 0 1
4 23 20 0 1
89 50 16 1 0
43 50 17 1 0
4 14 18 0 1
4 24 14 0 1
51 105 12 1 0
16 105 13 3 0
4 16 14 0 1
18 74 14 5 0
17 73 15 1 0
49 73 16 2 0
48 72 17 2 0
50 71 18 1 0
83 71 19 1 0
82 71 20 1 0
80 71 21 3 0
62 70 22 3 0
43 69 23 1 0
4 14 24 0 1
4 9 23 0 1
62 97 23 1 0
43 97 24 1 0
4 14 25 0 1
4 9 22 0 1
77 28 22 1 0
4 14 23 0 1
90 62 18 1 0
88 62 19 3 0
89 60 20 1 0
43 60 21 1 0
4 14 22 0 1
4 6 20 0 1
91 84 20 1 0
33 84 21 1 0
13 84 22 1 0
26 84 23 1 0
27 84 24 1 0
25 84 25 1 0
44 84 26 1 0
32 84 27 1 0
7 84 28 1 0
31 84 29 1 0
69 84 30 1 0
71 84 31 1 0
5 84 32 1 0
58 84 33 1 0
84 84 34 1 0
85 84 35 1 0
65 84 36 1 0
66 84 37 1 0
67 84 38 1 0
86 84 39 5 0
4 20 40 0 1
23 71 40 5 0
43 69 41 1 0
4 14 42 0 1
4 9 41 0 1
43 97 41 1 0
4 14 42 0 1
4 9 41 0 1
43 28 41 1 0
4 14 42 0 1
4 19 40 0 1
8 34 40 1 0
33 34 41 1 0
13 34 42 1 0
26 34 43 1 0
27 34 44 1 0
25 34 45 1 0
44 34 46 1 0
32 34 47 1 0
7 34 48 1 0
31 34 49 1 0
69 34 50 1 0
71 34 51 1 0
5 34 52 1 0
58 34 53 1 0
84 34 54 1 0
85 34 55 1 0
65 34 56 1 0
34 34 57 3 0
6 33 58 1 0
43 33 59 1 0
4 14 60 0 1
4 9 58 0 1
43 59 58 1 0
4 14 59 0 1
4 24 40 0 1
4 25 17 0 1
17 68 15 1 0
49 68 16 2 0
48 67 17 2 0
50 63 18 1 0
83 63 19 1 0
81 63 20 1 0
60 63 21 1 0
45 63 22 1 0
4 13 23 0 1
90 56 18 1 0
88 56 19 3 0
89 53 20 1 0
43 53 21 1 0
4 14 22 0 1
4 6 20 0 1
91 3 20 1 0
33 3 21 1 0
13 3 22 1 0
26 3 23 1 0
27 3 24 1 0
25 3 25 1 0
44 3 26 1 0
32 3 27 1 0
7 3 28 1 0
31 3 29 1 0
69 3 30 1 0
71 3 31 1 0
5 3 32 1 0
58 3 33 1 0
84 3 34 1 0
85 3 35 1 0
65 3 36 1 0
66 3 37 1 0
67 3 38 1 0
47 3 39 1 0
4 15 40 0 1
4 25 17 0 1
17 66 15 1 0
49 66 16 2 0
48 65 17 2 0
50 63 18 1 0
83 63 19 1 0
81 63 20 1 0
60 63 21 1 0
45 63 22 1 0
4 13 23 0 1
90 49 18 1 0
88 49 19 3 0
89 45 20 1 0
43 45 21 1 0
4 14 22 0 1
4 6 20 0 1
91 1 20 1 0
33 1 21 1 0
13 1 22 1 0
26 1 23 1 0
27 1 24 1 0
25 1 25 1 0
44 1 26 1 0
32 1 27 1 0
7 1 28 1 0
31 1 29 1 0
69 1 30 1 0
71 1 31 1 0
5 1 32 1 0
58 1 33 1 0
84 1 34 1 0
85 1 35 1 0
65 1 36 1 0
66 1 37 1 0
67 1 38 1 0
47 1 39 1 0
4 15 40 0 1
4 25 17 0 1
17 101 15 1 0
3 101 16 1 0
72 101 17 1 0
92 101 18 5 0
4 42 19 0 1
4 19 19 0 1
33 57 19 1 0
13 57 20 1 0
26 57 21 1 0
27 57 22 1 0
25 57 23 1 0
44 57 24 1 0
32 57 25 1 0
7 57 26 1 0
31 57 27 1 0
69 57 28 3 0
69 53 29 1 0
71 53 30 1 0
5 53 31 1 0
58 53 32 1 0
84 53 33 1 0
85 53 34 1 0
65 53 35 1 0
34 53 36 1 0
43 53 37 1 0
4 14 38 0 1
4 11 29 0 1
71 1 29 1 0
5 1 30 1 0
58 1 31 1 0
84 1 32 1 0
85 1 33 1 0
65 1 34 1 0
66 1 35 1 0
67 1 36 1 0
47 1 37 1 0
4 15 38 0 1
4 24 19 0 1
3 102 19 1 0
72 102 20 1 0
75 102 21 1 0
16 102 22 3 0
4 16 23 0 1
18 38 23 4 0
17 37 24 1 0
3 37 25 1 0
72 37 26 1 0
75 37 27 1 0
35 37 28 2 0
73 36 29 1 0
55 36 30 6 0
78 35 31 1 0
62 35 32 3 0
43 33 33 1 0
4 14 34 0 1
4 9 33 0 1
62 86 33 1 0
43 86 34 1 0
4 14 35 0 1
4 9 31 0 1
43 87 31 1 0
4 14 32 0 1
4 19 31 0 1
8 0 31 1 0
33 0 32 1 0
13 0 33 1 0
26 0 34 1 0
27 0 35 1 0
25 0 36 1 0
44 0 37 1 0
32 0 38 1 0
7 0 39 1 0
31 0 40 1 0
69 0 41 1 0
71 0 42 1 0
5 0 43 1 0
58 0 44 1 0
84 0 45 1 0
85 0 46 1 0
65 0 47 1 0
66 0 48 1 0
67 0 49 1 0
47 0 50 1 0
4 30 51 0 1
4 24 31 0 1
4 25 29 0 1
17 82 24 1 0
3 82 25 1 0
72 82 26 1 0
75 82 27 1 0
35 82 28 2 0
73 81 29 1 0
12 81 30 3 0
46 80 31 1 0
9 80 32 4 0
34 77 33 1 0
43 77 34 1 0
4 14 35 0 1
4 17 33 0 1
33 45 33 1 0
13 45 34 1 0
26 45 35 1 0
27 45 36 1 0
25 45 37 1 0
44 45 38 1 0
32 45 39 1 0
7 45 40 1 0
31 45 41 1 0
69 45 42 1 0
71 45 43 1 0
5 45 44 1 0
58 45 45 1 0
84 45 46 1 0
85 45 47 1 0
65 45 48 1 0
34 45 49 1 0
43 45 50 1 0
4 14 51 0 1
4 23 33 0 1
14 5 31 1 0
4 6 32 0 1
33 61 31 1 0
13 61 32 1 0
26 61 33 1 0
27 61 34 1 0
25 61 35 1 0
44 61 36 1 0
32 61 37 1 0
7 61 38 1 0
31 61 39 1 0
69 61 40 1 0
71 61 41 1 0
5 61 42 1 0
58 61 43 1 0
84 61 44 1 0
85 61 45 1 0
65 61 46 1 0
66 61 47 1 0
67 61 48 5 0
78 60 49 1 0
62 60 50 1 0
43 60 51 1 0
4 14 52 0 1
4 9 49 0 1
43 85 49 1 0
4 14 50 0 1
4 19 49 0 1
4 24 49 0 1
4 25 29 0 1
17 47 24 1 0
3 47 25 1 0
72 47 26 1 0
75 47 27 1 0
35 47 28 2 0
73 46 29 1 0
64 46 30 2 0
65 45 31 1 0
34 45 32 1 0
43 45 33 1 0
4 14 34 0 1
4 12 31 0 1
4 25 29 0 1
17 55 24 1 0
3 55 25 1 0
72 55 26 1 0
75 55 27 1 0
35 55 28 2 0
73 54 29 1 0
63 54 30 2 0
65 53 31 1 0
34 53 32 1 0
43 53 33 1 0
4 14 34 0 1
4 8 31 0 1
4 25 29 0 1
4 22 23 0 1
17 89 15 1 0
3 89 16 1 0
72 89 17 1 0
75 89 18 1 0
35 89 19 2 0
73 88 20 1 0
55 88 21 3 0
57 87 22 1 0
87 87 23 1 0
4 14 24 0 1
4 19 22 0 1
4 24 22 0 1
4 25 20 0 1
4 22 14 0 1
20 96 8 1 0
22 96 9 1 0
2 107 10 1 0
52 96 11 3 0
56 94 12 1 0
4 26 13 0 1
54 100 12 2 0
70 98 13 1 0
4 41 14 0 1
53 88 13 3 0
43 87 14 1 0
4 14 15 0 1
4 19 14 0 1
4 24 14 0 1
51 104 12 1 0
16 104 13 3 0
4 16 14 0 1
18 52 14 1 0
17 52 15 1 0
3 52 16 1 0
72 52 17 1 0
39 52 18 1 0
15 52 19 9 0
4 10 20 0 1
4 19 20 0 1
38 65 20 1 0
48 65 21 2 0
50 63 22 1 0
83 63 23 1 0
81 63 24 1 0
60 63 25 1 0
45 63 26 1 0
4 13 27 0 1
90 49 22 1 0
88 49 23 3 0
89 45 24 1 0
43 45 25 1 0
4 14 26 0 1
4 6 24 0 1
91 1 24 1 0
33 1 25 1 0
13 1 26 1 0
26 1 27 1 0
27 1 28 1 0
25 1 29 1 0
44 1 30 1 0
32 1 31 1 0
7 1 32 1 0
31 1 33 1 0
69 1 34 1 0
71 1 35 1 0
5 1 36 1 0
58 1 37 1 0
84 1 38 1 0
85 1 39 1 0
65 1 40 1 0
66 1 41 1 0
67 1 42 1 0
47 1 43 1 0
4 15 44 0 1
4 25 20 0 1
33 48 20 1 0
13 48 21 1 0
26 48 22 1 0
27 48 23 1 0
25 48 24 1 0
44 48 25 1 0
32 48 26 1 0
7 48 27 1 0
31 48 28 1 0
69 48 29 3 0
69 45 30 1 0
71 45 31 1 0
5 45 32 1 0
58 45 33 1 0
84 45 34 1 0
85 45 35 1 0
65 45 36 1 0
34 45 37 1 0
43 45 38 1 0
4 14 39 0 1
4 18 30 0 1
71 3 30 1 0
5 3 31 1 0
58 3 32 1 0
84 3 33 1 0
85 3 34 1 0
65 3 35 1 0
66 3 36 1 0
67 3 37 1 0
47 3 38 1 0
4 15 39 0 1
4 25 20 0 1
40 46 20 1 0
74 46 21 1 0
73 46 22 1 0
64 46 23 2 0
65 45 24 1 0
34 45 25 1 0
43 45 26 1 0
4 14 27 0 1
4 12 24 0 1
4 24 20 0 1
3 103 20 1 0
72 103 21 1 0
75 103 22 1 0
16 103 23 3 0
4 16 24 0 1
18 40 24 1 0
17 40 25 1 0
3 40 26 1 0
72 40 27 1 0
75 40 28 1 0
35 40 29 2 0
73 39 30 1 0
55 39 31 6 0
78 35 32 1 0
62 35 33 3 0
43 33 34 1 0
4 14 35 0 1
4 9 34 0 1
62 86 34 1 0
43 86 35 1 0
4 14 36 0 1
4 9 32 0 1
43 90 32 1 0
4 14 33 0 1
4 19 32 0 1
8 79 32 1 0
33 79 33 1 0
13 79 34 1 0
26 79 35 1 0
27 79 36 1 0
25 79 37 1 0
44 79 38 1 0
32 79 39 1 0
7 79 40 1 0
31 79 41 1 0
69 79 42 1 0
71 79 43 1 0
5 79 44 1 0
58 79 45 1 0
84 79 46 1 0
85 79 47 1 0
65 79 48 1 0
66 79 49 1 0
67 79 50 4 0
34 77 51 1 0
43 77 52 1 0
4 14 53 0 1
4 17 51 0 1
33 4 51 1 0
13 4 52 1 0
26 4 53 1 0
27 4 54 1 0
25 4 55 1 0
44 4 56 1 0
32 4 57 1 0
7 4 58 1 0
31 4 59 1 0
69 4 60 1 0
71 4 61 1 0
5 4 62 3 0
5 3 63 1 0
58 3 64 1 0
84 3 65 1 0
85 3 66 1 0
65 3 67 1 0
66 3 68 1 0
67 3 69 1 0
47 3 70 1 0
4 15 71 0 1
4 27 63 0 1
58 45 63 1 0
84 45 64 1 0
85 45 65 1 0
65 45 66 1 0
34 45 67 1 0
43 45 68 1 0
4 14 69 0 1
4 23 51 0 1
4 24 32 0 1
4 25 30 0 1
4 22 24 0 1
4 22 14 0 1
4 22 8 0 1
