1 0 1 0
17 1 1 0
40 2 1 0
51 3 1 0
0 4 1 0
14 5 1 0
39 6 4 0
16 7 1 0
4 8 0 1
4 7 0 1
52 7 1 0
4 8 0 1
12 7 4 0
4 8 0 1
13 8 1 0
15 9 1 0
2 10 1 0
32 11 4 0
36 12 1 0
4 13 0 1
36 12 1 0
4 13 0 1
34 12 2 0
46 13 1 0
4 14 0 1
33 13 4 0
28 14 1 0
4 15 0 1
4 14 0 1
27 14 1 0
26 15 2 0
57 16 1 0
56 17 1 0
54 18 2 0
55 19 1 0
52 20 1 0
4 21 0 1
21 19 2 0
4 20 0 1
4 20 0 1
61 16 1 0
28 17 1 0
4 18 0 1
4 14 0 1
31 12 1 0
9 13 3 0
4 14 0 1
11 14 1 0
10 15 1 0
3 16 1 0
48 17 1 0
50 18 1 0
25 19 2 0
49 20 1 0
35 21 3 0
37 22 1 0
60 23 1 0
4 24 0 1
4 22 0 1
4 22 0 1
4 20 0 1
4 14 0 1
13 8 1 0
15 9 1 0
2 10 1 0
32 11 4 0
36 12 1 0
4 13 0 1
36 12 1 0
4 13 0 1
34 12 2 0
46 13 1 0
4 14 0 1
33 13 3 0
28 14 1 0
4 15 0 1
4 14 0 1
4 14 0 1
31 12 1 0
9 13 3 0
4 14 0 1
11 14 5 0
10 15 1 0
3 16 1 0
48 17 1 0
50 18 1 0
25 19 2 0
49 20 1 0
35 21 6 0
53 22 1 0
41 23 3 0
28 24 1 0
4 25 0 1
4 24 0 1
41 24 1 0
28 25 1 0
4 26 0 1
4 22 0 1
28 22 1 0
4 23 0 1
4 22 0 1
7 22 1 0
24 23 1 0
8 24 1 0
19 25 1 0
20 26 1 0
18 27 1 0
29 28 1 0
23 29 1 0
6 30 1 0
22 31 1 0
45 32 1 0
47 33 1 0
5 34 1 0
38 35 1 0
58 36 1 0
59 37 1 0
42 38 1 0
43 39 1 0
44 40 1 0
30 41 1 0
4 42 0 1
4 22 0 1
4 20 0 1
10 15 1 0
3 16 1 0
48 17 1 0
50 18 1 0
25 19 2 0
49 20 1 0
35 21 6 0
53 22 1 0
41 23 3 0
28 24 1 0
4 25 0 1
4 24 0 1
41 24 1 0
28 25 1 0
4 26 0 1
4 22 0 1
28 22 1 0
4 23 0 1
4 22 0 1
7 22 1 0
24 23 1 0
8 24 1 0
19 25 1 0
20 26 1 0
18 27 1 0
29 28 1 0
23 29 1 0
6 30 1 0
22 31 1 0
45 32 1 0
47 33 1 0
5 34 1 0
38 35 1 0
58 36 1 0
59 37 1 0
42 38 1 0
43 39 1 0
44 40 1 0
30 41 1 0
4 42 0 1
4 22 0 1
4 20 0 1
10 15 1 0
3 16 1 0
48 17 1 0
50 18 1 0
25 19 2 0
49 20 1 0
35 21 6 0
53 22 1 0
41 23 3 0
28 24 1 0
4 25 0 1
4 24 0 1
41 24 1 0
28 25 1 0
4 26 0 1
4 22 0 1
28 22 1 0
4 23 0 1
4 22 0 1
7 22 1 0
24 23 1 0
8 24 1 0
19 25 1 0
20 26 1 0
18 27 1 0
29 28 1 0
23 29 1 0
6 30 1 0
22 31 1 0
45 32 1 0
47 33 1 0
5 34 1 0
38 35 1 0
58 36 1 0
59 37 1 0
42 38 1 0
43 39 1 0
44 40 1 0
30 41 1 0
4 42 0 1
4 22 0 1
4 20 0 1
10 15 1 0
3 16 1 0
48 17 1 0
50 18 1 0
25 19 2 0
49 20 1 0
35 21 6 0
53 22 1 0
41 23 3 0
28 24 1 0
4 25 0 1
4 24 0 1
41 24 1 0
28 25 1 0
4 26 0 1
4 22 0 1
28 22 1 0
4 23 0 1
4 22 0 1
7 22 1 0
24 23 1 0
8 24 1 0
19 25 1 0
20 26 1 0
18 27 1 0
29 28 1 0
23 29 1 0
6 30 1 0
22 31 1 0
45 32 1 0
47 33 1 0
5 34 1 0
38 35 1 0
58 36 1 0
59 37 1 0
42 38 1 0
43 39 1 0
44 40 1 0
30 41 1 0
4 42 0 1
4 22 0 1
4 20 0 1
10 15 1 0
3 16 1 0
48 17 1 0
50 18 1 0
25 19 2 0
49 20 1 0
35 21 6 0
53 22 1 0
41 23 3 0
28 24 1 0
4 25 0 1
4 24 0 1
41 24 1 0
28 25 1 0
4 26 0 1
4 22 0 1
28 22 1 0
4 23 0 1
4 22 0 1
7 22 1 0
24 23 1 0
8 24 1 0
19 25 1 0
20 26 1 0
18 27 1 0
29 28 1 0
23 29 1 0
6 30 1 0
22 31 1 0
45 32 1 0
47 33 1 0
5 34 1 0
38 35 1 0
58 36 1 0
59 37 1 0
42 38 1 0
43 39 1 0
44 40 1 0
30 41 1 0
4 42 0 1
4 22 0 1
4 20 0 1
4 14 0 1
4 8 0 1
