1 0 1 0
19 1 1 0
53 2 1 0
66 3 1 0
0 4 1 0
17 5 1 0
51 6 3 0
4 7 0 1
67 7 1 0
4 8 0 1
15 7 5 0
4 8 0 1
16 8 1 0
18 9 1 0
29 10 4 0
30 11 1 0
4 12 0 1
73 11 1 0
72 12 1 0
70 13 1 0
67 14 1 0
4 15 0 1
79 11 1 0
77 12 1 0
78 13 1 0
36 14 1 0
4 15 0 1
4 11 0 1
16 8 1 0
18 9 1 0
2 10 1 0
44 11 3 0
48 12 1 0
4 13 0 1
46 12 2 0
60 13 1 0
4 14 0 1
45 13 3 0
36 14 1 0
4 15 0 1
4 14 0 1
4 14 0 1
43 12 1 0
12 13 3 0
4 14 0 1
14 14 1 0
13 15 1 0
3 16 1 0
62 17 1 0
32 18 1 0
11 19 9 0
4 20 0 1
4 20 0 1
31 20 1 0
41 21 2 0
42 22 1 0
73 23 1 0
71 24 1 0
52 25 1 0
38 26 1 0
4 27 0 1
79 22 1 0
77 23 3 0
78 24 1 0
36 25 1 0
4 26 0 1
4 24 0 1
80 24 1 0
26 25 1 0
9 26 1 0
21 27 1 0
22 28 1 0
20 29 1 0
37 30 1 0
25 31 1 0
6 32 1 0
24 33 1 0
59 34 1 0
61 35 1 0
5 36 1 0
50 37 1 0
74 38 1 0
75 39 1 0
56 40 1 0
57 41 1 0
58 42 1 0
40 43 1 0
4 44 0 1
4 20 0 1
26 20 1 0
9 21 1 0
21 22 1 0
22 23 1 0
20 24 1 0
37 25 1 0
25 26 1 0
6 27 1 0
24 28 1 0
59 29 3 0
59 30 1 0
61 31 1 0
5 32 1 0
50 33 1 0
74 34 1 0
75 35 1 0
56 36 1 0
27 37 1 0
36 38 1 0
4 39 0 1
4 30 0 1
61 30 1 0
5 31 1 0
50 32 1 0
74 33 1 0
75 34 1 0
56 35 1 0
57 36 1 0
58 37 1 0
40 38 1 0
4 39 0 1
4 20 0 1
33 20 1 0
64 21 1 0
63 22 1 0
55 23 2 0
56 24 1 0
27 25 1 0
36 26 1 0
4 27 0 1
4 24 0 1
4 20 0 1
3 20 1 0
62 21 1 0
65 22 1 0
28 23 2 0
63 24 1 0
47 25 6 0
68 26 1 0
54 27 3 0
36 28 1 0
4 29 0 1
4 28 0 1
54 28 1 0
36 29 1 0
4 30 0 1
4 26 0 1
36 26 1 0
4 27 0 1
4 26 0 1
7 26 1 0
26 27 1 0
9 28 1 0
21 29 1 0
22 30 1 0
20 31 1 0
37 32 1 0
25 33 1 0
6 34 1 0
24 35 1 0
59 36 1 0
61 37 1 0
5 38 1 0
50 39 1 0
74 40 1 0
75 41 1 0
56 42 1 0
27 43 1 0
36 44 1 0
4 45 0 1
4 26 0 1
4 24 0 1
4 14 0 1
16 8 1 0
18 9 1 0
2 10 1 0
44 11 4 0
48 12 1 0
4 13 0 1
48 12 1 0
4 13 0 1
46 12 2 0
60 13 1 0
4 14 0 1
45 13 4 0
36 14 1 0
4 15 0 1
4 14 0 1
35 14 1 0
34 15 2 0
73 16 1 0
72 17 1 0
69 18 2 0
70 19 1 0
67 20 1 0
4 21 0 1
23 19 2 0
4 20 0 1
4 20 0 1
78 16 1 0
36 17 1 0
4 18 0 1
4 14 0 1
43 12 1 0
12 13 3 0
4 14 0 1
14 14 2 0
13 15 1 0
3 16 1 0
62 17 1 0
65 18 1 0
28 19 2 0
63 20 1 0
8 21 3 0
39 22 1 0
27 23 1 0
36 24 1 0
4 25 0 1
10 22 1 0
4 23 0 1
26 22 1 0
9 23 1 0
21 24 1 0
22 25 1 0
20 26 1 0
37 27 1 0
25 28 1 0
6 29 1 0
24 30 1 0
59 31 1 0
61 32 1 0
5 33 1 0
50 34 1 0
74 35 1 0
75 36 1 0
56 37 1 0
57 38 1 0
58 39 1 0
40 40 1 0
4 41 0 1
4 20 0 1
13 15 1 0
3 16 1 0
62 17 1 0
65 18 1 0
28 19 2 0
63 20 1 0
47 21 3 0
49 22 1 0
76 23 1 0
4 24 0 1
4 22 0 1
4 22 0 1
4 20 0 1
4 14 0 1
4 8 0 1
