1 0 1 0
20 1 1 0
52 2 1 0
64 3 1 0
0 4 1 0
17 5 1 0
50 6 4 0
19 7 1 0
4 8 0 1
4 7 0 1
65 7 1 0
4 8 0 1
15 7 3 0
4 8 0 1
16 8 1 0
18 9 1 0
2 10 1 0
44 11 4 0
48 12 1 0
4 13 0 1
48 12 1 0
4 13 0 1
46 12 2 0
58 13 1 0
4 14 0 1
45 13 4 0
35 14 1 0
4 15 0 1
4 14 0 1
34 14 1 0
33 15 2 0
71 16 1 0
70 17 1 0
67 18 2 0
68 19 1 0
65 20 1 0
4 21 0 1
24 19 2 0
4 20 0 1
4 20 0 1
75 16 1 0
35 17 1 0
4 18 0 1
4 14 0 1
43 12 1 0
12 13 3 0
4 14 0 1
14 14 2 0
13 15 1 0
41 16 2 0
40 17 2 0
42 18 1 0
71 19 1 0
70 20 1 0
68 21 1 0
65 22 1 0
4 23 0 1
76 18 1 0
74 19 3 0
75 20 1 0
35 21 1 0
4 22 0 1
4 20 0 1
77 20 1 0
27 21 1 0
9 22 1 0
22 23 1 0
23 24 1 0
21 25 1 0
36 26 1 0
26 27 1 0
6 28 1 0
25 29 1 0
57 30 1 0
59 31 1 0
5 32 1 0
49 33 1 0
72 34 1 0
73 35 1 0
54 36 1 0
55 37 1 0
56 38 1 0
39 39 1 0
4 40 0 1
4 17 0 1
13 15 1 0
3 16 1 0
60 17 1 0
31 18 1 0
11 19 9 0
4 20 0 1
4 20 0 1
30 20 1 0
40 21 2 0
42 22 1 0
71 23 1 0
69 24 1 0
51 25 1 0
37 26 1 0
4 27 0 1
76 22 1 0
74 23 3 0
75 24 1 0
35 25 1 0
4 26 0 1
4 24 0 1
77 24 1 0
27 25 1 0
9 26 1 0
22 27 1 0
23 28 1 0
21 29 1 0
36 30 1 0
26 31 1 0
6 32 1 0
25 33 1 0
57 34 1 0
59 35 1 0
5 36 1 0
49 37 1 0
72 38 1 0
73 39 1 0
54 40 1 0
55 41 1 0
56 42 1 0
39 43 1 0
4 44 0 1
4 20 0 1
27 20 1 0
9 21 1 0
22 22 1 0
23 23 1 0
21 24 1 0
36 25 1 0
26 26 1 0
6 27 1 0
25 28 1 0
57 29 3 0
57 30 1 0
59 31 1 0
5 32 1 0
49 33 1 0
72 34 1 0
73 35 1 0
54 36 1 0
28 37 1 0
35 38 1 0
4 39 0 1
4 30 0 1
59 30 1 0
5 31 1 0
49 32 1 0
72 33 1 0
73 34 1 0
54 35 1 0
55 36 1 0
56 37 1 0
39 38 1 0
4 39 0 1
4 20 0 1
32 20 1 0
62 21 1 0
61 22 1 0
8 23 3 0
38 24 1 0
28 25 1 0
35 26 1 0
4 27 0 1
10 24 1 0
4 25 0 1
27 24 1 0
9 25 1 0
22 26 1 0
23 27 1 0
21 28 1 0
36 29 1 0
26 30 1 0
6 31 1 0
25 32 1 0
57 33 1 0
59 34 1 0
5 35 1 0
49 36 1 0
72 37 1 0
73 38 1 0
54 39 1 0
55 40 1 0
56 41 1 0
39 42 1 0
4 43 0 1
4 20 0 1
3 20 1 0
60 21 1 0
63 22 1 0
12 23 3 0
4 24 0 1
14 24 2 0
13 25 1 0
3 26 1 0
60 27 1 0
63 28 1 0
29 29 2 0
61 30 1 0
47 31 6 0
66 32 1 0
53 33 3 0
35 34 1 0
4 35 0 1
4 34 0 1
53 34 1 0
35 35 1 0
4 36 0 1
4 32 0 1
35 32 1 0
4 33 0 1
4 32 0 1
7 32 1 0
27 33 1 0
9 34 1 0
22 35 1 0
23 36 1 0
21 37 1 0
36 38 1 0
26 39 1 0
6 40 1 0
25 41 1 0
57 42 1 0
59 43 1 0
5 44 1 0
49 45 1 0
72 46 1 0
73 47 1 0
54 48 1 0
28 49 1 0
35 50 1 0
4 51 0 1
4 32 0 1
4 30 0 1
13 25 1 0
3 26 1 0
60 27 1 0
63 28 1 0
29 29 2 0
61 30 1 0
47 31 5 0
66 32 1 0
53 33 3 0
35 34 1 0
4 35 0 1
4 34 0 1
53 34 1 0
35 35 1 0
4 36 0 1
4 32 0 1
35 32 1 0
4 33 0 1
4 32 0 1
4 32 0 1
4 30 0 1
4 24 0 1
4 14 0 1
4 8 0 1
