1 0 1 0
19 1 1 0
49 2 1 0
62 3 1 0
0 4 1 0
15 5 1 0
47 6 4 0
17 7 1 0
4 8 0 1
4 7 0 1
63 7 1 0
4 8 0 1
13 7 5 0
4 8 0 1
14 8 1 0
16 9 1 0
2 10 1 0
40 11 4 0
44 12 1 0
4 13 0 1
44 12 1 0
4 13 0 1
42 12 2 0
55 13 1 0
4 14 0 1
41 13 4 0
32 14 1 0
4 15 0 1
4 14 0 1
31 14 1 0
30 15 2 0
69 16 1 0
68 17 1 0
65 18 2 0
66 19 1 0
63 20 1 0
4 21 0 1
23 19 2 0
4 20 0 1
4 20 0 1
75 16 1 0
32 17 1 0
4 18 0 1
4 14 0 1
39 12 1 0
10 13 3 0
4 14 0 1
12 14 8 0
11 15 1 0
3 16 1 0
58 17 1 0
61 18 1 0
28 19 2 0
59 20 1 0
43 21 6 0
64 22 1 0
50 23 3 0
32 24 1 0
4 25 0 1
4 24 0 1
50 24 1 0
32 25 1 0
4 26 0 1
4 22 0 1
32 22 1 0
4 23 0 1
4 22 0 1
8 22 1 0
26 23 1 0
9 24 1 0
21 25 1 0
22 26 1 0
20 27 1 0
34 28 1 0
25 29 1 0
7 30 1 0
24 31 1 0
54 32 1 0
57 33 1 0
5 34 1 0
46 35 1 0
70 36 1 0
71 37 1 0
51 38 1 0
52 39 1 0
53 40 1 0
35 41 1 0
4 42 0 1
4 22 0 1
4 20 0 1
11 15 1 0
37 16 2 0
36 17 2 0
38 18 1 0
69 19 1 0
68 20 1 0
66 21 1 0
63 22 1 0
4 23 0 1
76 18 1 0
74 19 3 0
75 20 1 0
32 21 1 0
4 22 0 1
4 20 0 1
77 20 1 0
26 21 1 0
9 22 1 0
21 23 1 0
22 24 1 0
20 25 1 0
34 26 1 0
25 27 1 0
7 28 1 0
24 29 1 0
54 30 1 0
57 31 1 0
5 32 1 0
46 33 1 0
70 34 1 0
71 35 1 0
51 36 1 0
52 37 1 0
53 38 1 0
72 39 5 0
4 40 0 1
18 40 1 0
32 41 1 0
4 42 0 1
4 40 0 1
8 40 1 0
26 41 1 0
9 42 1 0
21 43 1 0
22 44 1 0
20 45 1 0
34 46 1 0
25 47 1 0
7 48 1 0
24 49 1 0
54 50 1 0
57 51 1 0
5 52 1 0
46 53 1 0
70 54 1 0
71 55 1 0
51 56 1 0
27 57 3 0
6 58 1 0
32 59 1 0
4 60 0 1
4 58 0 1
32 58 1 0
4 59 0 1
4 40 0 1
4 17 0 1
11 15 1 0
37 16 2 0
36 17 2 0
38 18 1 0
69 19 1 0
67 20 1 0
48 21 1 0
29 22 1 0
4 23 0 1
76 18 1 0
74 19 3 0
75 20 1 0
32 21 1 0
4 22 0 1
4 20 0 1
77 20 1 0
26 21 1 0
9 22 1 0
21 23 1 0
22 24 1 0
20 25 1 0
34 26 1 0
25 27 1 0
7 28 1 0
24 29 1 0
54 30 1 0
57 31 1 0
5 32 1 0
46 33 1 0
70 34 1 0
71 35 1 0
51 36 1 0
52 37 1 0
53 38 5 0
64 39 1 0
50 40 1 0
32 41 1 0
4 42 0 1
4 39 0 1
32 39 1 0
4 40 0 1
4 39 0 1
4 39 0 1
4 17 0 1
11 15 1 0
3 16 1 0
58 17 1 0
61 18 1 0
28 19 2 0
59 20 1 0
43 21 6 0
64 22 1 0
50 23 3 0
32 24 1 0
4 25 0 1
4 24 0 1
50 24 1 0
32 25 1 0
4 26 0 1
4 22 0 1
32 22 1 0
4 23 0 1
4 22 0 1
8 22 1 0
26 23 1 0
9 24 1 0
21 25 1 0
22 26 1 0
20 27 1 0
34 28 1 0
25 29 1 0
7 30 1 0
24 31 1 0
54 32 1 0
57 33 1 0
5 34 1 0
46 35 1 0
70 36 1 0
71 37 1 0
51 38 1 0
52 39 1 0
53 40 1 0
35 41 1 0
4 42 0 1
4 22 0 1
4 20 0 1
11 15 1 0
37 16 2 0
36 17 2 0
38 18 1 0
69 19 1 0
67 20 1 0
48 21 1 0
29 22 1 0
4 23 0 1
76 18 1 0
74 19 3 0
75 20 1 0
32 21 1 0
4 22 0 1
4 20 0 1
77 20 1 0
26 21 1 0
9 22 1 0
21 23 1 0
22 24 1 0
20 25 1 0
34 26 1 0
25 27 1 0
7 28 1 0
24 29 1 0
54 30 1 0
57 31 1 0
5 32 1 0
46 33 1 0
70 34 1 0
71 35 1 0
51 36 1 0
52 37 1 0
53 38 5 0
64 39 1 0
50 40 1 0
32 41 1 0
4 42 0 1
4 39 0 1
32 39 1 0
4 40 0 1
4 39 0 1
4 39 0 1
4 17 0 1
11 15 1 0
3 16 1 0
58 17 1 0
61 18 1 0
28 19 2 0
59 20 1 0
43 21 6 0
64 22 1 0
50 23 3 0
32 24 1 0
4 25 0 1
4 24 0 1
50 24 1 0
32 25 1 0
4 26 0 1
4 22 0 1
32 22 1 0
4 23 0 1
4 22 0 1
8 22 1 0
26 23 1 0
9 24 1 0
21 25 1 0
22 26 1 0
20 27 1 0
34 28 1 0
25 29 1 0
7 30 1 0
24 31 1 0
54 32 1 0
57 33 1 0
5 34 1 0
46 35 1 0
70 36 1 0
71 37 1 0
51 38 1 0
52 39 1 0
53 40 1 0
35 41 1 0
4 42 0 1
4 22 0 1
4 20 0 1
11 15 1 0
37 16 2 0
36 17 2 0
38 18 1 0
69 19 1 0
67 20 1 0
48 21 1 0
29 22 1 0
4 23 0 1
76 18 1 0
74 19 3 0
75 20 1 0
32 21 1 0
4 22 0 1
4 20 0 1
77 20 1 0
26 21 1 0
9 22 1 0
21 23 1 0
22 24 1 0
20 25 1 0
34 26 1 0
25 27 1 0
7 28 1 0
24 29 1 0
54 30 1 0
57 31 1 0
5 32 1 0
46 33 1 0
70 34 1 0
71 35 1 0
51 36 1 0
52 37 1 0
53 38 5 0
64 39 1 0
50 40 1 0
32 41 1 0
4 42 0 1
4 39 0 1
32 39 1 0
4 40 0 1
4 39 0 1
4 39 0 1
4 17 0 1
11 15 1 0
3 16 1 0
58 17 1 0
61 18 1 0
28 19 2 0
59 20 1 0
43 21 4 0
45 22 1 0
73 23 1 0
4 24 0 1
4 22 0 1
8 22 1 0
26 23 1 0
9 24 1 0
21 25 1 0
22 26 1 0
20 27 1 0
34 28 1 0
25 29 1 0
7 30 1 0
24 31 1 0
54 32 1 0
57 33 1 0
5 34 1 0
46 35 1 0
70 36 1 0
71 37 1 0
51 38 1 0
52 39 1 0
53 40 4 0
45 41 1 0
73 42 1 0
4 43 0 1
4 41 0 1
8 41 3 0
26 42 1 0
9 43 1 0
21 44 1 0
22 45 1 0
20 46 1 0
34 47 1 0
25 48 1 0
7 49 1 0
24 50 1 0
54 51 1 0
57 52 1 0
5 53 1 0
46 54 1 0
70 55 1 0
71 56 1 0
51 57 1 0
27 58 1 0
32 59 1 0
4 60 0 1
4 42 0 1
26 42 1 0
9 43 1 0
21 44 1 0
22 45 1 0
20 46 1 0
34 47 1 0
25 48 1 0
7 49 1 0
24 50 1 0
54 51 1 0
57 52 1 0
5 53 3 0
5 54 1 0
46 55 3 0
46 56 1 0
70 57 1 0
71 58 1 0
51 59 1 0
27 60 1 0
32 61 1 0
4 62 0 1
4 56 0 1
70 56 1 0
71 57 1 0
51 58 1 0
52 59 1 0
53 60 1 0
35 61 1 0
4 62 0 1
4 54 0 1
46 54 1 0
70 55 1 0
71 56 1 0
51 57 1 0
27 58 1 0
32 59 1 0
4 60 0 1
4 41 0 1
4 22 0 1
4 20 0 1
4 14 0 1
14 8 1 0
16 9 1 0
2 10 1 0
40 11 4 0
44 12 1 0
4 13 0 1
44 12 1 0
4 13 0 1
42 12 2 0
55 13 1 0
69 14 1 0
67 15 1 0
48 16 1 0
29 17 1 0
4 18 0 1
41 13 4 0
32 14 1 0
4 15 0 1
4 14 0 1
31 14 3 0
30 15 2 0
69 16 1 0
67 17 1 0
48 18 1 0
29 19 1 0
4 20 0 1
75 16 1 0
32 17 1 0
4 18 0 1
4 15 0 1
30 15 2 0
69 16 1 0
67 17 1 0
48 18 1 0
29 19 1 0
4 20 0 1
75 16 1 0
32 17 1 0
4 18 0 1
4 14 0 1
39 12 1 0
10 13 3 0
4 14 0 1
12 14 2 0
11 15 1 0
37 16 2 0
36 17 2 0
38 18 1 0
69 19 1 0
67 20 1 0
48 21 1 0
29 22 1 0
4 23 0 1
76 18 1 0
74 19 3 0
75 20 1 0
32 21 1 0
4 22 0 1
4 20 0 1
77 20 1 0
26 21 1 0
9 22 1 0
21 23 1 0
22 24 1 0
20 25 1 0
34 26 1 0
25 27 1 0
7 28 1 0
24 29 1 0
54 30 1 0
57 31 1 0
5 32 1 0
46 33 3 0
46 34 1 0
70 35 1 0
71 36 1 0
51 37 1 0
27 38 1 0
32 39 1 0
4 40 0 1
4 34 0 1
70 34 1 0
71 35 1 0
51 36 1 0
52 37 1 0
53 38 1 0
35 39 1 0
4 40 0 1
4 17 0 1
11 15 1 0
3 16 1 0
58 17 1 0
61 18 1 0
56 19 3 0
4 20 0 1
26 20 1 0
9 21 1 0
21 22 1 0
22 23 1 0
20 24 1 0
34 25 1 0
25 26 1 0
7 27 1 0
24 28 1 0
54 29 1 0
57 30 1 0
5 31 1 0
46 32 3 0
46 33 3 0
46 34 1 0
70 35 1 0
71 36 1 0
51 37 1 0
27 38 1 0
32 39 1 0
4 40 0 1
4 34 0 1
70 34 1 0
71 35 1 0
51 36 1 0
52 37 1 0
53 38 1 0
35 39 1 0
4 40 0 1
4 33 0 1
70 33 1 0
71 34 1 0
51 35 1 0
52 36 1 0
53 37 3 0
4 38 0 1
26 38 1 0
9 39 1 0
21 40 1 0
22 41 1 0
20 42 1 0
34 43 1 0
25 44 1 0
7 45 1 0
24 46 1 0
54 47 1 0
57 48 1 0
5 49 1 0
46 50 3 0
46 51 1 0
70 52 1 0
71 53 1 0
51 54 1 0
27 55 1 0
32 56 1 0
4 57 0 1
4 51 0 1
70 51 1 0
71 52 1 0
51 53 1 0
27 54 1 0
32 55 1 0
4 56 0 1
4 38 0 1
4 20 0 1
4 14 0 1
14 8 1 0
16 9 1 0
2 10 1 0
40 11 4 0
44 12 1 0
4 13 0 1
44 12 1 0
4 13 0 1
42 12 2 0
55 13 1 0
4 14 0 1
41 13 4 0
32 14 1 0
4 15 0 1
4 14 0 1
31 14 1 0
30 15 2 0
69 16 1 0
67 17 1 0
48 18 1 0
29 19 1 0
4 20 0 1
75 16 1 0
32 17 1 0
4 18 0 1
4 14 0 1
39 12 1 0
10 13 3 0
4 14 0 1
12 14 2 0
11 15 1 0
3 16 1 0
58 17 1 0
61 18 1 0
28 19 2 0
59 20 1 0
43 21 6 0
64 22 1 0
50 23 3 0
32 24 1 0
4 25 0 1
4 24 0 1
50 24 1 0
32 25 1 0
4 26 0 1
4 22 0 1
32 22 1 0
4 23 0 1
4 22 0 1
8 22 1 0
26 23 1 0
9 24 1 0
21 25 1 0
22 26 1 0
20 27 1 0
34 28 1 0
25 29 1 0
7 30 1 0
24 31 1 0
54 32 1 0
57 33 1 0
5 34 3 0
5 35 1 0
46 36 1 0
70 37 1 0
71 38 1 0
51 39 1 0
52 40 1 0
53 41 1 0
35 42 1 0
4 43 0 1
4 35 0 1
46 35 1 0
70 36 1 0
71 37 1 0
51 38 1 0
27 39 1 0
32 40 1 0
4 41 0 1
4 22 0 1
4 20 0 1
11 15 1 0
3 16 1 0
58 17 1 0
33 18 7 0
4 19 0 1
4 19 0 1
26 19 1 0
9 20 1 0
21 21 1 0
22 22 1 0
20 23 1 0
34 24 1 0
25 25 1 0
7 26 1 0
24 27 1 0
54 28 3 0
54 29 1 0
57 30 1 0
5 31 1 0
46 32 1 0
70 33 1 0
71 34 1 0
51 35 1 0
27 36 1 0
32 37 1 0
4 38 0 1
4 29 0 1
57 29 1 0
5 30 1 0
46 31 1 0
70 32 1 0
71 33 1 0
51 34 1 0
52 35 1 0
53 36 1 0
35 37 1 0
4 38 0 1
4 19 0 1
60 19 1 0
61 20 1 0
10 21 3 0
4 22 0 1
12 22 1 0
11 23 1 0
3 24 1 0
58 25 1 0
61 26 1 0
28 27 2 0
59 28 1 0
43 29 6 0
64 30 1 0
50 31 3 0
32 32 1 0
4 33 0 1
4 32 0 1
50 32 1 0
32 33 1 0
4 34 0 1
4 30 0 1
32 30 1 0
4 31 0 1
4 30 0 1
8 30 1 0
26 31 1 0
9 32 1 0
21 33 1 0
22 34 1 0
20 35 1 0
34 36 1 0
25 37 1 0
7 38 1 0
24 39 1 0
54 40 1 0
57 41 1 0
5 42 1 0
46 43 1 0
70 44 1 0
71 45 1 0
51 46 1 0
52 47 1 0
53 48 1 0
35 49 1 0
4 50 0 1
4 30 0 1
4 28 0 1
4 22 0 1
4 19 0 1
3 19 1 0
58 20 1 0
33 21 7 0
4 22 0 1
4 22 0 1
26 22 1 0
9 23 1 0
21 24 1 0
22 25 1 0
20 26 1 0
34 27 1 0
25 28 1 0
7 29 1 0
24 30 1 0
54 31 3 0
54 32 1 0
57 33 1 0
5 34 1 0
46 35 1 0
70 36 1 0
71 37 1 0
51 38 1 0
27 39 1 0
32 40 1 0
4 41 0 1
4 32 0 1
57 32 1 0
5 33 1 0
46 34 1 0
70 35 1 0
71 36 1 0
51 37 1 0
52 38 1 0
53 39 1 0
35 40 1 0
4 41 0 1
4 22 0 1
60 22 1 0
61 23 1 0
10 24 3 0
4 25 0 1
12 25 1 0
11 26 1 0
3 27 1 0
58 28 1 0
61 29 1 0
28 30 2 0
59 31 1 0
43 32 6 0
64 33 1 0
50 34 3 0
32 35 1 0
4 36 0 1
4 35 0 1
50 35 1 0
32 36 1 0
4 37 0 1
4 33 0 1
32 33 1 0
4 34 0 1
4 33 0 1
8 33 1 0
26 34 1 0
9 35 1 0
21 36 1 0
22 37 1 0
20 38 1 0
34 39 1 0
25 40 1 0
7 41 1 0
24 42 1 0
54 43 1 0
57 44 1 0
5 45 1 0
46 46 1 0
70 47 1 0
71 48 1 0
51 49 1 0
52 50 1 0
53 51 1 0
35 52 1 0
4 53 0 1
4 33 0 1
4 31 0 1
4 25 0 1
4 22 0 1
3 22 1 0
58 23 1 0
33 24 7 0
4 25 0 1
4 25 0 1
26 25 1 0
9 26 1 0
21 27 1 0
22 28 1 0
20 29 1 0
34 30 1 0
25 31 1 0
7 32 1 0
24 33 1 0
54 34 3 0
54 35 1 0
57 36 1 0
5 37 1 0
46 38 1 0
70 39 1 0
71 40 1 0
51 41 1 0
27 42 1 0
32 43 1 0
4 44 0 1
4 35 0 1
57 35 1 0
5 36 1 0
46 37 1 0
70 38 1 0
71 39 1 0
51 40 1 0
52 41 1 0
53 42 1 0
35 43 1 0
4 44 0 1
4 25 0 1
60 25 1 0
61 26 1 0
10 27 3 0
4 28 0 1
12 28 1 0
11 29 1 0
3 30 1 0
58 31 1 0
61 32 1 0
28 33 2 0
59 34 1 0
43 35 6 0
64 36 1 0
50 37 3 0
32 38 1 0
4 39 0 1
4 38 0 1
50 38 1 0
32 39 1 0
4 40 0 1
4 36 0 1
32 36 1 0
4 37 0 1
4 36 0 1
8 36 1 0
26 37 1 0
9 38 1 0
21 39 1 0
22 40 1 0
20 41 1 0
34 42 1 0
25 43 1 0
7 44 1 0
24 45 1 0
54 46 1 0
57 47 1 0
5 48 1 0
46 49 1 0
70 50 1 0
71 51 1 0
51 52 1 0
52 53 1 0
53 54 1 0
35 55 1 0
4 56 0 1
4 36 0 1
4 34 0 1
4 28 0 1
4 25 0 1
3 25 1 0
58 26 1 0
61 27 1 0
10 28 3 0
4 29 0 1
12 29 1 0
11 30 1 0
3 31 1 0
58 32 1 0
61 33 1 0
28 34 2 0
59 35 1 0
43 36 6 0
64 37 1 0
50 38 3 0
32 39 1 0
4 40 0 1
4 39 0 1
50 39 1 0
32 40 1 0
4 41 0 1
4 37 0 1
32 37 1 0
4 38 0 1
4 37 0 1
8 37 1 0
26 38 1 0
9 39 1 0
21 40 1 0
22 41 1 0
20 42 1 0
34 43 1 0
25 44 1 0
7 45 1 0
24 46 1 0
54 47 1 0
57 48 1 0
5 49 1 0
46 50 1 0
70 51 1 0
71 52 1 0
51 53 1 0
52 54 1 0
53 55 1 0
35 56 1 0
4 57 0 1
4 37 0 1
4 35 0 1
4 29 0 1
4 14 0 1
4 8 0 1
