1 0 1 0
20 1 1 0
52 2 1 0
64 3 1 0
0 4 1 0
17 5 1 0
50 6 3 0
4 7 0 1
65 7 1 0
4 8 0 1
15 7 7 0
4 8 0 1
16 8 1 0
18 9 1 0
30 10 4 0
31 11 1 0
4 12 0 1
71 11 1 0
69 12 1 0
51 13 1 0
32 14 1 0
4 15 0 1
78 11 3 0
76 12 1 0
77 13 1 0
35 14 1 0
4 15 0 1
4 12 0 1
76 12 1 0
77 13 1 0
35 14 1 0
4 15 0 1
4 11 0 1
16 8 1 0
18 9 1 0
30 10 4 0
31 11 1 0
4 12 0 1
71 11 1 0
70 12 1 0
68 13 1 0
65 14 1 0
4 15 0 1
78 11 1 0
76 12 3 0
77 13 1 0
35 14 1 0
4 15 0 1
4 13 0 1
79 13 1 0
27 14 1 0
10 15 1 0
22 16 1 0
23 17 1 0
21 18 1 0
36 19 1 0
26 20 1 0
7 21 1 0
25 22 1 0
57 23 1 0
60 24 1 0
5 25 1 0
49 26 1 0
72 27 1 0
73 28 1 0
54 29 1 0
55 30 1 0
56 31 1 0
74 32 5 0
4 33 0 1
19 33 1 0
35 34 1 0
4 35 0 1
4 33 0 1
8 33 1 0
27 34 1 0
10 35 1 0
22 36 1 0
23 37 1 0
21 38 1 0
36 39 1 0
26 40 1 0
7 41 1 0
25 42 1 0
57 43 1 0
60 44 1 0
5 45 1 0
49 46 1 0
72 47 1 0
73 48 1 0
54 49 1 0
28 50 3 0
6 51 1 0
35 52 1 0
4 53 0 1
4 51 0 1
35 51 1 0
4 52 0 1
4 33 0 1
4 11 0 1
16 8 1 0
18 9 1 0
2 10 1 0
43 11 3 0
47 12 1 0
4 13 0 1
45 12 2 0
58 13 1 0
4 14 0 1
44 13 3 0
35 14 1 0
4 15 0 1
4 14 0 1
4 14 0 1
42 12 1 0
12 13 3 0
4 14 0 1
14 14 2 0
13 15 1 0
3 16 1 0
61 17 1 0
63 18 1 0
29 19 2 0
62 20 1 0
9 21 3 0
37 22 1 0
28 23 1 0
35 24 1 0
4 25 0 1
11 22 1 0
4 23 0 1
27 22 1 0
10 23 1 0
22 24 1 0
23 25 1 0
21 26 1 0
36 27 1 0
26 28 1 0
7 29 1 0
25 30 1 0
57 31 1 0
60 32 1 0
5 33 1 0
49 34 1 0
72 35 1 0
73 36 1 0
54 37 1 0
55 38 1 0
56 39 5 0
66 40 1 0
53 41 1 0
35 42 1 0
4 43 0 1
4 40 0 1
35 40 1 0
4 41 0 1
4 40 0 1
4 40 0 1
4 20 0 1
13 15 1 0
3 16 1 0
61 17 1 0
63 18 1 0
29 19 2 0
62 20 1 0
9 21 3 0
37 22 1 0
28 23 1 0
35 24 1 0
4 25 0 1
11 22 1 0
4 23 0 1
27 22 1 0
10 23 1 0
22 24 1 0
23 25 1 0
21 26 1 0
36 27 1 0
26 28 1 0
7 29 1 0
25 30 1 0
57 31 1 0
60 32 1 0
5 33 1 0
49 34 1 0
72 35 1 0
73 36 1 0
54 37 1 0
55 38 1 0
56 39 5 0
66 40 1 0
53 41 1 0
35 42 1 0
4 43 0 1
4 40 0 1
35 40 1 0
4 41 0 1
4 40 0 1
4 40 0 1
4 20 0 1
4 14 0 1
16 8 1 0
18 9 1 0
2 10 1 0
43 11 3 0
47 12 1 0
4 13 0 1
45 12 2 0
58 13 1 0
71 14 1 0
69 15 1 0
51 16 1 0
32 17 1 0
4 18 0 1
44 13 3 0
35 14 1 0
4 15 0 1
4 14 0 1
4 14 0 1
42 12 1 0
12 13 3 0
4 14 0 1
14 14 1 0
13 15 1 0
3 16 1 0
61 17 1 0
63 18 1 0
59 19 3 0
4 20 0 1
27 20 1 0
10 21 1 0
22 22 1 0
23 23 1 0
21 24 1 0
36 25 1 0
26 26 1 0
7 27 1 0
25 28 1 0
57 29 1 0
60 30 1 0
5 31 1 0
49 32 3 0
49 33 1 0
72 34 1 0
73 35 1 0
54 36 1 0
55 37 1 0
56 38 6 0
66 39 1 0
53 40 1 0
35 41 1 0
4 42 0 1
4 39 0 1
35 39 1 0
4 40 0 1
4 39 0 1
8 39 3 0
27 40 1 0
10 41 1 0
22 42 1 0
23 43 1 0
21 44 1 0
36 45 1 0
26 46 1 0
7 47 1 0
25 48 1 0
57 49 1 0
60 50 1 0
5 51 1 0
49 52 1 0
72 53 1 0
73 54 1 0
54 55 1 0
28 56 1 0
35 57 1 0
4 58 0 1
4 40 0 1
27 40 1 0
10 41 1 0
22 42 1 0
23 43 1 0
21 44 1 0
36 45 1 0
26 46 1 0
7 47 1 0
25 48 1 0
57 49 1 0
60 50 1 0
5 51 1 0
49 52 1 0
72 53 1 0
73 54 1 0
54 55 1 0
55 56 1 0
56 57 1 0
38 58 1 0
4 59 0 1
4 39 0 1
4 33 0 1
72 33 1 0
73 34 1 0
54 35 1 0
55 36 1 0
56 37 1 0
38 38 1 0
4 39 0 1
4 20 0 1
4 14 0 1
16 8 1 0
18 9 1 0
2 10 1 0
43 11 4 0
47 12 1 0
4 13 0 1
47 12 1 0
4 13 0 1
45 12 2 0
58 13 1 0
4 14 0 1
44 13 4 0
35 14 1 0
4 15 0 1
4 14 0 1
34 14 1 0
33 15 2 0
71 16 1 0
70 17 1 0
67 18 2 0
68 19 1 0
65 20 1 0
4 21 0 1
24 19 2 0
4 20 0 1
4 20 0 1
77 16 1 0
35 17 1 0
4 18 0 1
4 14 0 1
42 12 1 0
12 13 3 0
4 14 0 1
14 14 7 0
13 15 1 0
3 16 1 0
61 17 1 0
63 18 1 0
29 19 2 0
62 20 1 0
46 21 6 0
66 22 1 0
53 23 3 0
35 24 1 0
4 25 0 1
4 24 0 1
53 24 1 0
35 25 1 0
4 26 0 1
4 22 0 1
35 22 1 0
4 23 0 1
4 22 0 1
8 22 1 0
27 23 1 0
10 24 1 0
22 25 1 0
23 26 1 0
21 27 1 0
36 28 1 0
26 29 1 0
7 30 1 0
25 31 1 0
57 32 1 0
60 33 1 0
5 34 1 0
49 35 1 0
72 36 1 0
73 37 1 0
54 38 1 0
55 39 1 0
56 40 1 0
38 41 1 0
4 42 0 1
4 22 0 1
4 20 0 1
13 15 1 0
3 16 1 0
61 17 1 0
63 18 1 0
29 19 2 0
62 20 1 0
46 21 3 0
48 22 1 0
75 23 1 0
4 24 0 1
4 22 0 1
4 22 0 1
4 20 0 1
13 15 1 0
40 16 2 0
39 17 2 0
41 18 1 0
71 19 1 0
69 20 1 0
51 21 1 0
32 22 1 0
4 23 0 1
78 18 3 0
76 19 1 0
77 20 1 0
35 21 1 0
4 22 0 1
4 19 0 1
76 19 1 0
77 20 1 0
35 21 1 0
4 22 0 1
4 17 0 1
13 15 1 0
3 16 1 0
61 17 1 0
63 18 1 0
29 19 2 0
62 20 1 0
9 21 3 0
37 22 1 0
28 23 1 0
35 24 1 0
4 25 0 1
11 22 1 0
4 23 0 1
27 22 1 0
10 23 1 0
22 24 1 0
23 25 1 0
21 26 1 0
36 27 1 0
26 28 1 0
7 29 1 0
25 30 1 0
57 31 1 0
60 32 1 0
5 33 1 0
49 34 1 0
72 35 1 0
73 36 1 0
54 37 1 0
55 38 1 0
56 39 3 0
48 40 1 0
75 41 1 0
4 42 0 1
4 40 0 1
4 40 0 1
4 20 0 1
13 15 1 0
3 16 1 0
61 17 1 0
63 18 1 0
29 19 2 0
62 20 1 0
9 21 3 0
37 22 1 0
28 23 1 0
35 24 1 0
4 25 0 1
11 22 1 0
4 23 0 1
27 22 1 0
10 23 1 0
22 24 1 0
23 25 1 0
21 26 1 0
36 27 1 0
26 28 1 0
7 29 1 0
25 30 1 0
57 31 1 0
60 32 1 0
5 33 1 0
49 34 3 0
49 35 1 0
72 36 1 0
73 37 1 0
54 38 1 0
28 39 1 0
35 40 1 0
4 41 0 1
4 35 0 1
72 35 1 0
73 36 1 0
54 37 1 0
28 38 1 0
35 39 1 0
4 40 0 1
4 20 0 1
13 15 1 0
3 16 1 0
61 17 1 0
63 18 1 0
29 19 2 0
62 20 1 0
46 21 6 0
66 22 1 0
53 23 3 0
35 24 1 0
4 25 0 1
4 24 0 1
53 24 1 0
35 25 1 0
4 26 0 1
4 22 0 1
35 22 1 0
4 23 0 1
4 22 0 1
8 22 1 0
27 23 1 0
10 24 1 0
22 25 1 0
23 26 1 0
21 27 1 0
36 28 1 0
26 29 1 0
7 30 1 0
25 31 1 0
57 32 1 0
60 33 1 0
5 34 3 0
5 35 1 0
49 36 1 0
72 37 1 0
73 38 1 0
54 39 1 0
55 40 1 0
56 41 1 0
38 42 1 0
4 43 0 1
4 35 0 1
49 35 1 0
72 36 1 0
73 37 1 0
54 38 1 0
28 39 1 0
35 40 1 0
4 41 0 1
4 22 0 1
4 20 0 1
13 15 1 0
3 16 1 0
61 17 1 0
63 18 1 0
29 19 2 0
62 20 1 0
46 21 6 0
66 22 1 0
53 23 3 0
35 24 1 0
4 25 0 1
4 24 0 1
53 24 1 0
35 25 1 0
4 26 0 1
4 22 0 1
35 22 1 0
4 23 0 1
4 22 0 1
8 22 1 0
27 23 1 0
10 24 1 0
22 25 1 0
23 26 1 0
21 27 1 0
36 28 1 0
26 29 1 0
7 30 1 0
25 31 1 0
57 32 1 0
60 33 1 0
5 34 3 0
5 35 1 0
49 36 1 0
72 37 1 0
73 38 1 0
54 39 1 0
55 40 1 0
56 41 1 0
38 42 1 0
4 43 0 1
4 35 0 1
49 35 1 0
72 36 1 0
73 37 1 0
54 38 1 0
28 39 1 0
35 40 1 0
4 41 0 1
4 22 0 1
4 20 0 1
4 14 0 1
4 8 0 1
