1 70 0 1 0
17 61 1 1 0
45 61 2 1 0
57 61 3 1 0
0 70 4 1 0
14 61 5 1 0
43 61 6 4 0
16 60 7 1 0
4 20 8 0 1
4 8 7 0 1
58 40 7 1 0
4 13 8 0 1
12 69 7 3 0
4 15 8 0 1
13 62 8 1 0
15 62 9 1 0
2 70 10 1 0
37 62 11 4 0
41 60 12 1 0
4 20 13 0 1
41 63 12 1 0
4 25 13 0 1
39 65 12 2 0
52 64 13 1 0
4 41 14 0 1
38 49 13 4 0
29 48 14 1 0
4 13 15 0 1
4 18 14 0 1
28 29 14 1 0
27 29 15 2 0
64 28 16 1 0
63 28 17 1 0
60 28 18 2 0
61 26 19 1 0
58 26 20 1 0
4 13 21 0 1
21 43 19 2 0
4 16 20 0 1
4 22 20 0 1
68 44 16 1 0
29 44 17 1 0
4 13 18 0 1
4 23 14 0 1
36 67 12 1 0
9 67 13 3 0
4 15 14 0 1
11 36 14 4 0
10 35 15 1 0
3 35 16 1 0
54 35 17 1 0
56 35 18 1 0
26 35 19 2 0
55 34 20 1 0
40 34 21 6 0
59 31 22 1 0
46 31 23 3 0
29 30 24 1 0
4 13 25 0 1
4 9 24 0 1
46 58 24 1 0
29 58 25 1 0
4 13 26 0 1
4 9 22 0 1
29 59 22 1 0
4 13 23 0 1
4 18 22 0 1
7 1 22 1 0
24 1 23 1 0
8 1 24 1 0
19 1 25 1 0
20 1 26 1 0
18 1 27 1 0
30 1 28 1 0
23 1 29 1 0
6 1 30 1 0
22 1 31 1 0
51 1 32 1 0
53 1 33 1 0
5 1 34 1 0
42 1 35 1 0
65 1 36 1 0
66 1 37 1 0
48 1 38 1 0
49 1 39 1 0
50 1 40 1 0
32 1 41 1 0
4 27 42 0 1
4 23 22 0 1
4 24 20 0 1
10 33 15 1 0
3 33 16 1 0
54 33 17 1 0
56 33 18 1 0
26 33 19 2 0
55 32 20 1 0
40 32 21 6 0
59 31 22 1 0
46 31 23 3 0
29 30 24 1 0
4 13 25 0 1
4 9 24 0 1
46 58 24 1 0
29 58 25 1 0
4 13 26 0 1
4 9 22 0 1
29 59 22 1 0
4 13 23 0 1
4 18 22 0 1
7 0 22 1 0
24 0 23 1 0
8 0 24 1 0
19 0 25 1 0
20 0 26 1 0
18 0 27 1 0
30 0 28 1 0
23 0 29 1 0
6 0 30 1 0
22 0 31 1 0
51 0 32 1 0
53 0 33 1 0
5 0 34 1 0
42 0 35 1 0
65 0 36 1 0
66 0 37 1 0
48 0 38 1 0
49 0 39 1 0
50 0 40 1 0
32 0 41 1 0
4 27 42 0 1
4 23 22 0 1
4 24 20 0 1
10 47 15 1 0
34 47 16 2 0
33 46 17 2 0
35 45 18 1 0
64 45 19 1 0
62 45 20 1 0
44 45 21 1 0
31 45 22 1 0
4 12 23 0 1
69 57 18 1 0
67 57 19 3 0
68 50 20 1 0
29 50 21 1 0
4 13 22 0 1
4 7 20 0 1
70 3 20 1 0
24 3 21 1 0
8 3 22 1 0
19 3 23 1 0
20 3 24 1 0
18 3 25 1 0
30 3 26 1 0
23 3 27 1 0
6 3 28 1 0
22 3 29 1 0
51 3 30 1 0
53 3 31 1 0
5 3 32 1 0
42 3 33 1 0
65 3 34 1 0
66 3 35 1 0
48 3 36 1 0
49 3 37 1 0
50 3 38 1 0
32 3 39 1 0
4 14 40 0 1
4 24 17 0 1
10 66 15 1 0
3 66 16 1 0
54 66 17 1 0
71 66 18 5 0
4 42 19 0 1
4 18 19 0 1
24 56 19 1 0
8 56 20 1 0
19 56 21 1 0
20 56 22 1 0
18 56 23 1 0
30 56 24 1 0
23 56 25 1 0
6 56 26 1 0
22 56 27 1 0
51 56 28 3 0
51 50 29 1 0
53 50 30 1 0
5 50 31 1 0
42 50 32 1 0
65 50 33 1 0
66 50 34 1 0
48 50 35 1 0
25 50 36 1 0
29 50 37 1 0
4 13 38 0 1
4 17 29 0 1
53 5 29 1 0
5 5 30 1 0
42 5 31 1 0
65 5 32 1 0
66 5 33 1 0
48 5 34 1 0
49 5 35 1 0
50 5 36 1 0
32 5 37 1 0
4 14 38 0 1
4 23 19 0 1
3 68 19 1 0
54 68 20 1 0
56 68 21 1 0
9 68 22 3 0
4 15 23 0 1
11 39 23 2 0
10 38 24 1 0
3 38 25 1 0
54 38 26 1 0
56 38 27 1 0
26 38 28 2 0
55 37 29 1 0
40 37 30 6 0
59 31 31 1 0
46 31 32 3 0
29 30 33 1 0
4 13 34 0 1
4 9 33 0 1
46 58 33 1 0
29 58 34 1 0
4 13 35 0 1
4 9 31 0 1
29 59 31 1 0
4 13 32 0 1
4 18 31 0 1
7 53 31 1 0
24 53 32 1 0
8 53 33 1 0
19 53 34 1 0
20 53 35 1 0
18 53 36 1 0
30 53 37 1 0
23 53 38 1 0
6 53 39 1 0
22 53 40 1 0
51 53 41 1 0
53 53 42 1 0
5 53 43 3 0
5 52 44 3 0
5 50 45 1 0
42 50 46 1 0
65 50 47 1 0
66 50 48 1 0
48 50 49 1 0
25 50 50 1 0
29 50 51 1 0
4 13 52 0 1
4 6 45 0 1
42 2 45 1 0
65 2 46 1 0
66 2 47 1 0
48 2 48 1 0
49 2 49 1 0
50 2 50 1 0
32 2 51 1 0
4 27 52 0 1
4 6 44 0 1
42 51 44 3 0
42 50 45 1 0
65 50 46 1 0
66 50 47 1 0
48 50 48 1 0
25 50 49 1 0
29 50 50 1 0
4 13 51 0 1
4 19 45 0 1
65 4 45 1 0
66 4 46 1 0
48 4 47 1 0
49 4 48 1 0
50 4 49 1 0
32 4 50 1 0
4 10 51 0 1
4 23 31 0 1
4 24 29 0 1
10 55 24 1 0
3 55 25 1 0
54 55 26 1 0
56 55 27 1 0
26 55 28 2 0
55 54 29 1 0
47 54 30 2 0
48 50 31 1 0
25 50 32 1 0
29 50 33 1 0
4 13 34 0 1
4 11 31 0 1
4 24 29 0 1
4 21 23 0 1
4 21 14 0 1
4 21 8 0 1
