1 0 1 0
25 1 1 0
60 2 1 0
75 3 1 0
0 4 1 0
21 5 1 0
58 6 4 0
23 7 1 0
4 8 0 1
4 7 0 1
76 7 1 0
4 8 0 1
19 7 4 0
4 8 0 1
20 8 1 0
22 9 1 0
2 10 1 0
51 11 4 0
55 12 1 0
4 13 0 1
55 12 1 0
4 13 0 1
53 12 2 0
69 13 1 0
4 14 0 1
52 13 4 0
42 14 1 0
4 15 0 1
4 14 0 1
41 14 1 0
40 15 2 0
82 16 1 0
81 17 1 0
78 18 2 0
79 19 1 0
76 20 1 0
4 21 0 1
31 19 2 0
4 20 0 1
4 20 0 1
88 16 1 0
42 17 1 0
4 18 0 1
4 14 0 1
50 12 1 0
16 13 3 0
4 14 0 1
18 14 1 0
17 15 1 0
3 16 1 0
71 17 1 0
74 18 1 0
36 19 2 0
72 20 1 0
54 21 3 0
56 22 1 0
86 23 1 0
4 24 0 1
4 22 0 1
4 22 0 1
4 20 0 1
4 14 0 1
20 8 1 0
22 9 1 0
2 10 1 0
51 11 4 0
55 12 1 0
4 13 0 1
55 12 1 0
4 13 0 1
53 12 2 0
69 13 1 0
4 14 0 1
52 13 3 0
42 14 1 0
4 15 0 1
4 14 0 1
4 14 0 1
50 12 1 0
16 13 3 0
4 14 0 1
18 14 6 0
17 15 1 0
48 16 2 0
47 17 2 0
49 18 1 0
82 19 1 0
81 20 1 0
79 21 3 0
61 22 3 0
42 23 1 0
4 24 0 1
4 23 0 1
61 23 1 0
42 24 1 0
4 25 0 1
4 22 0 1
76 22 1 0
4 23 0 1
89 18 1 0
87 19 1 0
88 20 1 0
42 21 1 0
4 22 0 1
4 17 0 1
17 15 1 0
3 16 1 0
71 17 1 0
74 18 1 0
36 19 2 0
72 20 1 0
12 21 3 0
45 22 1 0
35 23 1 0
42 24 1 0
4 25 0 1
14 22 1 0
4 23 0 1
34 22 1 0
13 23 1 0
27 24 1 0
28 25 1 0
26 26 1 0
43 27 1 0
33 28 1 0
7 29 1 0
32 30 1 0
68 31 1 0
70 32 1 0
5 33 1 0
57 34 1 0
83 35 1 0
84 36 1 0
64 37 1 0
65 38 1 0
66 39 1 0
85 40 5 0
4 41 0 1
24 41 5 0
42 42 1 0
4 43 0 1
4 42 0 1
42 42 1 0
4 43 0 1
4 42 0 1
42 42 1 0
4 43 0 1
4 41 0 1
8 41 1 0
34 42 1 0
13 43 1 0
27 44 1 0
28 45 1 0
26 46 1 0
43 47 1 0
33 48 1 0
7 49 1 0
32 50 1 0
68 51 1 0
70 52 1 0
5 53 1 0
57 54 1 0
83 55 1 0
84 56 1 0
64 57 1 0
35 58 3 0
6 59 1 0
42 60 1 0
4 61 0 1
4 59 0 1
42 59 1 0
4 60 0 1
4 41 0 1
4 20 0 1
17 15 1 0
48 16 2 0
47 17 2 0
49 18 1 0
82 19 1 0
81 20 1 0
78 21 2 0
80 22 1 0
59 23 1 0
44 24 1 0
4 25 0 1
31 22 2 0
4 23 0 1
4 23 0 1
89 18 1 0
87 19 1 0
88 20 1 0
42 21 1 0
4 22 0 1
4 17 0 1
17 15 1 0
3 16 1 0
71 17 1 0
74 18 1 0
36 19 2 0
72 20 1 0
12 21 3 0
45 22 1 0
35 23 1 0
42 24 1 0
4 25 0 1
14 22 1 0
4 23 0 1
34 22 1 0
13 23 1 0
27 24 1 0
28 25 1 0
26 26 1 0
43 27 1 0
33 28 1 0
7 29 1 0
32 30 1 0
68 31 1 0
70 32 1 0
5 33 1 0
57 34 1 0
83 35 1 0
84 36 1 0
64 37 1 0
65 38 1 0
10 39 1 0
11 40 3 0
4 41 0 1
67 41 1 0
59 42 1 0
44 43 1 0
4 44 0 1
30 41 1 0
29 42 3 0
4 43 0 1
34 43 1 0
13 44 1 0
27 45 1 0
28 46 1 0
26 47 1 0
43 48 1 0
33 49 1 0
7 50 1 0
32 51 1 0
68 52 1 0
70 53 1 0
5 54 1 0
57 55 1 0
83 56 1 0
84 57 1 0
64 58 1 0
65 59 1 0
66 60 1 0
46 61 1 0
4 62 0 1
4 43 0 1
4 20 0 1
17 15 1 0
3 16 1 0
71 17 1 0
38 18 1 0
15 19 9 0
4 20 0 1
4 20 0 1
37 20 1 0
47 21 2 0
49 22 1 0
82 23 1 0
80 24 1 0
59 25 1 0
44 26 1 0
4 27 0 1
89 22 1 0
87 23 3 0
88 24 1 0
42 25 1 0
4 26 0 1
4 24 0 1
90 24 1 0
34 25 1 0
13 26 1 0
27 27 1 0
28 28 1 0
26 29 1 0
43 30 1 0
33 31 1 0
7 32 1 0
32 33 1 0
68 34 1 0
70 35 1 0
5 36 1 0
57 37 1 0
83 38 1 0
84 39 1 0
64 40 1 0
65 41 1 0
66 42 1 0
46 43 1 0
4 44 0 1
4 20 0 1
34 20 1 0
13 21 1 0
27 22 1 0
28 23 1 0
26 24 1 0
43 25 1 0
33 26 1 0
7 27 1 0
32 28 1 0
68 29 3 0
68 30 1 0
70 31 1 0
5 32 1 0
57 33 1 0
83 34 1 0
84 35 1 0
64 36 1 0
35 37 1 0
42 38 1 0
4 39 0 1
4 30 0 1
70 30 1 0
5 31 1 0
57 32 1 0
83 33 1 0
84 34 1 0
64 35 1 0
65 36 1 0
66 37 1 0
46 38 1 0
4 39 0 1
4 20 0 1
39 20 1 0
73 21 1 0
72 22 1 0
63 23 2 0
64 24 1 0
35 25 1 0
42 26 1 0
4 27 0 1
4 24 0 1
4 20 0 1
3 20 1 0
71 21 1 0
74 22 1 0
16 23 3 0
4 24 0 1
18 24 2 0
17 25 1 0
3 26 1 0
71 27 1 0
74 28 1 0
36 29 2 0
72 30 1 0
54 31 6 0
77 32 1 0
61 33 3 0
42 34 1 0
4 35 0 1
4 34 0 1
61 34 1 0
42 35 1 0
4 36 0 1
4 32 0 1
42 32 1 0
4 33 0 1
4 32 0 1
8 32 1 0
34 33 1 0
13 34 1 0
27 35 1 0
28 36 1 0
26 37 1 0
43 38 1 0
33 39 1 0
7 40 1 0
32 41 1 0
68 42 1 0
70 43 1 0
5 44 1 0
57 45 1 0
83 46 1 0
84 47 1 0
64 48 1 0
65 49 1 0
66 50 1 0
46 51 1 0
4 52 0 1
4 32 0 1
4 30 0 1
17 25 1 0
3 26 1 0
71 27 1 0
74 28 1 0
36 29 2 0
72 30 1 0
12 31 3 0
45 32 1 0
9 33 4 0
35 34 1 0
42 35 1 0
4 36 0 1
4 34 0 1
34 34 1 0
13 35 1 0
27 36 1 0
28 37 1 0
26 38 1 0
43 39 1 0
33 40 1 0
7 41 1 0
32 42 1 0
68 43 1 0
70 44 1 0
5 45 1 0
57 46 1 0
83 47 1 0
84 48 1 0
64 49 1 0
35 50 1 0
42 51 1 0
4 52 0 1
4 34 0 1
14 32 1 0
4 33 0 1
34 32 1 0
13 33 1 0
27 34 1 0
28 35 1 0
26 36 1 0
43 37 1 0
33 38 1 0
7 39 1 0
32 40 1 0
68 41 1 0
70 42 1 0
5 43 1 0
57 44 1 0
83 45 1 0
84 46 1 0
64 47 1 0
65 48 1 0
66 49 5 0
77 50 1 0
61 51 1 0
42 52 1 0
4 53 0 1
4 50 0 1
42 50 1 0
4 51 0 1
4 50 0 1
4 50 0 1
4 30 0 1
4 24 0 1
17 15 1 0
3 16 1 0
71 17 1 0
38 18 1 0
15 19 9 0
4 20 0 1
4 20 0 1
37 20 1 0
47 21 2 0
49 22 1 0
82 23 1 0
80 24 1 0
59 25 1 0
44 26 1 0
4 27 0 1
89 22 1 0
87 23 3 0
88 24 1 0
42 25 1 0
4 26 0 1
4 24 0 1
90 24 1 0
34 25 1 0
13 26 1 0
27 27 1 0
28 28 1 0
26 29 1 0
43 30 1 0
33 31 1 0
7 32 1 0
32 33 1 0
68 34 1 0
70 35 1 0
5 36 1 0
57 37 1 0
83 38 1 0
84 39 1 0
64 40 1 0
65 41 1 0
66 42 1 0
46 43 1 0
4 44 0 1
4 20 0 1
34 20 1 0
13 21 1 0
27 22 1 0
28 23 1 0
26 24 1 0
43 25 1 0
33 26 1 0
7 27 1 0
32 28 1 0
68 29 3 0
68 30 1 0
70 31 1 0
5 32 1 0
57 33 1 0
83 34 1 0
84 35 1 0
64 36 1 0
35 37 1 0
42 38 1 0
4 39 0 1
4 30 0 1
70 30 1 0
5 31 1 0
57 32 1 0
83 33 1 0
84 34 1 0
64 35 1 0
65 36 1 0
66 37 1 0
46 38 1 0
4 39 0 1
4 20 0 1
39 20 1 0
73 21 1 0
72 22 1 0
62 23 2 0
64 24 1 0
35 25 1 0
42 26 1 0
4 27 0 1
4 24 0 1
4 20 0 1
3 20 1 0
71 21 1 0
74 22 1 0
16 23 3 0
4 24 0 1
18 24 1 0
17 25 1 0
3 26 1 0
71 27 1 0
74 28 1 0
36 29 2 0
72 30 1 0
54 31 6 0
77 32 1 0
61 33 3 0
42 34 1 0
4 35 0 1
4 34 0 1
61 34 1 0
42 35 1 0
4 36 0 1
4 32 0 1
42 32 1 0
4 33 0 1
4 32 0 1
8 32 1 0
34 33 1 0
13 34 1 0
27 35 1 0
28 36 1 0
26 37 1 0
43 38 1 0
33 39 1 0
7 40 1 0
32 41 1 0
68 42 1 0
70 43 1 0
5 44 1 0
57 45 1 0
83 46 1 0
84 47 1 0
64 48 1 0
65 49 1 0
66 50 4 0
35 51 1 0
42 52 1 0
4 53 0 1
4 51 0 1
34 51 1 0
13 52 1 0
27 53 1 0
28 54 1 0
26 55 1 0
43 56 1 0
33 57 1 0
7 58 1 0
32 59 1 0
68 60 1 0
70 61 1 0
5 62 1 0
57 63 1 0
83 64 1 0
84 65 1 0
64 66 1 0
35 67 1 0
42 68 1 0
4 69 0 1
4 51 0 1
4 32 0 1
4 30 0 1
4 24 0 1
4 14 0 1
4 8 0 1
