1 0 1 0
24 1 1 0
61 2 1 0
76 3 1 0
0 4 1 0
21 5 1 0
59 6 3 0
4 7 0 1
77 7 1 0
4 8 0 1
19 7 5 0
4 8 0 1
20 8 1 0
22 9 1 0
36 10 4 0
37 11 1 0
4 12 0 1
83 11 1 0
82 12 1 0
79 13 2 0
81 14 1 0
60 15 1 0
45 16 1 0
4 17 0 1
30 14 2 0
4 15 0 1
4 15 0 1
90 11 1 0
88 12 3 0
89 13 1 0
43 14 1 0
4 15 0 1
4 13 0 1
91 13 1 0
33 14 1 0
13 15 1 0
26 16 1 0
27 17 1 0
25 18 1 0
44 19 1 0
32 20 1 0
7 21 1 0
31 22 1 0
69 23 1 0
71 24 1 0
5 25 1 0
58 26 1 0
84 27 1 0
85 28 1 0
65 29 1 0
66 30 1 0
10 31 1 0
11 32 3 0
4 33 0 1
68 33 1 0
60 34 1 0
45 35 1 0
4 36 0 1
29 33 1 0
28 34 3 0
4 35 0 1
33 35 1 0
13 36 1 0
26 37 1 0
27 38 1 0
25 39 1 0
44 40 1 0
32 41 1 0
7 42 1 0
31 43 1 0
69 44 1 0
71 45 1 0
5 46 1 0
58 47 1 0
84 48 1 0
85 49 1 0
65 50 1 0
66 51 1 0
67 52 1 0
47 53 1 0
4 54 0 1
4 35 0 1
4 11 0 1
20 8 1 0
22 9 1 0
2 10 1 0
52 11 4 0
56 12 1 0
4 13 0 1
56 12 1 0
4 13 0 1
54 12 2 0
70 13 1 0
4 14 0 1
53 13 4 0
43 14 1 0
4 15 0 1
4 14 0 1
42 14 1 0
41 15 2 0
83 16 1 0
82 17 1 0
79 18 2 0
80 19 1 0
77 20 1 0
4 21 0 1
30 19 2 0
4 20 0 1
4 20 0 1
89 16 1 0
43 17 1 0
4 18 0 1
4 14 0 1
51 12 1 0
16 13 3 0
4 14 0 1
18 14 5 0
17 15 1 0
49 16 2 0
48 17 2 0
50 18 1 0
83 19 1 0
82 20 1 0
80 21 3 0
62 22 3 0
43 23 1 0
4 24 0 1
4 23 0 1
62 23 1 0
43 24 1 0
4 25 0 1
4 22 0 1
77 22 1 0
4 23 0 1
90 18 1 0
88 19 3 0
89 20 1 0
43 21 1 0
4 22 0 1
4 20 0 1
91 20 1 0
33 21 1 0
13 22 1 0
26 23 1 0
27 24 1 0
25 25 1 0
44 26 1 0
32 27 1 0
7 28 1 0
31 29 1 0
69 30 1 0
71 31 1 0
5 32 1 0
58 33 1 0
84 34 1 0
85 35 1 0
65 36 1 0
66 37 1 0
67 38 1 0
86 39 5 0
4 40 0 1
23 40 5 0
43 41 1 0
4 42 0 1
4 41 0 1
43 41 1 0
4 42 0 1
4 41 0 1
43 41 1 0
4 42 0 1
4 40 0 1
8 40 1 0
33 41 1 0
13 42 1 0
26 43 1 0
27 44 1 0
25 45 1 0
44 46 1 0
32 47 1 0
7 48 1 0
31 49 1 0
69 50 1 0
71 51 1 0
5 52 1 0
58 53 1 0
84 54 1 0
85 55 1 0
65 56 1 0
34 57 3 0
6 58 1 0
43 59 1 0
4 60 0 1
4 58 0 1
43 58 1 0
4 59 0 1
4 40 0 1
4 17 0 1
17 15 1 0
49 16 2 0
48 17 2 0
50 18 1 0
83 19 1 0
81 20 1 0
60 21 1 0
45 22 1 0
4 23 0 1
90 18 1 0
88 19 3 0
89 20 1 0
43 21 1 0
4 22 0 1
4 20 0 1
91 20 1 0
33 21 1 0
13 22 1 0
26 23 1 0
27 24 1 0
25 25 1 0
44 26 1 0
32 27 1 0
7 28 1 0
31 29 1 0
69 30 1 0
71 31 1 0
5 32 1 0
58 33 1 0
84 34 1 0
85 35 1 0
65 36 1 0
66 37 1 0
67 38 1 0
47 39 1 0
4 40 0 1
4 17 0 1
17 15 1 0
49 16 2 0
48 17 2 0
50 18 1 0
83 19 1 0
81 20 1 0
60 21 1 0
45 22 1 0
4 23 0 1
90 18 1 0
88 19 3 0
89 20 1 0
43 21 1 0
4 22 0 1
4 20 0 1
91 20 1 0
33 21 1 0
13 22 1 0
26 23 1 0
27 24 1 0
25 25 1 0
44 26 1 0
32 27 1 0
7 28 1 0
31 29 1 0
69 30 1 0
71 31 1 0
5 32 1 0
58 33 1 0
84 34 1 0
85 35 1 0
65 36 1 0
66 37 1 0
67 38 1 0
47 39 1 0
4 40 0 1
4 17 0 1
17 15 1 0
3 16 1 0
72 17 1 0
92 18 5 0
4 19 0 1
4 19 0 1
33 19 1 0
13 20 1 0
26 21 1 0
27 22 1 0
25 23 1 0
44 24 1 0
32 25 1 0
7 26 1 0
31 27 1 0
69 28 3 0
69 29 1 0
71 30 1 0
5 31 1 0
58 32 1 0
84 33 1 0
85 34 1 0
65 35 1 0
34 36 1 0
43 37 1 0
4 38 0 1
4 29 0 1
71 29 1 0
5 30 1 0
58 31 1 0
84 32 1 0
85 33 1 0
65 34 1 0
66 35 1 0
67 36 1 0
47 37 1 0
4 38 0 1
4 19 0 1
3 19 1 0
72 20 1 0
75 21 1 0
16 22 3 0
4 23 0 1
18 23 4 0
17 24 1 0
3 25 1 0
72 26 1 0
75 27 1 0
35 28 2 0
73 29 1 0
55 30 6 0
78 31 1 0
62 32 3 0
43 33 1 0
4 34 0 1
4 33 0 1
62 33 1 0
43 34 1 0
4 35 0 1
4 31 0 1
43 31 1 0
4 32 0 1
4 31 0 1
8 31 1 0
33 32 1 0
13 33 1 0
26 34 1 0
27 35 1 0
25 36 1 0
44 37 1 0
32 38 1 0
7 39 1 0
31 40 1 0
69 41 1 0
71 42 1 0
5 43 1 0
58 44 1 0
84 45 1 0
85 46 1 0
65 47 1 0
66 48 1 0
67 49 1 0
47 50 1 0
4 51 0 1
4 31 0 1
4 29 0 1
17 24 1 0
3 25 1 0
72 26 1 0
75 27 1 0
35 28 2 0
73 29 1 0
12 30 3 0
46 31 1 0
9 32 4 0
34 33 1 0
43 34 1 0
4 35 0 1
4 33 0 1
33 33 1 0
13 34 1 0
26 35 1 0
27 36 1 0
25 37 1 0
44 38 1 0
32 39 1 0
7 40 1 0
31 41 1 0
69 42 1 0
71 43 1 0
5 44 1 0
58 45 1 0
84 46 1 0
85 47 1 0
65 48 1 0
34 49 1 0
43 50 1 0
4 51 0 1
4 33 0 1
14 31 1 0
4 32 0 1
33 31 1 0
13 32 1 0
26 33 1 0
27 34 1 0
25 35 1 0
44 36 1 0
32 37 1 0
7 38 1 0
31 39 1 0
69 40 1 0
71 41 1 0
5 42 1 0
58 43 1 0
84 44 1 0
85 45 1 0
65 46 1 0
66 47 1 0
67 48 5 0
78 49 1 0
62 50 1 0
43 51 1 0
4 52 0 1
4 49 0 1
43 49 1 0
4 50 0 1
4 49 0 1
4 49 0 1
4 29 0 1
17 24 1 0
3 25 1 0
72 26 1 0
75 27 1 0
35 28 2 0
73 29 1 0
64 30 2 0
65 31 1 0
34 32 1 0
43 33 1 0
4 34 0 1
4 31 0 1
4 29 0 1
17 24 1 0
3 25 1 0
72 26 1 0
75 27 1 0
35 28 2 0
73 29 1 0
63 30 2 0
65 31 1 0
34 32 1 0
43 33 1 0
4 34 0 1
4 31 0 1
4 29 0 1
4 23 0 1
17 15 1 0
3 16 1 0
72 17 1 0
75 18 1 0
35 19 2 0
73 20 1 0
55 21 3 0
57 22 1 0
87 23 1 0
4 24 0 1
4 22 0 1
4 22 0 1
4 20 0 1
4 14 0 1
20 8 1 0
22 9 1 0
2 10 1 0
52 11 3 0
56 12 1 0
4 13 0 1
54 12 2 0
70 13 1 0
4 14 0 1
53 13 3 0
43 14 1 0
4 15 0 1
4 14 0 1
4 14 0 1
51 12 1 0
16 13 3 0
4 14 0 1
18 14 1 0
17 15 1 0
3 16 1 0
72 17 1 0
39 18 1 0
15 19 9 0
4 20 0 1
4 20 0 1
38 20 1 0
48 21 2 0
50 22 1 0
83 23 1 0
81 24 1 0
60 25 1 0
45 26 1 0
4 27 0 1
90 22 1 0
88 23 3 0
89 24 1 0
43 25 1 0
4 26 0 1
4 24 0 1
91 24 1 0
33 25 1 0
13 26 1 0
26 27 1 0
27 28 1 0
25 29 1 0
44 30 1 0
32 31 1 0
7 32 1 0
31 33 1 0
69 34 1 0
71 35 1 0
5 36 1 0
58 37 1 0
84 38 1 0
85 39 1 0
65 40 1 0
66 41 1 0
67 42 1 0
47 43 1 0
4 44 0 1
4 20 0 1
33 20 1 0
13 21 1 0
26 22 1 0
27 23 1 0
25 24 1 0
44 25 1 0
32 26 1 0
7 27 1 0
31 28 1 0
69 29 3 0
69 30 1 0
71 31 1 0
5 32 1 0
58 33 1 0
84 34 1 0
85 35 1 0
65 36 1 0
34 37 1 0
43 38 1 0
4 39 0 1
4 30 0 1
71 30 1 0
5 31 1 0
58 32 1 0
84 33 1 0
85 34 1 0
65 35 1 0
66 36 1 0
67 37 1 0
47 38 1 0
4 39 0 1
4 20 0 1
40 20 1 0
74 21 1 0
73 22 1 0
64 23 2 0
65 24 1 0
34 25 1 0
43 26 1 0
4 27 0 1
4 24 0 1
4 20 0 1
3 20 1 0
72 21 1 0
75 22 1 0
16 23 3 0
4 24 0 1
18 24 1 0
17 25 1 0
3 26 1 0
72 27 1 0
75 28 1 0
35 29 2 0
73 30 1 0
55 31 6 0
78 32 1 0
62 33 3 0
43 34 1 0
4 35 0 1
4 34 0 1
62 34 1 0
43 35 1 0
4 36 0 1
4 32 0 1
43 32 1 0
4 33 0 1
4 32 0 1
8 32 1 0
33 33 1 0
13 34 1 0
26 35 1 0
27 36 1 0
25 37 1 0
44 38 1 0
32 39 1 0
7 40 1 0
31 41 1 0
69 42 1 0
71 43 1 0
5 44 1 0
58 45 1 0
84 46 1 0
85 47 1 0
65 48 1 0
66 49 1 0
67 50 4 0
34 51 1 0
43 52 1 0
4 53 0 1
4 51 0 1
33 51 1 0
13 52 1 0
26 53 1 0
27 54 1 0
25 55 1 0
44 56 1 0
32 57 1 0
7 58 1 0
31 59 1 0
69 60 1 0
71 61 1 0
5 62 3 0
5 63 1 0
58 64 1 0
84 65 1 0
85 66 1 0
65 67 1 0
66 68 1 0
67 69 1 0
47 70 1 0
4 71 0 1
4 63 0 1
58 63 1 0
84 64 1 0
85 65 1 0
65 66 1 0
34 67 1 0
43 68 1 0
4 69 0 1
4 51 0 1
4 32 0 1
4 30 0 1
4 24 0 1
4 14 0 1
4 8 0 1
